 6.350104e-30   2.365148e-30   2.684866e+00
 7.213102e-30   2.355506e-30   3.062231e+00
 7.372777e-30   2.591774e-30   2.844684e+00
 6.890539e-30   2.257893e-30   3.051756e+00
 8.193918e-30   1.754716e-30   4.669656e+00
 9.591002e-30   1.894595e-30   5.062296e+00
 8.404714e-30   2.216702e-30   3.791540e+00
 8.090674e-30   2.087410e-30   3.875940e+00
 7.665796e-30   2.321630e-30   3.301903e+00
 7.656340e-30   1.887475e-30   4.056393e+00
 9.330641e-30   1.952821e-30   4.778031e+00
 8.735642e-30   2.247378e-30   3.887038e+00
 8.785826e-30   2.266678e-30   3.876080e+00
 6.818086e-30   2.610223e-30   2.612070e+00
 8.977522e-30   1.711987e-30   5.243920e+00
 7.150715e-30   2.038967e-30   3.507027e+00
 6.871497e-30   2.940569e-30   2.336792e+00
 8.755019e-30   1.884479e-30   4.645857e+00
 7.344674e-30   2.267832e-30   3.238632e+00
 6.888602e-30   1.988407e-30   3.464382e+00
 8.656565e-30   1.638761e-30   5.282385e+00
 7.198849e-30   2.040907e-30   3.527280e+00
 9.035620e-30   1.932111e-30   4.676554e+00
 7.882326e-30   1.865088e-30   4.226250e+00
 8.113983e-30   2.452219e-30   3.308833e+00
 9.750476e-30   1.972757e-30   4.942563e+00
 7.168093e-30   2.358941e-30   3.038691e+00
 8.978561e-30   2.004823e-30   4.478481e+00
 1.002598e-29   1.712987e-30   5.852925e+00
 8.136768e-30   1.982714e-30   4.103853e+00
 6.213578e-30   2.550696e-30   2.436032e+00
 6.791020e-30   2.668038e-30   2.545324e+00
 6.806946e-30   2.616625e-30   2.601422e+00
 8.477252e-30   2.286798e-30   3.707040e+00
 1.013905e-29   1.850228e-30   5.479895e+00
 8.562535e-30   2.360908e-30   3.626797e+00
 7.389385e-30   2.308679e-30   3.200699e+00
 7.734185e-30   2.093319e-30   3.694700e+00
 8.599144e-30   2.073490e-30   4.147183e+00
 9.122020e-30   1.931876e-30   4.721845e+00
 8.997769e-30   1.899927e-30   4.735849e+00
 7.286313e-30   2.238362e-30   3.255199e+00
 7.821021e-30   2.074397e-30   3.770262e+00
 7.565172e-30   1.992146e-30   3.797499e+00
 7.320194e-30   1.933633e-30   3.785721e+00
 1.050764e-29   1.790192e-30   5.869563e+00
 5.877267e-30   2.491438e-30   2.358986e+00
 6.748529e-30   2.549878e-30   2.646608e+00
 8.166012e-30   2.636617e-30   3.097155e+00
 8.311219e-30   2.227907e-30   3.730505e+00
 6.240652e-30   2.138575e-30   2.918136e+00
 7.403609e-30   1.902821e-30   3.890859e+00
 7.558788e-30   2.052816e-30   3.682155e+00
 7.467261e-30   1.944631e-30   3.839938e+00
 9.091666e-30   1.831197e-30   4.964875e+00
 8.126090e-30   2.281091e-30   3.562369e+00
 6.957475e-30   2.347526e-30   2.963748e+00
 6.999546e-30   2.427485e-30   2.883456e+00
 9.155366e-30   1.799917e-30   5.086548e+00
 7.559549e-30   1.882932e-30   4.014775e+00
 8.453368e-30   2.388780e-30   3.538781e+00
 6.878861e-30   2.341122e-30   2.938275e+00
 8.541622e-30   2.015451e-30   4.238070e+00
 7.097295e-30   2.297012e-30   3.089794e+00
 6.668446e-30   2.266798e-30   2.941791e+00
 9.566690e-30   1.710167e-30   5.594010e+00
 8.298939e-30   1.974516e-30   4.203024e+00
 6.711018e-30   2.539932e-30   2.642204e+00
 7.360602e-30   1.886271e-30   3.902198e+00
 8.281007e-30   2.321282e-30   3.567428e+00
 6.198717e-30   2.247624e-30   2.757898e+00
 7.874197e-30   2.481865e-30   3.172693e+00
 7.317981e-30   2.261509e-30   3.235885e+00
 6.875394e-30   2.568940e-30   2.676355e+00
 9.462150e-30   1.748419e-30   5.411832e+00
 7.480697e-30   2.457386e-30   3.044168e+00
 6.938579e-30   2.597241e-30   2.671519e+00
 7.799002e-30   2.332611e-30   3.343464e+00
 8.132069e-30   2.214966e-30   3.671419e+00
 8.718762e-30   2.285009e-30   3.815635e+00
 8.813246e-30   1.882633e-30   4.681340e+00
 7.077749e-30   2.346694e-30   3.016051e+00
 8.669324e-30   1.862677e-30   4.654227e+00
 7.828013e-30   2.511077e-30   3.117393e+00
 5.593356e-30   2.599452e-30   2.151744e+00
 5.881554e-30   2.003817e-30   2.935176e+00
 9.392884e-30   1.895054e-30   4.956524e+00
 8.813357e-30   2.246433e-30   3.923267e+00
 7.006585e-30   2.314084e-30   3.027801e+00
 7.187735e-30   2.191227e-30   3.280233e+00
 6.965567e-30   2.340405e-30   2.976223e+00
 9.448368e-30   1.886565e-30   5.008240e+00
 7.289720e-30   2.481026e-30   2.938188e+00
 7.473212e-30   2.211794e-30   3.378800e+00
 9.031703e-30   1.961339e-30   4.604867e+00
 6.639006e-30   2.261413e-30   2.935778e+00
 9.074288e-30   2.008832e-30   4.517196e+00
 9.086425e-30   1.891171e-30   4.804655e+00
 7.270164e-30   2.514073e-30   2.891787e+00
 8.328533e-30   2.128382e-30   3.913082e+00
 9.170069e-30   1.496442e-30   6.127913e+00
 7.203202e-30   1.962006e-30   3.671345e+00
 7.099901e-30   2.270688e-30   3.126761e+00
 7.278522e-30   2.106058e-30   3.455993e+00
 9.400667e-30   1.942148e-30   4.840346e+00
 7.039254e-30   2.421356e-30   2.907154e+00
 8.354851e-30   2.060172e-30   4.055414e+00
 6.883443e-30   2.090508e-30   3.292712e+00
 8.692355e-30   1.905241e-30   4.562338e+00
 9.581410e-30   1.791611e-30   5.347929e+00
 9.105899e-30   2.079689e-30   4.378491e+00
 7.016142e-30   2.151455e-30   3.261114e+00
 8.433589e-30   2.159212e-30   3.905865e+00
 6.922041e-30   2.421524e-30   2.858547e+00
 6.173021e-30   2.428486e-30   2.541922e+00
 8.736394e-30   1.988215e-30   4.394089e+00
 7.985220e-30   1.980029e-30   4.032881e+00
 7.988235e-30   1.740906e-30   4.588550e+00
 8.196948e-30   1.917149e-30   4.275592e+00
 7.132835e-30   1.977710e-30   3.606614e+00
 4.870429e-30   2.435863e-30   1.999468e+00
 7.296706e-30   1.904471e-30   3.831356e+00
 6.745123e-30   2.772578e-30   2.432798e+00
 8.989216e-30   1.833997e-30   4.901434e+00
 7.246727e-30   1.968611e-30   3.681137e+00
 5.964556e-30   2.434713e-30   2.449799e+00
 9.662846e-30   1.566061e-30   6.170158e+00
 6.078175e-30   1.967356e-30   3.089514e+00
 8.264051e-30   2.071637e-30   3.989140e+00
 8.127486e-30   2.727324e-30   2.980022e+00
 9.719778e-30   2.383173e-30   4.078503e+00
 9.158574e-30   2.027445e-30   4.517298e+00
 9.191604e-30   1.941511e-30   4.734253e+00
 9.075430e-30   2.069195e-30   4.385970e+00
 6.691844e-30   2.411123e-30   2.775406e+00
 6.197857e-30   2.490088e-30   2.489011e+00
 7.056350e-30   2.258265e-30   3.124677e+00
 7.313419e-30   1.927018e-30   3.795200e+00
 6.983300e-30   2.381046e-30   2.932871e+00
 6.957693e-30   1.929360e-30   3.606219e+00
 8.222662e-30   1.938071e-30   4.242703e+00
 6.941978e-30   2.432612e-30   2.853714e+00
 7.876574e-30   2.461897e-30   3.199392e+00
 9.006601e-30   1.953837e-30   4.609698e+00
 8.207966e-30   2.056198e-30   3.991818e+00
 7.330733e-30   1.862381e-30   3.936216e+00
 7.560158e-30   2.051301e-30   3.685543e+00
 6.952698e-30   2.413458e-30   2.880804e+00
 9.752513e-30   1.879212e-30   5.189681e+00
 8.956744e-30   2.215180e-30   4.043349e+00
 8.417621e-30   1.935197e-30   4.349748e+00
 5.924865e-30   2.110585e-30   2.807214e+00
 6.872387e-30   2.600579e-30   2.642637e+00
 8.783958e-30   2.244184e-30   3.914099e+00
 8.133779e-30   1.743219e-30   4.665953e+00
 9.769321e-30   2.009409e-30   4.861788e+00
 7.178178e-30   2.318725e-30   3.095744e+00
 8.245831e-30   2.549504e-30   3.234289e+00
 7.235045e-30   2.247528e-30   3.219111e+00
 7.009966e-30   2.317508e-30   3.024786e+00
 7.322421e-30   2.013023e-30   3.637525e+00
 8.560433e-30   1.984673e-30   4.313271e+00
 9.233813e-30   1.959760e-30   4.711706e+00
 9.457494e-30   1.941725e-30   4.870667e+00
 8.084546e-30   1.862895e-30   4.339775e+00
 6.858838e-30   2.501672e-30   2.741701e+00
 9.103813e-30   1.810153e-30   5.029306e+00
 7.948005e-30   2.141848e-30   3.710816e+00
 6.565915e-30   2.724311e-30   2.410119e+00
 9.351971e-30   1.891794e-30   4.943441e+00
 6.331767e-30   1.985802e-30   3.188519e+00
 6.980669e-30   2.293378e-30   3.043837e+00
 8.245737e-30   2.028328e-30   4.065287e+00
 9.605978e-30   1.972980e-30   4.868765e+00
 9.082510e-30   2.174419e-30   4.176983e+00
 8.843123e-30   2.333014e-30   3.790428e+00
 5.602803e-30   2.429602e-30   2.306058e+00
 6.913676e-30   2.444476e-30   2.828286e+00
 6.239573e-30   1.617112e-30   3.858466e+00
 8.483828e-30   2.389706e-30   3.550156e+00
 7.297456e-30   1.927310e-30   3.786342e+00
 8.927663e-30   2.225363e-30   4.011779e+00
 6.937831e-30   2.262888e-30   3.065919e+00
 9.336104e-30   1.976325e-30   4.723971e+00
 7.177220e-30   2.692758e-30   2.665378e+00
 8.871582e-30   2.139256e-30   4.147041e+00
 8.009200e-30   2.759929e-30   2.901959e+00
 9.432459e-30   1.890804e-30   4.988598e+00
 5.509705e-30   1.953181e-30   2.820889e+00
 7.133324e-30   2.364796e-30   3.016464e+00
 6.957408e-30   2.273498e-30   3.060221e+00
 7.897880e-30   1.698483e-30   4.649962e+00
 9.657566e-30   1.670128e-30   5.782529e+00
 8.659521e-30   2.211883e-30   3.914999e+00
 8.454174e-30   2.275781e-30   3.714846e+00
 8.879538e-30   1.870015e-30   4.748379e+00
 6.815959e-30   2.437392e-30   2.796415e+00
 8.575954e-30   2.591593e-30   3.309144e+00
 6.578007e-30   2.382550e-30   2.760910e+00
 6.826732e-30   2.393292e-30   2.852444e+00
 6.753606e-30   2.335184e-30   2.892109e+00
 9.505173e-30   1.626393e-30   5.844328e+00
 7.612745e-30   2.392171e-30   3.182358e+00
 8.390386e-30   1.891855e-30   4.435005e+00
 9.644833e-30   1.743775e-30   5.531007e+00
 6.943724e-30   2.359827e-30   2.942472e+00
 7.098033e-30   2.198883e-30   3.228018e+00
 8.762931e-30   2.149666e-30   4.076416e+00
 8.611884e-30   2.050602e-30   4.199686e+00
 6.502753e-30   2.147594e-30   3.027924e+00
 9.327564e-30   1.903185e-30   4.901028e+00
 8.693137e-30   2.285512e-30   3.803584e+00
 9.392319e-30   1.715339e-30   5.475487e+00
 7.434837e-30   2.017320e-30   3.685501e+00
 5.713395e-30   2.512205e-30   2.274255e+00
 6.877100e-30   2.068270e-30   3.325049e+00
 8.109615e-30   2.151825e-30   3.768715e+00
 7.131154e-30   2.265642e-30   3.147520e+00
 7.179668e-30   2.092464e-30   3.431203e+00
 7.916356e-30   2.300203e-30   3.441590e+00
 7.923226e-30   2.280771e-30   3.473924e+00
 7.490906e-30   1.909934e-30   3.922076e+00
 7.307258e-30   2.333551e-30   3.131390e+00
 6.979990e-30   2.298094e-30   3.037295e+00
 8.893011e-30   1.866700e-30   4.764029e+00
 8.614306e-30   2.210179e-30   3.897560e+00
 9.066592e-30   1.989268e-30   4.557753e+00
 7.535360e-30   2.269111e-30   3.320842e+00
 7.189573e-30   1.970912e-30   3.647841e+00
 6.053341e-30   2.329086e-30   2.599020e+00
 9.058473e-30   2.016682e-30   4.491770e+00
 7.524963e-30   1.717829e-30   4.380508e+00
 7.453953e-30   2.126260e-30   3.505665e+00
 6.857220e-30   2.350392e-30   2.917479e+00
 7.915073e-30   2.105540e-30   3.759166e+00
 7.991496e-30   2.266796e-30   3.525459e+00
 8.265401e-30   1.973688e-30   4.187794e+00
 7.241700e-30   2.179214e-30   3.323078e+00
 8.383564e-30   2.355939e-30   3.558481e+00
 8.211015e-30   2.515864e-30   3.263696e+00
 8.856138e-30   1.961795e-30   4.514304e+00
 7.342552e-30   2.342628e-30   3.134323e+00
 6.534591e-30   2.394976e-30   2.728458e+00
 7.404042e-30   2.419496e-30   3.060158e+00
 7.896739e-30   1.966380e-30   4.015876e+00
 5.725766e-30   2.567823e-30   2.229814e+00
 9.364063e-30   2.387684e-30   3.921819e+00
 8.253035e-30   1.858342e-30   4.441075e+00
 7.550829e-30   2.608542e-30   2.894655e+00
 7.545787e-30   1.505826e-30   5.011060e+00
 6.897458e-30   2.068821e-30   3.334004e+00
 9.296535e-30   1.988765e-30   4.674526e+00
 9.345833e-30   1.776901e-30   5.259625e+00
 6.913204e-30   2.478924e-30   2.788792e+00
 7.002268e-30   2.338099e-30   2.994855e+00
 8.086389e-30   2.064069e-30   3.917694e+00
 7.274072e-30   2.139484e-30   3.399918e+00
 9.364889e-30   1.751789e-30   5.345901e+00
 7.220310e-30   2.113315e-30   3.416581e+00
 6.925058e-30   1.906087e-30   3.633127e+00
 7.219533e-30   2.093075e-30   3.449247e+00
 9.244283e-30   1.929700e-30   4.790527e+00
 7.540305e-30   1.938706e-30   3.889350e+00
 9.570047e-30   1.595474e-30   5.998245e+00
 9.137398e-30   1.948755e-30   4.688839e+00
 9.606926e-30   1.860726e-30   5.162999e+00
 7.935685e-30   1.774037e-30   4.473234e+00
 9.093547e-30   1.880261e-30   4.836321e+00
 8.469834e-30   2.145566e-30   3.947599e+00
 7.217699e-30   2.051225e-30   3.518727e+00
 9.066881e-30   1.832913e-30   4.946706e+00
 8.564228e-30   2.517579e-30   3.401771e+00
 7.229287e-30   2.099921e-30   3.442648e+00
 7.565317e-30   3.034470e-30   2.493126e+00
 9.459106e-30   2.144531e-30   4.410805e+00
 9.891457e-30   2.053048e-30   4.817938e+00
 6.756813e-30   2.273790e-30   2.971608e+00
 7.097869e-30   2.371979e-30   2.992383e+00
 7.489931e-30   1.815181e-30   4.126271e+00
 8.583280e-30   1.825451e-30   4.702005e+00
 7.498223e-30   2.283320e-30   3.283912e+00
 6.975606e-30   2.371515e-30   2.941414e+00
 8.579474e-30   2.097306e-30   4.090711e+00
 7.260944e-30   2.584912e-30   2.808972e+00
 9.200930e-30   1.968436e-30   4.674234e+00
 9.267165e-30   1.954749e-30   4.740846e+00
 9.017203e-30   2.229613e-30   4.044290e+00
 7.832854e-30   2.004360e-30   3.907908e+00
 7.989513e-30   1.940504e-30   4.117237e+00
 8.078501e-30   2.468800e-30   3.272238e+00
 7.540671e-30   2.039721e-30   3.696913e+00
 9.522250e-30   1.975389e-30   4.820442e+00
 8.016529e-30   2.504089e-30   3.201375e+00
 6.805300e-30   2.687203e-30   2.532484e+00
 8.353145e-30   2.367614e-30   3.528086e+00
 8.260988e-30   2.567904e-30   3.217015e+00
 7.124002e-30   2.520000e-30   2.826985e+00
 7.168175e-30   2.279376e-30   3.144797e+00
 7.421741e-30   2.532746e-30   2.930314e+00
 8.989764e-30   2.159402e-30   4.163081e+00
 6.934603e-30   2.067580e-30   3.353971e+00
 8.863494e-30   2.071547e-30   4.278683e+00
 7.429187e-30   2.272415e-30   3.269292e+00
 7.196632e-30   2.402674e-30   2.995259e+00
 7.077316e-30   2.489433e-30   2.842943e+00
 8.373082e-30   2.286316e-30   3.662259e+00
 9.199371e-30   1.997771e-30   4.604817e+00
 6.047414e-30   2.744465e-30   2.203494e+00
 9.356742e-30   1.877965e-30   4.982384e+00
 6.865296e-30   2.292339e-30   2.994887e+00
 7.455559e-30   1.873974e-30   3.978475e+00
 9.054858e-30   1.960639e-30   4.618319e+00
 7.350766e-30   1.841572e-30   3.991571e+00
 6.147994e-30   2.221163e-30   2.767917e+00
 5.154354e-30   2.192379e-30   2.351033e+00
 8.879984e-30   1.864707e-30   4.762134e+00
 6.569855e-30   2.330077e-30   2.819587e+00
 8.034095e-30   1.698085e-30   4.731269e+00
 9.123348e-30   2.068654e-30   4.410283e+00
 8.481459e-30   2.294650e-30   3.696188e+00
 6.669782e-30   2.424669e-30   2.750801e+00
 9.154585e-30   1.994537e-30   4.589829e+00
 7.489560e-30   1.838545e-30   4.073634e+00
 8.944516e-30   2.052938e-30   4.356934e+00
 6.686342e-30   1.800886e-30   3.712807e+00
 7.199598e-30   2.125856e-30   3.386682e+00
 8.242388e-30   2.528175e-30   3.260213e+00
 6.137885e-30   2.256536e-30   2.720048e+00
 8.263578e-30   2.152416e-30   3.839211e+00
 8.984320e-30   1.828504e-30   4.913480e+00
 6.246433e-30   2.568587e-30   2.431856e+00
 8.397341e-30   1.894504e-30   4.432475e+00
 8.638550e-30   2.196171e-30   3.933460e+00
 8.662369e-30   1.952749e-30   4.435987e+00
 6.981794e-30   2.265089e-30   3.082349e+00
 7.023204e-30   2.322219e-30   3.024351e+00
 7.846965e-30   1.714443e-30   4.576977e+00
 9.707530e-30   1.875338e-30   5.176415e+00
 7.964298e-30   1.903395e-30   4.184259e+00
 6.607452e-30   2.415388e-30   2.735565e+00
 8.529837e-30   1.814479e-30   4.700983e+00
 7.204622e-30   2.249772e-30   3.202378e+00
 9.166818e-30   2.376868e-30   3.856679e+00
 7.836224e-30   1.978793e-30   3.960103e+00
 9.059514e-30   1.993655e-30   4.544173e+00
 7.404641e-30   2.487008e-30   2.977329e+00
 7.878439e-30   2.146967e-30   3.669566e+00
 7.048020e-30   2.355361e-30   2.992331e+00
 7.962741e-30   2.170765e-30   3.668172e+00
 8.493993e-30   1.821654e-30   4.662791e+00
 6.801501e-30   2.445468e-30   2.781267e+00
 8.841149e-30   2.036536e-30   4.341268e+00
 8.832654e-30   1.807723e-30   4.886066e+00
 8.569752e-30   2.178975e-30   3.932928e+00
 9.898805e-30   1.859576e-30   5.323152e+00
 6.806946e-30   2.616625e-30   2.601422e+00
 8.702027e-30   1.818456e-30   4.785394e+00
 6.609828e-30   2.102654e-30   3.143565e+00
 8.056296e-30   2.471749e-30   3.259350e+00
 6.973388e-30   2.485382e-30   2.805761e+00
 9.171687e-30   2.202689e-30   4.163858e+00
 9.496324e-30   2.056479e-30   4.617759e+00
 6.818087e-30   2.610223e-30   2.612070e+00
 7.099482e-30   2.272059e-30   3.124691e+00
 9.691472e-30   1.820697e-30   5.322947e+00
 8.699394e-30   1.642871e-30   5.295239e+00
 7.134914e-30   2.206075e-30   3.234212e+00
 9.248567e-30   1.752080e-30   5.278623e+00
 9.115860e-30   1.905953e-30   4.782837e+00
 7.736474e-30   2.336060e-30   3.311762e+00
 6.700990e-30   2.430956e-30   2.756525e+00
 7.100397e-30   1.901129e-30   3.734832e+00
 6.888219e-30   2.510528e-30   2.743733e+00
 6.816488e-30   2.675370e-30   2.547867e+00
 7.576258e-30   2.037105e-30   3.719131e+00
 6.905688e-30   2.418834e-30   2.854965e+00
 9.721435e-30   1.838917e-30   5.286502e+00
 8.960353e-30   1.754715e-30   5.106444e+00
 5.739021e-30   1.895262e-30   3.028089e+00
 9.377969e-30   1.837004e-30   5.105033e+00
 8.302966e-30   1.955105e-30   4.246814e+00
 8.099367e-30   2.294964e-30   3.529192e+00
 7.694142e-30   2.014274e-30   3.819809e+00
 9.673156e-30   1.443350e-30   6.701879e+00
 7.279652e-30   2.049315e-30   3.552237e+00
 5.415845e-30   2.565670e-30   2.110889e+00
 7.358703e-30   2.056353e-30   3.578520e+00
 7.283553e-30   1.966990e-30   3.702892e+00
 9.548459e-30   1.927016e-30   4.955048e+00
 8.390948e-30   2.354824e-30   3.563302e+00
 7.633940e-30   2.395308e-30   3.187040e+00
 6.947840e-30   2.573082e-30   2.700202e+00
 8.662580e-30   1.911881e-30   4.530919e+00
 6.126375e-30   2.695959e-30   2.272429e+00
 9.452626e-30   1.708906e-30   5.531390e+00
 6.884547e-30   2.514201e-30   2.738265e+00
 7.003118e-30   2.236037e-30   3.131933e+00
 9.060488e-30   2.126639e-30   4.260472e+00
 7.981968e-30   2.047023e-30   3.899306e+00
 7.105676e-30   2.279935e-30   3.116614e+00
 6.951400e-30   2.413514e-30   2.880199e+00
 7.414872e-30   2.002287e-30   3.703202e+00
 7.242880e-30   2.008764e-30   3.605641e+00
 6.143247e-30   2.447176e-30   2.510342e+00
 7.168293e-30   2.055617e-30   3.487173e+00
 8.412476e-30   2.327454e-30   3.614455e+00
 8.969845e-30   1.852491e-30   4.842046e+00
 8.443153e-30   2.271057e-30   3.717719e+00
 9.340005e-30   1.483251e-30   6.296984e+00
 8.744525e-30   2.081446e-30   4.201178e+00
 8.698204e-30   1.985121e-30   4.381699e+00
 7.243864e-30   2.162788e-30   3.349317e+00
 7.400252e-30   2.027397e-30   3.650126e+00
 6.993159e-30   2.443328e-30   2.862145e+00
 6.915683e-30   2.267773e-30   3.049549e+00
 5.187673e-30   1.896685e-30   2.735127e+00
 7.318721e-30   2.161710e-30   3.385616e+00
 7.413539e-30   2.620252e-30   2.829323e+00
 7.584851e-30   2.336057e-30   3.246860e+00
 9.463454e-30   1.720000e-30   5.502007e+00
 8.797656e-30   2.177380e-30   4.040478e+00
 7.116032e-30   2.108559e-30   3.374831e+00
 8.845711e-30   1.880089e-30   4.704942e+00
 6.249625e-30   1.853203e-30   3.372336e+00
 9.435045e-30   1.862805e-30   5.064967e+00
 7.101828e-30   2.330646e-30   3.047150e+00
 8.299767e-30   2.197866e-30   3.776284e+00
 8.711989e-30   1.521671e-30   5.725277e+00
 8.720408e-30   1.736178e-30   5.022762e+00
 6.248878e-30   2.101253e-30   2.973882e+00
 8.609032e-30   2.020682e-30   4.260459e+00
 1.075827e-29   2.390812e-30   4.499841e+00
 7.406247e-30   2.213224e-30   3.346361e+00
 9.068737e-30   2.086520e-30   4.346345e+00
 9.142481e-30   2.075937e-30   4.404026e+00
 7.825975e-30   2.149969e-30   3.640041e+00
 6.991213e-30   2.466865e-30   2.834048e+00
 6.959970e-30   2.368057e-30   2.939105e+00
 5.371643e-30   2.801951e-30   1.917108e+00
 8.975680e-30   1.962058e-30   4.574626e+00
 8.645352e-30   1.951371e-30   4.430399e+00
 7.079570e-30   2.351477e-30   3.010691e+00
 9.077687e-30   1.804797e-30   5.029755e+00
 7.284431e-30   1.817882e-30   4.007098e+00
 8.053291e-30   2.557012e-30   3.149493e+00
 6.121769e-30   1.898011e-30   3.225361e+00
 6.928455e-30   2.175644e-30   3.184554e+00
 7.976656e-30   2.002753e-30   3.982845e+00
 9.191496e-30   1.900021e-30   4.837576e+00
 9.584194e-30   2.174796e-30   4.406939e+00
 9.205289e-30   1.942530e-30   4.738815e+00
 6.063885e-30   2.253950e-30   2.690336e+00
 7.657606e-30   2.308019e-30   3.317826e+00
 8.648919e-30   1.904798e-30   4.540597e+00
 8.464024e-30   1.760245e-30   4.808436e+00
 9.368604e-30   1.997254e-30   4.690742e+00
 7.189372e-30   2.069978e-30   3.473164e+00
 7.487316e-30   2.027173e-30   3.693477e+00
 6.971308e-30   3.067095e-30   2.272935e+00
 8.250182e-30   2.105628e-30   3.918157e+00
 8.670895e-30   1.548376e-30   5.599994e+00
 7.912335e-30   1.938452e-30   4.081781e+00
 7.321473e-30   1.840648e-30   3.977660e+00
 8.789832e-30   1.772212e-30   4.959808e+00
 9.081963e-30   1.969914e-30   4.610334e+00
 6.454889e-30   2.216880e-30   2.911700e+00
 7.403656e-30   1.902854e-30   3.890817e+00
 8.761933e-30   2.108603e-30   4.155325e+00
 7.699282e-30   2.393154e-30   3.217212e+00
 8.968694e-30   2.147283e-30   4.176764e+00
 7.387584e-30   1.983644e-30   3.724248e+00
 5.943368e-30   2.230582e-30   2.664492e+00
 7.375826e-30   2.358825e-30   3.126906e+00
 6.924346e-30   2.426730e-30   2.853365e+00
 7.648184e-30   1.810435e-30   4.224500e+00
 6.301620e-30   2.750828e-30   2.290808e+00
 7.713418e-30   2.585293e-30   2.983576e+00
 9.736126e-30   1.743266e-30   5.584990e+00
 8.977049e-30   2.445201e-30   3.671292e+00
 8.547889e-30   2.456054e-30   3.480334e+00
 7.690025e-30   2.065657e-30   3.722798e+00
 7.586145e-30   1.903929e-30   3.984470e+00
 7.088327e-30   2.398078e-30   2.955837e+00
 7.155255e-30   2.005752e-30   3.567367e+00
 9.808528e-30   2.215917e-30   4.426396e+00
 6.303290e-30   1.957159e-30   3.220633e+00
 7.525549e-30   2.453358e-30   3.067449e+00
 7.654475e-30   1.988477e-30   3.849416e+00
 9.532286e-30   1.944148e-30   4.903067e+00
 7.100801e-30   2.330370e-30   3.047071e+00
 8.475220e-30   2.401220e-30   3.529548e+00
 7.453295e-30   1.909818e-30   3.902621e+00
 8.819494e-30   2.199281e-30   4.010171e+00
 8.631944e-30   2.539955e-30   3.398463e+00
 8.055578e-30   2.281060e-30   3.531506e+00
 8.780971e-30   1.889322e-30   4.647683e+00
 7.069315e-30   2.289629e-30   3.087538e+00
 7.236467e-30   1.970132e-30   3.673087e+00
 7.083109e-30   2.273420e-30   3.115618e+00
 7.114900e-30   2.207814e-30   3.222599e+00
 8.746933e-30   2.216740e-30   3.945855e+00
 7.482265e-30   2.466753e-30   3.033244e+00
 6.547905e-30   2.393654e-30   2.735527e+00
 5.893116e-30   1.916313e-30   3.075237e+00
 7.069143e-30   2.213162e-30   3.194138e+00
 7.220837e-30   3.217175e-30   2.244465e+00
 6.377975e-30   2.166123e-30   2.944419e+00
 8.618658e-30   2.521351e-30   3.418270e+00
 8.762452e-30   2.176729e-30   4.025513e+00
 8.803043e-30   2.105183e-30   4.181605e+00
 9.337152e-30   1.852285e-30   5.040884e+00
 5.734348e-30   2.403783e-30   2.385552e+00
 8.677397e-30   2.367468e-30   3.665265e+00
 6.946806e-30   2.294124e-30   3.028086e+00
 5.086619e-30   2.181516e-30   2.331690e+00
 9.359525e-30   1.768345e-30   5.292816e+00
 8.069614e-30   1.821260e-30   4.430786e+00
 6.904794e-30   2.132607e-30   3.237724e+00
 8.033685e-30   1.807749e-30   4.444028e+00
 7.999001e-30   2.210648e-30   3.618397e+00
 7.337628e-30   2.190488e-30   3.349769e+00
 7.301700e-30   2.084958e-30   3.502085e+00
 8.776030e-30   2.114149e-30   4.151093e+00
 8.767650e-30   2.127747e-30   4.120626e+00
 6.671471e-30   2.123068e-30   3.142373e+00
 7.039400e-30   1.990468e-30   3.536555e+00
 8.227331e-30   1.815793e-30   4.530985e+00
 7.372257e-30   1.857271e-30   3.969404e+00
 6.946558e-30   2.532313e-30   2.743167e+00
 7.670470e-30   1.695013e-30   4.525316e+00
 7.289645e-30   1.934469e-30   3.768292e+00
 8.317479e-30   2.002232e-30   4.154104e+00
 5.931689e-30   1.994048e-30   2.974698e+00
 9.184136e-30   1.769498e-30   5.190249e+00
 9.194502e-30   2.068760e-30   4.444450e+00
 1.023235e-29   1.795306e-30   5.699503e+00
 6.084044e-30   2.697269e-30   2.255631e+00
 6.317171e-30   2.049504e-30   3.082293e+00
 5.889808e-30   1.884511e-30   3.125377e+00
 7.096071e-30   2.470766e-30   2.872013e+00
 7.319801e-30   1.906529e-30   3.839334e+00
 8.966919e-30   1.786922e-30   5.018082e+00
 8.065812e-30   1.580715e-30   5.102636e+00
 8.494841e-30   1.851059e-30   4.589179e+00
 1.002553e-29   1.874967e-30   5.347041e+00
 7.114140e-30   2.203268e-30   3.228903e+00
 8.719496e-30   2.516875e-30   3.464413e+00
 7.708358e-30   2.805803e-30   2.747292e+00
 8.230157e-30   2.290046e-30   3.593882e+00
 6.658957e-30   2.856825e-30   2.330894e+00
 8.758491e-30   1.974904e-30   4.434893e+00
 8.705147e-30   2.439464e-30   3.568466e+00
 5.613039e-30   2.478896e-30   2.264331e+00
 9.013365e-30   1.762048e-30   5.115278e+00
 7.764668e-30   2.171456e-30   3.575788e+00
 9.143715e-30   2.096968e-30   4.360446e+00
 8.370705e-30   2.217910e-30   3.774141e+00
 8.845551e-30   2.095578e-30   4.221054e+00
 9.196291e-30   2.371295e-30   3.878173e+00
 8.040864e-30   1.961774e-30   4.098773e+00
 1.008996e-29   1.569130e-30   6.430291e+00
 8.937679e-30   2.215624e-30   4.033934e+00
 8.802821e-30   2.028158e-30   4.340304e+00
 8.523820e-30   1.944810e-30   4.382855e+00
 7.269072e-30   2.142653e-30   3.392557e+00
 9.361204e-30   2.042289e-30   4.583682e+00
 8.481969e-30   1.783934e-30   4.754642e+00
 8.926773e-30   2.031482e-30   4.394217e+00
 9.029138e-30   1.962705e-30   4.600353e+00
 8.908453e-30   1.957984e-30   4.549808e+00
 9.117225e-30   1.912658e-30   4.766782e+00
 9.309100e-30   1.889730e-30   4.926153e+00
 7.176792e-30   2.371568e-30   3.026180e+00
 9.075054e-30   2.051479e-30   4.423664e+00
 7.763796e-30   2.376694e-30   3.266637e+00
 8.896597e-30   1.931554e-30   4.605927e+00
 6.907193e-30   2.322580e-30   2.973931e+00
 9.202686e-30   1.669656e-30   5.511726e+00
 8.320202e-30   1.993695e-30   4.173258e+00
 1.028186e-29   2.194132e-30   4.686074e+00
 6.837459e-30   2.366961e-30   2.888708e+00
 9.375939e-30   1.794974e-30   5.223439e+00
 8.263772e-30   2.110930e-30   3.914754e+00
 7.361797e-30   2.418559e-30   3.043877e+00
 8.564959e-30   2.346722e-30   3.649754e+00
 8.527655e-30   2.320205e-30   3.675388e+00
 8.751823e-30   1.939362e-30   4.512733e+00
 9.133766e-30   1.790204e-30   5.102081e+00
 6.910981e-30   2.500343e-30   2.764013e+00
 7.002965e-30   2.529598e-30   2.768411e+00
 5.877267e-30   2.491438e-30   2.358986e+00
 6.720042e-30   2.163025e-30   3.106780e+00
 8.234153e-30   2.519623e-30   3.268010e+00
 9.750476e-30   1.972757e-30   4.942563e+00
 7.712836e-30   1.880750e-30   4.100937e+00
 8.166749e-30   2.098976e-30   3.890826e+00
 4.201582e-30   2.630426e-30   1.597301e+00
 8.400834e-30   1.808870e-30   4.644243e+00
 6.865107e-30   2.121871e-30   3.235402e+00
 8.811712e-30   1.975171e-30   4.461240e+00
 6.569790e-30   2.483754e-30   2.645105e+00
 8.342935e-30   2.386889e-30   3.495317e+00
 9.100507e-30   2.074931e-30   4.385931e+00
 6.957924e-30   2.391626e-30   2.909286e+00
 7.606461e-30   2.350359e-30   3.236298e+00
 7.503681e-30   2.683253e-30   2.796486e+00
 8.934489e-30   2.063122e-30   4.330567e+00
 6.907193e-30   2.322580e-30   2.973931e+00
 6.994799e-30   2.307187e-30   3.031743e+00
 9.129308e-30   1.951739e-30   4.677526e+00
 7.965777e-30   2.268547e-30   3.511401e+00
 8.100588e-30   1.884676e-30   4.298134e+00
 7.929440e-30   2.570964e-30   3.084228e+00
 8.840455e-30   1.893769e-30   4.668180e+00
 8.304081e-30   1.899587e-30   4.371520e+00
 9.175489e-30   1.792643e-30   5.118415e+00
 8.522813e-30   2.192285e-30   3.887638e+00
 7.197129e-30   2.300599e-30   3.128372e+00
 8.989468e-30   2.124260e-30   4.231811e+00
 8.478952e-30   2.441733e-30   3.472514e+00
 7.904830e-30   2.109540e-30   3.747181e+00
 7.587131e-30   2.064455e-30   3.675126e+00
 7.493646e-30   2.062334e-30   3.633574e+00
 8.658892e-30   2.250775e-30   3.847071e+00
 7.925896e-30   1.939562e-30   4.086435e+00
 9.134003e-30   1.714128e-30   5.328660e+00
 6.872403e-30   2.433874e-30   2.823647e+00
 4.561660e-30   2.527972e-30   1.804474e+00
 8.790391e-30   2.128892e-30   4.129092e+00
 9.109016e-30   2.127427e-30   4.281706e+00
 7.003545e-30   2.474141e-30   2.830697e+00
 5.413334e-30   2.075358e-30   2.608385e+00
 5.722484e-30   1.924552e-30   2.973411e+00
 9.675253e-30   1.615521e-30   5.988937e+00
 8.710415e-30   2.014004e-30   4.324924e+00
 8.342236e-30   2.256782e-30   3.696519e+00
 7.277979e-30   2.136728e-30   3.406132e+00
 9.257952e-30   1.759145e-30   5.262756e+00
 9.180799e-30   2.055323e-30   4.466840e+00
 8.545723e-30   2.127527e-30   4.016741e+00
 6.141409e-30   2.335812e-30   2.629240e+00
 6.942566e-30   2.163409e-30   3.209086e+00
 8.415576e-30   2.195184e-30   3.833654e+00
 9.310581e-30   1.866808e-30   4.987433e+00
 9.484470e-30   1.840973e-30   5.151879e+00
 8.276403e-30   2.281114e-30   3.628229e+00
 6.131731e-30   2.208442e-30   2.776496e+00
 6.991969e-30   2.135305e-30   3.274459e+00
 8.678046e-30   1.913561e-30   4.535023e+00
 9.203050e-30   2.126544e-30   4.327703e+00
 7.311405e-30   1.938852e-30   3.770996e+00
 8.577627e-30   1.879664e-30   4.563384e+00
 7.001697e-30   2.655759e-30   2.636421e+00
 8.872503e-30   2.477337e-30   3.581468e+00
 8.679099e-30   1.910528e-30   4.542774e+00
 6.553062e-30   1.850787e-30   3.540689e+00
 8.731474e-30   2.001197e-30   4.363126e+00
 8.402396e-30   1.687338e-30   4.979677e+00
 9.071756e-30   1.952062e-30   4.647268e+00
 8.600628e-30   2.168009e-30   3.967062e+00
 7.157725e-30   2.394207e-30   2.989601e+00
 5.966239e-30   2.390076e-30   2.496255e+00
 6.553386e-30   2.539337e-30   2.580747e+00
 8.600191e-30   2.059181e-30   4.176511e+00
 6.995247e-30   2.342212e-30   2.986598e+00
 7.018602e-30   2.253614e-30   3.114377e+00
 7.521588e-30   1.951737e-30   3.853792e+00
 6.149048e-30   2.056412e-30   2.990182e+00
 9.289838e-30   1.751241e-30   5.304718e+00
 7.298637e-30   2.071346e-30   3.523620e+00
 8.076303e-30   2.745060e-30   2.942122e+00
 9.361080e-30   1.945004e-30   4.812885e+00
 6.911601e-30   2.495910e-30   2.769171e+00
 7.176538e-30   2.125094e-30   3.377046e+00
 7.323608e-30   2.374032e-30   3.084882e+00
 7.162074e-30   2.145596e-30   3.338035e+00
 8.716551e-30   1.464729e-30   5.950963e+00
 6.599426e-30   1.876253e-30   3.517343e+00
 6.800168e-30   2.408626e-30   2.823256e+00
 8.961483e-30   1.958436e-30   4.575837e+00
 6.806638e-30   2.754966e-30   2.470679e+00
 8.721679e-30   2.499950e-30   3.488742e+00
 7.699758e-30   2.598880e-30   2.962721e+00
 8.385250e-30   2.480522e-30   3.380438e+00
 7.560158e-30   2.051301e-30   3.685543e+00
 5.069320e-30   2.299502e-30   2.204529e+00
 8.781710e-30   2.345424e-30   3.744188e+00
 7.643874e-30   1.951013e-30   3.917900e+00
 8.291924e-30   2.112042e-30   3.926023e+00
 7.999471e-30   1.872180e-30   4.272811e+00
 7.393858e-30   1.994773e-30   3.706617e+00
 7.679823e-30   1.803052e-30   4.259347e+00
 7.530497e-30   1.870940e-30   4.024982e+00
 6.973205e-30   2.474956e-30   2.817507e+00
 9.365966e-30   1.799451e-30   5.204903e+00
 6.125261e-30   2.156048e-30   2.840967e+00
 7.908423e-30   1.835870e-30   4.307726e+00
 9.134562e-30   1.999946e-30   4.567404e+00
 6.957408e-30   2.273498e-30   3.060221e+00
 8.538757e-30   1.615205e-30   5.286484e+00
 8.387618e-30   1.951582e-30   4.297855e+00
 5.941659e-30   2.175164e-30   2.731591e+00
 6.741822e-30   2.426078e-30   2.778897e+00
 7.457649e-30   2.025147e-30   3.682523e+00
 9.088315e-30   1.980211e-30   4.589568e+00
 6.606414e-30   2.302126e-30   2.869701e+00
 8.965305e-30   2.077985e-30   4.314423e+00
 8.611803e-30   1.946764e-30   4.423649e+00
 7.880740e-30   2.098526e-30   3.755370e+00
 9.681780e-30   1.625568e-30   5.955936e+00
 6.912134e-30   2.529443e-30   2.732670e+00
 8.486065e-30   2.088022e-30   4.064165e+00
 6.095626e-30   1.859138e-30   3.278737e+00
 8.634147e-30   2.018770e-30   4.276935e+00
 8.699119e-30   2.233815e-30   3.894287e+00
 6.946218e-30   2.602772e-30   2.668777e+00
 8.562535e-30   2.360908e-30   3.626797e+00
 6.970499e-30   2.449057e-30   2.846197e+00
 7.392098e-30   2.357061e-30   3.136150e+00
 7.297707e-30   1.845289e-30   3.954777e+00
 8.425419e-30   1.820689e-30   4.627600e+00
 9.080095e-30   1.884675e-30   4.817858e+00
 7.222551e-30   2.043137e-30   3.535030e+00
 8.817193e-30   2.174992e-30   4.053897e+00
 8.175043e-30   2.036152e-30   4.014947e+00
 9.384343e-30   2.115612e-30   4.435757e+00
 7.015708e-30   2.074084e-30   3.382558e+00
 6.674437e-30   2.640962e-30   2.527275e+00
 8.476873e-30   2.187107e-30   3.875838e+00
 8.990911e-30   2.184163e-30   4.116410e+00
 9.068213e-30   1.909554e-30   4.748865e+00
 7.177274e-30   2.358423e-30   3.043252e+00
 7.103152e-30   2.452790e-30   2.895948e+00
 9.266981e-30   2.141459e-30   4.327414e+00
 8.320114e-30   1.956400e-30   4.252767e+00
 8.301258e-30   2.067435e-30   4.015246e+00
 8.390355e-30   1.698859e-30   4.938819e+00
 6.938111e-30   2.441294e-30   2.841981e+00
 8.350278e-30   1.882218e-30   4.436403e+00
 8.708190e-30   1.994049e-30   4.367090e+00
 7.082457e-30   2.084226e-30   3.398123e+00
 8.822940e-30   2.288331e-30   3.855622e+00
 5.802418e-30   2.000142e-30   2.901003e+00
 6.944337e-30   2.644413e-30   2.626041e+00
 8.181060e-30   1.933072e-30   4.232155e+00
 6.964966e-30   2.475951e-30   2.813046e+00
 8.806647e-30   2.286971e-30   3.850790e+00
 8.465817e-30   2.180331e-30   3.882813e+00
 8.477546e-30   2.051901e-30   4.131557e+00
 7.437075e-30   1.574932e-30   4.722158e+00
 8.647961e-30   2.045918e-30   4.226935e+00
 5.576772e-30   2.271603e-30   2.454994e+00
 7.294516e-30   1.924139e-30   3.791053e+00
 7.244579e-30   1.997238e-30   3.627299e+00
 7.297019e-30   1.817450e-30   4.014977e+00
 6.928855e-30   1.937554e-30   3.576084e+00
 9.259865e-30   2.031246e-30   4.558710e+00
 6.779438e-30   2.122949e-30   3.193406e+00
 7.906487e-30   2.216215e-30   3.567563e+00
 7.741956e-30   2.011979e-30   3.847931e+00
 7.021324e-30   2.315652e-30   3.032115e+00
 8.789567e-30   1.847535e-30   4.757455e+00
 8.141802e-30   2.330840e-30   3.493076e+00
 7.897795e-30   1.841990e-30   4.287643e+00
 6.924752e-30   2.085043e-30   3.321155e+00
 8.573406e-30   2.498212e-30   3.431817e+00
 9.978014e-30   1.716988e-30   5.811347e+00
 6.941558e-30   1.954984e-30   3.550698e+00
 8.479156e-30   2.532940e-30   3.347555e+00
 8.792378e-30   2.068331e-30   4.250953e+00
 9.348567e-30   1.680407e-30   5.563277e+00
 9.023259e-30   1.712497e-30   5.269066e+00
 8.403184e-30   1.999897e-30   4.201808e+00
 7.370013e-30   1.844464e-30   3.995747e+00
 8.621609e-30   2.071785e-30   4.161441e+00
 7.111223e-30   1.960855e-30   3.626593e+00
 7.142403e-30   2.357780e-30   3.029292e+00
 8.919915e-30   1.936948e-30   4.605139e+00
 6.931392e-30   2.576229e-30   2.690519e+00
 8.839824e-30   2.046128e-30   4.320269e+00
 6.982637e-30   2.224955e-30   3.138327e+00
 8.594907e-30   1.724850e-30   4.982986e+00
 9.378985e-30   1.737056e-30   5.399355e+00
 8.960046e-30   1.964751e-30   4.560397e+00
 6.867615e-30   2.103269e-30   3.265211e+00
 9.321321e-30   1.873851e-30   4.974420e+00
 7.496965e-30   2.373789e-30   3.158227e+00
 8.645352e-30   1.951371e-30   4.430399e+00
 7.850388e-30   2.459335e-30   3.192077e+00
 8.752309e-30   2.152102e-30   4.066864e+00
 9.392246e-30   1.906437e-30   4.926596e+00
 7.239041e-30   1.991078e-30   3.635740e+00
 7.262717e-30   2.008704e-30   3.615623e+00
 7.053774e-30   2.236671e-30   3.153693e+00
 8.391523e-30   1.920006e-30   4.370572e+00
 7.006644e-30   2.314075e-30   3.027838e+00
 9.827517e-30   1.637516e-30   6.001477e+00
 7.593889e-30   1.892980e-30   4.011606e+00
 7.332095e-30   2.452976e-30   2.989061e+00
 7.013511e-30   2.337205e-30   3.000812e+00
 7.537212e-30   2.055007e-30   3.667730e+00
 7.289230e-30   2.143237e-30   3.401037e+00
 6.479608e-30   2.245456e-30   2.885654e+00
 9.749222e-30   1.536062e-30   6.346892e+00
 8.480849e-30   2.144853e-30   3.954047e+00
 7.443539e-30   2.440211e-30   3.050367e+00
 7.809897e-30   2.305532e-30   3.387460e+00
 8.497259e-30   2.292718e-30   3.706194e+00
 9.240272e-30   1.866874e-30   4.949595e+00
 8.969781e-30   2.108722e-30   4.253657e+00
 7.044385e-30   2.374498e-30   2.966684e+00
 8.069994e-30   2.474092e-30   3.261801e+00
 8.070974e-30   2.177742e-30   3.706120e+00
 8.427622e-30   2.091293e-30   4.029861e+00
 8.368585e-30   2.004083e-30   4.175767e+00
 6.918737e-30   2.247487e-30   3.078433e+00
 6.477571e-30   2.489480e-30   2.601978e+00
 7.248759e-30   2.374633e-30   3.052581e+00
 7.293534e-30   2.075128e-30   3.514740e+00
 7.156488e-30   2.118018e-30   3.378861e+00
 7.576258e-30   2.037105e-30   3.719131e+00
 8.172062e-30   1.760108e-30   4.642933e+00
 8.745604e-30   2.029471e-30   4.309303e+00
 8.903476e-30   2.301486e-30   3.868578e+00
 7.654052e-30   2.042548e-30   3.747305e+00
 8.553652e-30   2.246395e-30   3.807724e+00
 8.509255e-30   2.260218e-30   3.764795e+00
 7.249593e-30   1.958926e-30   3.700799e+00
 7.107124e-30   2.287331e-30   3.107169e+00
 6.337236e-30   2.370276e-30   2.673628e+00
 8.342416e-30   1.821587e-30   4.579751e+00
 8.898671e-30   2.005862e-30   4.436333e+00
 6.134710e-30   2.054190e-30   2.986438e+00
 7.105350e-30   2.565500e-30   2.769577e+00
 8.562158e-30   2.090761e-30   4.095236e+00
 7.096099e-30   2.443472e-30   2.904105e+00
 7.025175e-30   2.388372e-30   2.941408e+00
 7.001923e-30   1.985197e-30   3.527068e+00
 6.815467e-30   2.557436e-30   2.664961e+00
 6.013957e-30   1.666214e-30   3.609353e+00
 6.759973e-30   2.648187e-30   2.552680e+00
 6.967384e-30   2.019125e-30   3.450695e+00
 6.781119e-30   2.364618e-30   2.867743e+00
 7.041145e-30   2.316458e-30   3.039617e+00
 9.389208e-30   1.781387e-30   5.270729e+00
 9.028766e-30   2.222684e-30   4.062100e+00
 8.514681e-30   1.612850e-30   5.279275e+00
 8.249012e-30   2.037842e-30   4.047916e+00
 8.193968e-30   1.629858e-30   5.027411e+00
 7.108943e-30   2.034321e-30   3.494504e+00
 8.887096e-30   1.864940e-30   4.765352e+00
 9.378196e-30   1.638599e-30   5.723302e+00
 8.317479e-30   2.002232e-30   4.154104e+00
 9.360763e-30   2.097686e-30   4.462424e+00
 7.006156e-30   2.660929e-30   2.632974e+00
 8.732117e-30   2.122452e-30   4.114164e+00
 9.195115e-30   2.146426e-30   4.283919e+00
 6.731956e-30   2.829687e-30   2.379046e+00
 8.849567e-30   2.298992e-30   3.849324e+00
 7.133934e-30   2.723089e-30   2.619795e+00
 7.199703e-30   2.253799e-30   3.194474e+00
 7.422015e-30   1.579993e-30   4.697498e+00
 7.046154e-30   1.893012e-30   3.722191e+00
 8.605224e-30   1.953489e-30   4.405054e+00
 7.107961e-30   2.307083e-30   3.080930e+00
 8.964776e-30   2.077265e-30   4.315663e+00
 8.776075e-30   2.002413e-30   4.382750e+00
 8.501793e-30   2.019050e-30   4.210788e+00
 6.772316e-30   2.787761e-30   2.429303e+00
 7.890075e-30   1.838901e-30   4.290648e+00
 7.343503e-30   2.252932e-30   3.259532e+00
 8.590007e-30   2.076954e-30   4.135869e+00
 5.747505e-30   2.228117e-30   2.579534e+00
 6.935684e-30   2.412426e-30   2.874983e+00
 8.342060e-30   2.162865e-30   3.856949e+00
 7.255237e-30   2.008222e-30   3.612767e+00
 8.805967e-30   1.942893e-30   4.532400e+00
 7.930938e-30   2.568054e-30   3.088307e+00
 6.627829e-30   2.260927e-30   2.931465e+00
 8.648914e-30   1.881637e-30   4.596483e+00
 8.829271e-30   1.510281e-30   5.846113e+00
 9.053720e-30   1.994284e-30   4.539834e+00
 8.490508e-30   2.595436e-30   3.271322e+00
 7.490835e-30   1.994022e-30   3.756646e+00
 9.365277e-30   1.748730e-30   5.355475e+00
 8.416691e-30   2.279565e-30   3.692235e+00
 8.724070e-30   1.834412e-30   4.755784e+00
 8.172120e-30   2.381413e-30   3.431627e+00
 6.454181e-30   2.461012e-30   2.622571e+00
 5.317921e-30   2.356816e-30   2.256400e+00
 8.659462e-30   2.199736e-30   3.936591e+00
 8.604092e-30   2.580767e-30   3.333929e+00
 7.770987e-30   2.716648e-30   2.860506e+00
 9.275140e-30   1.957065e-30   4.739311e+00
 7.065144e-30   2.261279e-30   3.124402e+00
 5.735418e-30   2.332371e-30   2.459051e+00
 7.127493e-30   2.174736e-30   3.277406e+00
 9.547030e-30   1.879766e-30   5.078839e+00
 8.207794e-30   2.353807e-30   3.487030e+00
 1.015535e-29   1.932914e-30   5.253906e+00
 9.998927e-30   1.796722e-30   5.565093e+00
 7.018601e-30   2.551004e-30   2.751310e+00
 6.410737e-30   2.295053e-30   2.793284e+00
 6.700990e-30   2.430956e-30   2.756525e+00
 8.225866e-30   2.048029e-30   4.016479e+00
 9.445983e-30   1.706455e-30   5.535441e+00
 8.063319e-30   1.665657e-30   4.840925e+00
 7.142107e-30   2.449069e-30   2.916253e+00
 6.534923e-30   1.989381e-30   3.284903e+00
 5.085585e-30   2.127194e-30   2.390749e+00
 6.861688e-30   2.202267e-30   3.115739e+00
 6.000468e-30   2.710790e-30   2.213550e+00
 7.363984e-30   1.894509e-30   3.887015e+00
 5.805978e-30   2.221347e-30   2.613720e+00
 8.090623e-30   2.334007e-30   3.466409e+00
 9.084778e-30   1.976446e-30   4.596521e+00
 7.005399e-30   2.195491e-30   3.190812e+00
 9.820321e-30   1.721864e-30   5.703308e+00
 9.082370e-30   1.648471e-30   5.509573e+00
 5.912835e-30   2.277252e-30   2.596479e+00
 8.600303e-30   2.102567e-30   4.090382e+00
 6.718060e-30   2.620428e-30   2.563726e+00
 7.246209e-30   1.986622e-30   3.647502e+00
 1.002691e-29   2.024023e-30   4.953950e+00
 7.733824e-30   1.888148e-30   4.095984e+00
 7.961420e-30   2.018718e-30   3.943799e+00
 9.112932e-30   2.220385e-30   4.104213e+00
 7.771277e-30   2.716656e-30   2.860604e+00
 8.564959e-30   2.346722e-30   3.649754e+00
 7.789712e-30   2.239708e-30   3.478003e+00
 7.702396e-30   1.626773e-30   4.734769e+00
 9.360161e-30   1.821505e-30   5.138696e+00
 6.987775e-30   2.478428e-30   2.819439e+00
 9.109812e-30   2.086008e-30   4.367103e+00
 6.814105e-30   2.194166e-30   3.105556e+00
 8.573809e-30   2.146360e-30   3.994581e+00
 8.620748e-30   2.076414e-30   4.151749e+00
 7.061400e-30   2.375603e-30   2.972467e+00
 9.025558e-30   2.001805e-30   4.508709e+00
 7.972826e-30   1.934332e-30   4.121746e+00
 8.361209e-30   1.970873e-30   4.242389e+00
 9.276402e-30   1.846173e-30   5.024665e+00
 7.697082e-30   2.148036e-30   3.583312e+00
 7.631587e-30   2.228971e-30   3.423817e+00
 6.934722e-30   2.422072e-30   2.863136e+00
 9.291587e-30   1.989436e-30   4.670464e+00
 9.364497e-30   1.818347e-30   5.150005e+00
 7.924900e-30   1.743902e-30   4.544350e+00
 6.824085e-30   2.020673e-30   3.377135e+00
 8.868308e-30   2.135530e-30   4.152743e+00
 7.580057e-30   2.216300e-30   3.420141e+00
 9.012506e-30   1.894173e-30   4.758016e+00
 6.955463e-30   2.440318e-30   2.850228e+00
 7.563233e-30   1.927951e-30   3.922939e+00
 9.013827e-30   1.927132e-30   4.677328e+00
 8.360891e-30   2.309273e-30   3.620572e+00
 8.228578e-30   2.007315e-30   4.099297e+00
 8.365059e-30   2.179695e-30   3.837720e+00
 7.140955e-30   2.156268e-30   3.311720e+00
 9.286867e-30   1.832627e-30   5.067515e+00
 9.017996e-30   1.947219e-30   4.631218e+00
 8.718620e-30   2.115995e-30   4.120340e+00
 6.206797e-30   2.259110e-30   2.747452e+00
 7.925803e-30   2.009649e-30   3.943874e+00
 6.727292e-30   2.402149e-30   2.800531e+00
 7.147445e-30   2.500903e-30   2.857946e+00
 8.855622e-30   1.608076e-30   5.506968e+00
 9.559814e-30   1.798494e-30   5.315455e+00
 9.411315e-30   2.024016e-30   4.649823e+00
 9.142746e-30   1.777290e-30   5.144205e+00
 7.727181e-30   2.441109e-30   3.165439e+00
 8.247269e-30   2.359809e-30   3.494889e+00
 7.142086e-30   2.196124e-30   3.252133e+00
 9.159583e-30   1.958447e-30   4.676962e+00
 9.457940e-30   1.918885e-30   4.928873e+00
 8.590836e-30   1.857492e-30   4.624965e+00
 6.936459e-30   1.849067e-30   3.751329e+00
 5.607545e-30   2.075878e-30   2.701288e+00
 5.656111e-30   2.367539e-30   2.389025e+00
 8.894136e-30   1.849428e-30   4.809128e+00
 7.521501e-30   1.717248e-30   4.379974e+00
 9.139530e-30   2.010444e-30   4.546026e+00
 8.729986e-30   2.387054e-30   3.657221e+00
 6.690626e-30   2.339658e-30   2.859660e+00
 7.698632e-30   1.912258e-30   4.025937e+00
 7.030240e-30   2.398440e-30   2.931172e+00
 7.180746e-30   2.085361e-30   3.443406e+00
 6.838754e-30   2.374286e-30   2.880341e+00
 8.660099e-30   1.612097e-30   5.371948e+00
 5.098640e-30   2.544571e-30   2.003733e+00
 7.346939e-30   2.399171e-30   3.062282e+00
 7.115642e-30   2.319372e-30   3.067918e+00
 9.386192e-30   1.880834e-30   4.990443e+00
 8.645393e-30   1.952479e-30   4.427906e+00
 7.444079e-30   2.362192e-30   3.151344e+00
 8.132069e-30   2.214966e-30   3.671419e+00
 6.943389e-30   2.175219e-30   3.192042e+00
 6.644803e-30   2.382793e-30   2.788661e+00
 8.410212e-30   2.237338e-30   3.759027e+00
 8.579103e-30   1.904433e-30   4.504807e+00
