 3.173653e-29   6.537170e-30   4.854781e+00
 3.303316e-29   6.587007e-30   5.014896e+00
 3.036390e-29   7.313031e-30   4.152027e+00
 3.187471e-29   6.315474e-30   5.047082e+00
 2.820056e-29   5.028648e-30   5.607981e+00
 2.926118e-29   5.455248e-30   5.363858e+00
 3.050226e-29   6.385232e-30   4.777001e+00
 3.736550e-29   5.842154e-30   6.395843e+00
 2.660128e-29   6.445408e-30   4.127169e+00
 2.257600e-29   5.435494e-30   4.153441e+00
 2.950588e-29   5.600605e-30   5.268337e+00
 2.708249e-29   6.488556e-30   4.173885e+00
 2.742117e-29   6.527763e-30   4.200700e+00
 3.055351e-29   7.329786e-30   4.168404e+00
 3.189761e-29   4.877356e-30   6.539939e+00
 2.889112e-29   5.731072e-30   5.041138e+00
 2.958033e-29   8.245424e-30   3.587485e+00
 2.828434e-29   5.405713e-30   5.232306e+00
 3.167806e-29   6.341226e-30   4.995574e+00
 3.299924e-29   5.611218e-30   5.880941e+00
 2.742037e-29   4.695259e-30   5.840013e+00
 3.294935e-29   5.720480e-30   5.759892e+00
 2.854567e-29   5.552216e-30   5.141311e+00
 3.041682e-29   5.266962e-30   5.775022e+00
 2.444614e-29   7.034735e-30   3.475062e+00
 2.982176e-29   5.730627e-30   5.203927e+00
 3.289968e-29   6.818719e-30   4.824905e+00
 2.749947e-29   5.788863e-30   4.750410e+00
 3.098203e-29   4.992140e-30   6.206162e+00
 2.809243e-29   5.706573e-30   4.922820e+00
 2.027911e-29   7.347042e-30   2.760173e+00
 3.031654e-29   7.491719e-30   4.046674e+00
 3.053555e-29   7.339343e-30   4.160529e+00
 2.968099e-29   6.516962e-30   4.554421e+00
 3.377907e-29   5.500191e-30   6.141436e+00
 2.830502e-29   6.687714e-30   4.232391e+00
 3.152082e-29   6.446714e-30   4.889441e+00
 2.406455e-29   6.009808e-30   4.004212e+00
 3.029637e-29   5.908481e-30   5.127607e+00
 3.082661e-29   5.555917e-30   5.548429e+00
 2.919678e-29   5.477100e-30   5.330701e+00
 2.960081e-29   6.409880e-30   4.617997e+00
 2.999400e-29   5.877157e-30   5.103488e+00
 3.179029e-29   5.625212e-30   5.651393e+00
 3.345305e-29   5.420735e-30   6.171313e+00
 3.497960e-29   5.203836e-30   6.721886e+00
 3.036351e-29   7.043737e-30   4.310711e+00
 3.077190e-29   7.146595e-30   4.305813e+00
 2.806050e-29   7.511269e-30   3.735787e+00
 2.922787e-29   6.402142e-30   4.565326e+00
 3.196622e-29   5.976160e-30   5.348956e+00
 3.387494e-29   5.327640e-30   6.358339e+00
 2.309014e-29   5.953381e-30   3.878491e+00
 3.334548e-29   5.438302e-30   6.131597e+00
 2.807811e-29   5.211087e-30   5.388149e+00
 2.950777e-29   6.503761e-30   4.537032e+00
 3.157787e-29   6.587365e-30   4.793703e+00
 3.290253e-29   6.766464e-30   4.862589e+00
 2.998784e-29   5.167602e-30   5.803047e+00
 3.450376e-29   5.251763e-30   6.569939e+00
 2.777858e-29   6.852742e-30   4.053644e+00
 3.139354e-29   6.552225e-30   4.791279e+00
 2.943227e-29   5.776158e-30   5.095475e+00
 3.189902e-29   6.453942e-30   4.942564e+00
 3.161558e-29   6.380441e-30   4.955078e+00
 3.001634e-29   4.921525e-30   6.098992e+00
 2.960953e-29   5.579759e-30   5.306596e+00
 3.087997e-29   7.125850e-30   4.333514e+00
 3.368630e-29   5.287419e-30   6.371030e+00
 2.491414e-29   6.707541e-30   3.714347e+00
 3.113954e-29   6.360073e-30   4.896098e+00
 3.198395e-29   6.757198e-30   4.733315e+00
 2.104904e-29   6.510464e-30   3.233110e+00
 3.088285e-29   7.216189e-30   4.279663e+00
 3.166609e-29   5.065085e-30   6.251837e+00
 2.700697e-29   7.033220e-30   3.839916e+00
 3.147171e-29   7.281227e-30   4.322309e+00
 2.472426e-29   6.734774e-30   3.671134e+00
 3.037449e-29   6.299715e-30   4.821565e+00
 2.728233e-29   6.515686e-30   4.187177e+00
 3.012097e-29   5.404281e-30   5.573539e+00
 3.273924e-29   6.632603e-30   4.936107e+00
 3.052638e-29   5.314686e-30   5.743778e+00
 2.949226e-29   7.123166e-30   4.140331e+00
 2.901298e-29   7.370345e-30   3.936449e+00
 3.296723e-29   5.726054e-30   5.757408e+00
 2.970120e-29   5.394873e-30   5.505450e+00
 2.791376e-29   6.448696e-30   4.328589e+00
 3.170463e-29   6.493026e-30   4.882874e+00
 3.357980e-29   6.105236e-30   5.500164e+00
 3.150734e-29   6.567824e-30   4.797226e+00
 3.089844e-29   5.460997e-30   5.658022e+00
 3.046244e-29   6.948480e-30   4.384043e+00
 3.412666e-29   6.229950e-30   5.477839e+00
 2.887920e-29   5.623315e-30   5.135618e+00
 1.947178e-29   6.509585e-30   2.991248e+00
 3.139220e-29   5.723430e-30   5.484858e+00
 2.942307e-29   5.432638e-30   5.415981e+00
 3.041303e-29   7.088953e-30   4.290200e+00
 3.374770e-29   5.953580e-30   5.668472e+00
 3.053969e-29   4.290703e-30   7.117643e+00
 3.314264e-29   5.500722e-30   6.025143e+00
 3.216997e-29   6.361701e-30   5.056818e+00
 3.249821e-29   5.900659e-30   5.507556e+00
 2.918696e-29   5.571623e-30   5.238502e+00
 3.173347e-29   6.787126e-30   4.675538e+00
 2.536712e-29   5.937349e-30   4.272466e+00
 2.202542e-29   6.019479e-30   3.659024e+00
 3.170175e-29   5.426617e-30   5.841899e+00
 2.915993e-29   5.172308e-30   5.637700e+00
 2.766413e-29   5.987119e-30   4.620608e+00
 3.246234e-29   6.001990e-30   5.408596e+00
 2.916075e-29   6.172035e-30   4.724657e+00
 3.127659e-29   6.797120e-30   4.601447e+00
 2.978583e-29   6.854071e-30   4.345714e+00
 3.002977e-29   5.680642e-30   5.286334e+00
 2.715382e-29   5.663540e-30   4.794495e+00
 2.898970e-29   4.927730e-30   5.882972e+00
 3.306064e-29   5.415933e-30   6.104329e+00
 3.053123e-29   5.630400e-30   5.422568e+00
 2.902580e-29   6.705741e-30   4.328499e+00
 2.190247e-29   5.512051e-30   3.973561e+00
 3.095354e-29   7.833166e-30   3.951600e+00
 2.701260e-29   5.294898e-30   5.101629e+00
 2.229959e-29   5.643345e-30   3.951483e+00
 2.895284e-29   6.857055e-30   4.222344e+00
 3.111811e-29   4.493991e-30   6.924382e+00
 3.297460e-29   5.394276e-30   6.112888e+00
 3.004008e-29   5.881734e-30   5.107352e+00
 2.778542e-29   7.782451e-30   3.570266e+00
 2.991626e-29   6.689353e-30   4.472220e+00
 3.023747e-29   5.745331e-30   5.262965e+00
 2.864838e-29   5.588613e-30   5.126206e+00
 3.085427e-29   5.873478e-30   5.253151e+00
 2.635406e-29   6.834723e-30   3.855907e+00
 2.914075e-29   7.036297e-30   4.141489e+00
 3.201229e-29   6.335849e-30   5.052565e+00
 1.821973e-29   5.585300e-30   3.262086e+00
 3.140953e-29   6.689573e-30   4.695296e+00
 3.332898e-29   5.392092e-30   6.181085e+00
 3.027793e-29   5.520788e-30   5.484349e+00
 3.130757e-29   6.825330e-30   4.586968e+00
 2.782844e-29   7.043206e-30   3.951104e+00
 2.980507e-29   5.587112e-30   5.334612e+00
 3.007175e-29   5.854738e-30   5.136309e+00
 2.827409e-29   5.232857e-30   5.403184e+00
 3.544842e-29   5.742086e-30   6.173438e+00
 3.133858e-29   6.774265e-30   4.626123e+00
 2.972622e-29   5.337841e-30   5.568960e+00
 2.824722e-29   6.377657e-30   4.429090e+00
 2.999662e-29   5.480933e-30   5.472904e+00
 3.185470e-29   5.842120e-30   5.452592e+00
 3.070834e-29   7.301459e-30   4.205781e+00
 3.491224e-29   6.344931e-30   5.502383e+00
 3.175755e-29   4.935524e-30   6.434484e+00
 2.935131e-29   5.779199e-30   5.078784e+00
 3.161505e-29   6.475452e-30   4.882293e+00
 2.814672e-29   7.276923e-30   3.867942e+00
 3.170139e-29   6.320590e-30   5.015575e+00
 3.176391e-29   6.497582e-30   4.888574e+00
 3.304821e-29   5.642927e-30   5.856573e+00
 3.187567e-29   5.635737e-30   5.655990e+00
 2.826472e-29   5.640580e-30   5.010960e+00
 3.001880e-29   5.569584e-30   5.389773e+00
 3.523178e-29   5.292484e-30   6.656947e+00
 3.109319e-29   6.995249e-30   4.444901e+00
 3.213162e-29   5.190832e-30   6.190070e+00
 3.319106e-29   6.028495e-30   5.505696e+00
 2.639960e-29   7.744879e-30   3.408652e+00
 2.902878e-29   5.466898e-30   5.309917e+00
 2.829349e-29   5.606266e-30   5.046763e+00
 3.178670e-29   6.431050e-30   4.942691e+00
 3.052688e-29   5.837463e-30   5.229477e+00
 3.198012e-29   5.833495e-30   5.482155e+00
 3.035553e-29   6.303005e-30   4.816040e+00
 2.685638e-29   6.720016e-30   3.996476e+00
 2.896793e-29   6.791401e-30   4.265384e+00
 3.174905e-29   6.874889e-30   4.618118e+00
 2.924260e-29   4.570245e-30   6.398476e+00
 2.782777e-29   6.845189e-30   4.065302e+00
 3.327609e-29   5.417122e-30   6.142761e+00
 2.820118e-29   6.355044e-30   4.437605e+00
 3.173899e-29   6.341115e-30   5.005269e+00
 2.932303e-29   5.688609e-30   5.154692e+00
 3.004361e-29   7.527275e-30   3.991300e+00
 2.686259e-29   6.195344e-30   4.335933e+00
 2.803414e-29   7.848739e-30   3.571802e+00
 2.962113e-29   5.424768e-30   5.460349e+00
 2.924540e-29   5.404936e-30   5.410868e+00
 3.149934e-29   6.615082e-30   4.761747e+00
 3.142665e-29   6.383637e-30   4.923001e+00
 2.152821e-29   4.900315e-30   4.393230e+00
 2.958520e-29   4.820347e-30   6.137565e+00
 2.774588e-29   6.359674e-30   4.362783e+00
 2.698584e-29   6.513312e-30   4.143182e+00
 3.006228e-29   5.362372e-30   5.606153e+00
 1.831043e-29   6.966931e-30   2.628191e+00
 2.615256e-29   7.462678e-30   3.504448e+00
 3.069808e-29   6.672848e-30   4.600447e+00
 3.156660e-29   6.668936e-30   4.733379e+00
 3.193780e-29   6.658548e-30   4.796512e+00
 3.107339e-29   4.658648e-30   6.670045e+00
 3.268414e-29   6.751978e-30   4.840676e+00
 3.152012e-29   5.372384e-30   5.867064e+00
 3.218438e-29   4.998381e-30   6.438960e+00
 3.148793e-29   6.622613e-30   4.754609e+00
 3.220934e-29   6.164882e-30   5.224648e+00
 2.903916e-29   6.144822e-30   4.725794e+00
 3.208127e-29   5.862825e-30   5.471982e+00
 2.679874e-29   5.972685e-30   4.486884e+00
 2.821603e-29   5.484112e-30   5.145050e+00
 2.845778e-29   6.551586e-30   4.343647e+00
 3.052471e-29   4.914920e-30   6.210623e+00
 3.327873e-29   5.644901e-30   5.895361e+00
 2.369019e-29   7.164128e-30   3.306779e+00
 3.067141e-29   5.933403e-30   5.169278e+00
 3.071469e-29   6.155739e-30   4.989602e+00
 3.195563e-29   6.344454e-30   5.036781e+00
 3.296080e-29   5.883562e-30   5.602185e+00
 2.846311e-29   6.576376e-30   4.328084e+00
 2.293694e-29   6.590269e-30   3.480426e+00
 3.372633e-29   5.359830e-30   6.292426e+00
 3.126061e-29   6.482784e-30   4.822096e+00
 3.163030e-29   6.441131e-30   4.910674e+00
 3.289664e-29   5.322786e-30   6.180342e+00
 2.986993e-29   6.289565e-30   4.749125e+00
 2.891894e-29   5.710023e-30   5.064592e+00
 2.979250e-29   6.492105e-30   4.589035e+00
 3.381936e-29   5.519180e-30   6.127605e+00
 3.045244e-29   6.586946e-30   4.623150e+00
 3.089139e-29   5.756069e-30   5.366752e+00
 2.563704e-29   4.938559e-30   5.191199e+00
 3.196408e-29   6.011843e-30   5.316853e+00
 3.174173e-29   6.587187e-30   4.818708e+00
 2.892916e-29   6.059612e-30   4.774095e+00
 2.717066e-29   6.509095e-30   4.174262e+00
 3.131271e-29   5.587938e-30   5.603626e+00
 3.249025e-29   6.108820e-30   5.318580e+00
 2.914361e-29   6.717215e-30   4.338644e+00
 2.831755e-29   7.171676e-30   3.948526e+00
 3.038754e-29   5.546774e-30   5.478417e+00
 3.315932e-29   6.552493e-30   5.060565e+00
 3.086298e-29   6.750830e-30   4.571730e+00
 2.958815e-29   6.856952e-30   4.315059e+00
 3.554245e-29   5.577368e-30   6.372620e+00
 3.082960e-29   7.311458e-30   4.216614e+00
 2.692568e-29   7.153910e-30   3.763770e+00
 3.017405e-29   5.292944e-30   5.700807e+00
 3.378165e-29   7.303528e-30   4.625388e+00
 2.758913e-29   4.272654e-30   6.457141e+00
 3.223667e-29   5.807187e-30   5.551168e+00
 2.787715e-29   5.735167e-30   4.860740e+00
 2.980412e-29   5.099067e-30   5.845016e+00
 3.111632e-29   6.956842e-30   4.472766e+00
 3.183596e-29   6.545113e-30   4.864081e+00
 3.312160e-29   5.816053e-30   5.694858e+00
 3.245159e-29   6.007015e-30   5.402282e+00
 3.009675e-29   5.016755e-30   5.999247e+00
 3.259328e-29   5.918237e-30   5.507262e+00
 3.102947e-29   5.476962e-30   5.665453e+00
 3.288297e-29   5.856567e-30   5.614718e+00
 2.884375e-29   5.552910e-30   5.194349e+00
 2.718723e-29   5.569945e-30   4.881060e+00
 3.007944e-29   4.597843e-30   6.542076e+00
 3.217365e-29   5.484354e-30   5.866442e+00
 2.823604e-29   5.422495e-30   5.207204e+00
 2.022260e-29   5.203237e-30   3.886542e+00
 2.986508e-29   5.382722e-30   5.548323e+00
 2.937432e-29   6.128753e-30   4.792870e+00
 3.293751e-29   5.749193e-30   5.729066e+00
 2.951876e-29   5.249463e-30   5.623196e+00
 2.673122e-29   7.222871e-30   3.700913e+00
 3.294320e-29   5.899456e-30   5.584109e+00
 2.763523e-29   8.595163e-30   3.215207e+00
 3.129589e-29   6.143064e-30   5.094508e+00
 3.078530e-29   5.863857e-30   5.250010e+00
 3.160417e-29   6.397030e-30   4.940443e+00
 3.150600e-29   6.637816e-30   4.746441e+00
 3.442397e-29   5.066582e-30   6.794319e+00
 3.337798e-29   5.156023e-30   6.473590e+00
 2.684740e-29   6.519786e-30   4.117835e+00
 3.146444e-29   6.650394e-30   4.731215e+00
 2.967197e-29   5.917713e-30   5.014094e+00
 2.979483e-29   7.300136e-30   4.081408e+00
 3.101557e-29   5.666200e-30   5.473786e+00
 2.809985e-29   5.641439e-30   4.980971e+00
 2.666277e-29   6.455143e-30   4.130469e+00
 2.869502e-29   5.646683e-30   5.081748e+00
 3.084338e-29   5.369858e-30   5.743797e+00
 2.936136e-29   7.012813e-30   4.186816e+00
 3.481655e-29   5.716307e-30   6.090742e+00
 3.051089e-29   5.703049e-30   5.349927e+00
 2.854406e-29   7.125633e-30   4.005828e+00
 3.029216e-29   7.543358e-30   4.015740e+00
 2.779248e-29   6.757322e-30   4.112943e+00
 2.664144e-29   7.390620e-30   3.604765e+00
 3.058515e-29   7.133710e-30   4.287412e+00
 2.520975e-29   6.488092e-30   3.885541e+00
 2.589418e-29   7.280854e-30   3.556475e+00
 2.920647e-29   6.190446e-30   4.717992e+00
 3.233497e-29   5.804018e-30   5.571135e+00
 2.759528e-29   5.983941e-30   4.611556e+00
 3.167705e-29   6.397099e-30   4.951784e+00
 3.119746e-29   6.753610e-30   4.619375e+00
 3.124378e-29   6.962192e-30   4.487636e+00
 2.947872e-29   6.528472e-30   4.515408e+00
 2.756690e-29   5.761570e-30   4.784616e+00
 2.759268e-29   7.782748e-30   3.545365e+00
 2.851269e-29   5.409607e-30   5.270752e+00
 3.145480e-29   6.434394e-30   4.888541e+00
 3.384181e-29   5.246549e-30   6.450299e+00
 2.996154e-29   5.607075e-30   5.343524e+00
 2.834475e-29   5.174452e-30   5.477826e+00
 3.159722e-29   6.225305e-30   5.075610e+00
 2.333316e-29   6.259082e-30   3.727888e+00
 3.148055e-29   5.313033e-30   5.925155e+00
 3.010875e-29   6.558581e-30   4.590741e+00
 2.477429e-29   4.892368e-30   5.063866e+00
 2.995876e-29   5.988337e-30   5.002852e+00
 2.915256e-29   6.548857e-30   4.451548e+00
 2.792482e-29   6.837218e-30   4.084237e+00
 2.904027e-29   5.720321e-30   5.076686e+00
 3.414224e-29   5.151155e-30   6.628075e+00
 2.797907e-29   5.893503e-30   4.747443e+00
 2.460859e-29   5.116656e-30   4.809507e+00
 3.248168e-29   5.981281e-30   5.430556e+00
 2.969941e-29   7.200468e-30   4.124650e+00
 2.963358e-29   6.423912e-30   4.613012e+00
 2.956573e-29   6.155036e-30   4.803502e+00
 3.236377e-29   5.184328e-30   6.242617e+00
 3.080223e-29   7.245044e-30   4.251490e+00
 3.088068e-29   5.403541e-30   5.714897e+00
 2.889076e-29   6.279421e-30   4.600863e+00
 2.561937e-29   5.632743e-30   4.548294e+00
 3.206574e-29   6.350013e-30   5.049712e+00
 3.171268e-29   6.513692e-30   4.868619e+00
 3.240584e-29   4.924024e-30   6.581170e+00
 2.944485e-29   5.344242e-30   5.509641e+00
 2.937268e-29   5.430583e-30   5.408752e+00
 3.108386e-29   6.773116e-30   4.589300e+00
 2.938722e-29   5.207808e-30   5.642916e+00
 3.262388e-29   6.273108e-30   5.200594e+00
 2.950522e-29   6.800563e-30   4.338643e+00
 3.191993e-29   5.586314e-30   5.713952e+00
 2.874371e-29   5.742564e-30   5.005379e+00
 3.328535e-29   7.099982e-30   4.688089e+00
 3.051613e-29   6.076840e-30   5.021709e+00
 3.261177e-29   6.636751e-30   4.913816e+00
 3.022063e-29   6.160543e-30   4.905514e+00
 2.984631e-29   5.199759e-30   5.739941e+00
 3.158396e-29   6.831148e-30   4.623521e+00
 2.809387e-29   5.714347e-30   4.916375e+00
 2.983628e-29   5.172558e-30   5.768186e+00
 2.939314e-29   6.217239e-30   4.727685e+00
 3.271688e-29   5.364747e-30   6.098494e+00
 3.053555e-29   7.339343e-30   4.160529e+00
 2.898894e-29   5.207316e-30   5.566964e+00
 3.239129e-29   5.985454e-30   5.411668e+00
 2.684289e-29   7.071956e-30   3.795682e+00
 3.107659e-29   6.964080e-30   4.462411e+00
 2.934005e-29   6.251787e-30   4.693067e+00
 3.283240e-29   5.971662e-30   5.498034e+00
 3.055351e-29   7.329786e-30   4.168405e+00
 3.258833e-29   6.381218e-30   5.106915e+00
 2.981527e-29   5.177729e-30   5.758367e+00
 2.636243e-29   4.711648e-30   5.595162e+00
 3.333245e-29   6.220803e-30   5.358223e+00
 3.006024e-29   5.019727e-30   5.988422e+00
 2.938368e-29   5.479935e-30   5.362049e+00
 3.093175e-29   6.663091e-30   4.642253e+00
 3.215480e-29   6.789455e-30   4.735991e+00
 3.114688e-29   5.398865e-30   5.769154e+00
 3.095930e-29   7.038883e-30   4.398325e+00
 3.047419e-29   7.503374e-30   4.061399e+00
 2.156128e-29   5.879827e-30   3.666992e+00
 3.114969e-29   6.785400e-30   4.590694e+00
 3.021881e-29   5.323678e-30   5.676302e+00
 3.083705e-29   5.020940e-30   6.141688e+00
 3.211454e-29   5.400412e-30   5.946684e+00
 3.027316e-29   5.292264e-30   5.720266e+00
 2.688070e-29   5.630826e-30   4.773848e+00
 2.899754e-29   6.563668e-30   4.417887e+00
 3.505978e-29   5.638171e-30   6.218290e+00
 2.891702e-29   4.155264e-30   6.959129e+00
 2.829898e-29   5.736008e-30   4.933568e+00
 2.575584e-29   7.302413e-30   3.527032e+00
 3.445919e-29   5.738721e-30   6.004681e+00
 3.333744e-29   5.513264e-30   6.046771e+00
 3.054647e-29   5.498257e-30   5.555665e+00
 2.822261e-29   6.736791e-30   4.189325e+00
 2.668069e-29   6.809590e-30   3.918106e+00
 3.094368e-29   7.203431e-30   4.295685e+00
 3.169800e-29   5.431980e-30   5.835440e+00
 2.563087e-29   7.646730e-30   3.351873e+00
 2.975742e-29   4.913012e-30   6.056859e+00
 3.091640e-29   7.056188e-30   4.381459e+00
 3.200361e-29   6.266524e-30   5.107075e+00
 3.161400e-29   6.046787e-30   5.228232e+00
 2.541309e-29   5.987572e-30   4.244307e+00
 3.206717e-29   6.388692e-30   5.019364e+00
 3.133672e-29   6.774505e-30   4.625684e+00
 2.944125e-29   5.607583e-30   5.250256e+00
 3.311705e-29   5.630576e-30   5.881646e+00
 2.730670e-29   6.907557e-30   3.953164e+00
 3.282571e-29   5.759940e-30   5.698967e+00
 2.902097e-29   6.764122e-30   4.290426e+00
 3.091115e-29   5.250958e-30   5.886764e+00
 2.645529e-29   6.603177e-30   4.006448e+00
 3.250035e-29   4.232428e-30   7.678891e+00
 2.918891e-29   6.129918e-30   4.761713e+00
 3.064463e-29   5.662031e-30   5.412303e+00
 3.329444e-29   6.085717e-30   5.470916e+00
 3.344562e-29   5.674250e-30   5.894281e+00
 3.170547e-29   6.864554e-30   4.618723e+00
 3.201007e-29   6.353684e-30   5.038034e+00
 2.426623e-29   5.388278e-30   4.503522e+00
 3.142139e-29   6.095278e-30   5.155037e+00
 3.356132e-29   7.355585e-30   4.562698e+00
 3.050922e-29   6.626839e-30   4.603888e+00
 2.984033e-29   4.936951e-30   6.044284e+00
 2.827040e-29   6.237729e-30   4.532162e+00
 3.127856e-29   5.918103e-30   5.285234e+00
 3.121466e-29   5.375719e-30   5.806602e+00
 2.835801e-29   5.248022e-30   5.403561e+00
 2.871592e-29   5.344759e-30   5.372725e+00
 3.175279e-29   6.548009e-30   4.849228e+00
 2.945131e-29   6.275108e-30   4.693355e+00
 3.338460e-29   4.312035e-30   7.742192e+00
 2.526769e-29   5.100369e-30   4.954091e+00
 1.991412e-29   6.063660e-30   3.284174e+00
 2.932711e-29   5.740119e-30   5.109147e+00
 3.649372e-29   7.235706e-30   5.043560e+00
 3.097921e-29   6.249227e-30   4.957287e+00
 2.764228e-29   6.010103e-30   4.599302e+00
 2.802182e-29   5.984513e-30   4.682389e+00
 3.370747e-29   6.041499e-30   5.579322e+00
 3.138311e-29   6.895576e-30   4.551195e+00
 3.173486e-29   6.637506e-30   4.781143e+00
 2.795242e-29   7.903764e-30   3.536596e+00
 3.002842e-29   5.601771e-30   5.360523e+00
 2.558741e-29   5.631124e-30   4.543927e+00
 3.187487e-29   6.596255e-30   4.832267e+00
 2.878490e-29   5.178792e-30   5.558227e+00
 2.369558e-29   5.175516e-30   4.578399e+00
 2.923432e-29   7.212775e-30   4.053131e+00
 3.046575e-29   5.304672e-30   5.743192e+00
 3.486392e-29   6.136884e-30   5.681045e+00
 3.039842e-29   5.580404e-30   5.447351e+00
 2.893848e-29   5.471985e-30   5.288479e+00
 3.022498e-29   6.446414e-30   4.688650e+00
 2.893771e-29   5.566078e-30   5.198941e+00
 2.950444e-29   6.419389e-30   4.596145e+00
 2.977110e-29   6.461464e-30   4.607485e+00
 3.106766e-29   5.421361e-30   5.730601e+00
 2.666747e-29   5.046937e-30   5.283891e+00
 3.038914e-29   5.824141e-30   5.217788e+00
 3.278593e-29   5.804452e-30   5.648412e+00
 3.358240e-29   5.682718e-30   5.909567e+00
 2.959848e-29   8.602224e-30   3.440795e+00
 2.981131e-29   6.161164e-30   4.838584e+00
 3.126447e-29   4.442676e-30   7.037306e+00
 3.411829e-29   5.452611e-30   6.257239e+00
 3.334386e-29   5.157303e-30   6.465368e+00
 3.256811e-29   5.044891e-30   6.455662e+00
 2.819548e-29   5.668655e-30   4.973927e+00
 3.189457e-29   6.191095e-30   5.151685e+00
 3.387613e-29   5.327707e-30   6.358482e+00
 2.887028e-29   6.044816e-30   4.776040e+00
 3.030194e-29   6.874855e-30   4.407648e+00
 2.713465e-29   6.193282e-30   4.381304e+00
 2.863370e-29   5.565671e-30   5.144699e+00
 2.397926e-29   6.296052e-30   3.808619e+00
 2.332457e-29   6.655634e-30   3.504484e+00
 3.122817e-29   6.803499e-30   4.590016e+00
 3.511197e-29   5.086628e-30   6.902799e+00
 3.079389e-29   7.699070e-30   3.999690e+00
 2.807844e-29   7.353911e-30   3.818164e+00
 3.351780e-29   5.159780e-30   6.495974e+00
 2.808275e-29   6.986900e-30   4.019343e+00
 2.917658e-29   7.035142e-30   4.147263e+00
 3.145581e-29   5.868358e-30   5.360241e+00
 2.663320e-29   5.438833e-30   4.896860e+00
 3.216886e-29   6.719698e-30   4.787249e+00
 2.627950e-29   5.740189e-30   4.578160e+00
 2.852662e-29   6.294297e-30   4.532137e+00
 2.813268e-29   5.579214e-30   5.042408e+00
 3.337462e-29   6.948755e-30   4.802963e+00
 2.920744e-29   5.632497e-30   5.185522e+00
 2.929231e-29   5.638686e-30   5.194883e+00
 3.175404e-29   6.547345e-30   4.849910e+00
 2.872566e-29   6.851009e-30   4.192909e+00
 3.367296e-29   5.356527e-30   6.286342e+00
 2.766644e-29   6.339628e-30   4.364048e+00
 2.618261e-29   7.277161e-30   3.597915e+00
 3.020987e-29   6.486222e-30   4.657545e+00
 2.960651e-29   5.395572e-30   5.487187e+00
 3.405393e-29   6.391956e-30   5.327622e+00
 2.748168e-29   5.575915e-30   4.928641e+00
 3.179174e-29   6.365316e-30   4.994527e+00
 3.250820e-29   6.192874e-30   5.249291e+00
 2.952737e-29   6.330332e-30   4.664427e+00
 3.199513e-29   6.910106e-30   4.630194e+00
 3.114592e-29   6.763259e-30   4.605164e+00
 3.324093e-29   5.211847e-30   6.377955e+00
 3.212638e-29   6.207176e-30   5.175685e+00
 2.872859e-29   9.081210e-30   3.163520e+00
 2.307366e-29   6.196851e-30   3.723450e+00
 2.687559e-29   7.006125e-30   3.836014e+00
 2.874970e-29   6.245177e-30   4.603505e+00
 3.083238e-29   5.876999e-30   5.246280e+00
 2.964797e-29   5.326838e-30   5.565772e+00
 2.847254e-29   6.739628e-30   4.224646e+00
 2.871480e-29   6.709703e-30   4.279594e+00
 3.254331e-29   6.493826e-30   5.011424e+00
 2.337671e-29   6.193463e-30   3.774417e+00
 2.735321e-29   5.206875e-30   5.253288e+00
 2.410585e-29   5.271036e-30   4.573266e+00
 2.894998e-29   6.017637e-30   4.810855e+00
 2.691928e-29   5.153521e-30   5.223473e+00
 3.290253e-29   6.216457e-30   5.292810e+00
 2.686098e-29   6.249308e-30   4.298232e+00
 3.371006e-29   5.860923e-30   5.751665e+00
 2.910190e-29   6.044802e-30   4.814368e+00
 2.858772e-29   6.087106e-30   4.696439e+00
 3.225835e-29   5.917987e-30   5.450899e+00
 2.099559e-29   5.723053e-30   3.668600e+00
 1.898885e-29   5.349564e-30   3.549607e+00
 3.370841e-29   5.204545e-30   6.476726e+00
 3.092661e-29   7.105626e-30   4.352412e+00
 1.958564e-29   4.908253e-30   3.990349e+00
 2.372073e-29   5.537322e-30   4.283790e+00
 2.912076e-29   5.718587e-30   5.092300e+00
 1.939225e-29   5.785544e-30   3.351846e+00
 3.168770e-29   5.045667e-30   6.280180e+00
 2.897935e-29   5.929368e-30   4.887427e+00
 3.205703e-29   5.136342e-30   6.241219e+00
 2.997704e-29   7.492509e-30   4.000934e+00
 2.856606e-29   5.648299e-30   5.057463e+00
 2.600718e-29   5.356539e-30   4.855221e+00
 3.118029e-29   6.901196e-30   4.518099e+00
 3.409324e-29   5.255429e-30   6.487242e+00
 3.228173e-29   5.140695e-30   6.279643e+00
 2.859984e-29   4.561236e-30   6.270195e+00
 2.750612e-29   5.352045e-30   5.139365e+00
 2.965148e-29   5.370380e-30   5.521299e+00
 3.203608e-29   6.184525e-30   5.180039e+00
 2.803314e-29   7.253923e-30   3.864549e+00
 2.593186e-29   8.088740e-30   3.205921e+00
 2.958439e-29   6.518946e-30   4.538216e+00
 2.995964e-29   8.008891e-30   3.740798e+00
 3.020884e-29   5.641573e-30   5.354684e+00
 2.656427e-29   7.042699e-30   3.771888e+00
 2.988761e-29   6.898227e-30   4.332651e+00
 2.976055e-29   5.046317e-30   5.897480e+00
 2.768273e-29   6.225417e-30   4.446727e+00
 3.150874e-29   6.110876e-30   5.156174e+00
 2.759238e-29   6.428103e-30   4.292460e+00
 2.913965e-29   5.999581e-30   4.856948e+00
 2.820611e-29   6.902512e-30   4.086354e+00
 2.660093e-29   5.517922e-30   4.820825e+00
 3.288967e-29   4.467403e-30   7.362144e+00
 2.691082e-29   6.378451e-30   4.219021e+00
 2.926304e-29   5.801120e-30   5.044378e+00
 2.888411e-29   5.591332e-30   5.165873e+00
 3.297061e-29   5.991469e-30   5.502926e+00
 2.881126e-29   5.919916e-30   4.866836e+00
 2.661145e-29   5.121102e-30   5.196431e+00
 2.878981e-29   5.848123e-30   4.922915e+00
 2.934766e-29   5.633140e-30   5.209823e+00
 2.826160e-29   5.733610e-30   4.929111e+00
 3.035616e-29   5.480686e-30   5.538752e+00
 3.270333e-29   5.497694e-30   5.948554e+00
 3.052767e-29   6.684943e-30   4.566631e+00
 2.898726e-29   5.865615e-30   4.941897e+00
 3.116604e-29   6.743657e-30   4.621534e+00
 2.905194e-29   5.543198e-30   5.241007e+00
 3.061958e-29   6.534561e-30   4.685789e+00
 3.419044e-29   4.877068e-30   7.010449e+00
 3.042776e-29   5.686241e-30   5.351119e+00
 3.059372e-29   6.454095e-30   4.740202e+00
 2.944407e-29   6.664087e-30   4.418320e+00
 2.929331e-29   5.180122e-30   5.654946e+00
 2.758675e-29   6.056712e-30   4.554741e+00
 2.978057e-29   6.633942e-30   4.489121e+00
 2.823094e-29   6.714931e-30   4.204204e+00
 2.920772e-29   6.659413e-30   4.385930e+00
 3.087805e-29   5.529799e-30   5.583936e+00
 3.037167e-29   5.115587e-30   5.937084e+00
 3.100820e-29   7.010857e-30   4.422882e+00
 3.099246e-29   7.083218e-30   4.375477e+00
 3.036351e-29   7.043737e-30   4.310711e+00
 3.195836e-29   6.119972e-30   5.221978e+00
 2.804944e-29   7.251312e-30   3.868188e+00
 2.982176e-29   5.730627e-30   5.203927e+00
 3.407199e-29   5.220100e-30   6.527077e+00
 2.937891e-29   5.996448e-30   4.899385e+00
 2.874804e-29   7.416093e-30   3.876441e+00
 3.143613e-29   5.134275e-30   6.122799e+00
 3.290276e-29   5.912020e-30   5.565401e+00
 3.101278e-29   5.638183e-30   5.500492e+00
 3.020642e-29   6.962938e-30   4.338172e+00
 3.127379e-29   6.774620e-30   4.616316e+00
 2.776766e-29   5.981403e-30   4.642332e+00
 3.226838e-29   6.721326e-30   4.800895e+00
 2.782307e-29   6.565950e-30   4.237478e+00
 3.324143e-29   7.512881e-30   4.424592e+00
 2.817441e-29   5.938374e-30   4.744466e+00
 3.061958e-29   6.534561e-30   4.685789e+00
 3.183660e-29   6.464905e-30   4.924527e+00
 2.953784e-29   5.649404e-30   5.228488e+00
 2.694692e-29   6.518746e-30   4.133758e+00
 3.412078e-29   5.282402e-30   6.459330e+00
 2.676212e-29   7.370256e-30   3.631098e+00
 2.943338e-29   5.406748e-30   5.443824e+00
 3.162427e-29   5.387257e-30   5.870200e+00
 3.211280e-29   5.095868e-30   6.301734e+00
 2.888247e-29   6.312513e-30   4.575431e+00
 3.374711e-29   6.434092e-30   5.245046e+00
 2.847265e-29   6.090000e-30   4.675311e+00
 2.762359e-29   6.993691e-30   3.949786e+00
 2.908543e-29   5.911138e-30   4.920446e+00
 2.298415e-29   5.967947e-30   3.851265e+00
 1.966419e-29   5.987680e-30   3.284108e+00
 2.869208e-29   6.440032e-30   4.455270e+00
 3.405929e-29   5.457203e-30   6.241162e+00
 3.084045e-29   4.905382e-30   6.287064e+00
 1.854541e-29   6.961088e-30   2.664154e+00
 2.601748e-29   7.069330e-30   3.680332e+00
 2.978241e-29   6.085633e-30   4.893888e+00
 3.090905e-29   6.059731e-30   5.100730e+00
 3.105362e-29   6.939174e-30   4.475117e+00
 2.571637e-29   5.865731e-30   4.384171e+00
 1.852046e-29   5.524243e-30   3.352580e+00
 2.961994e-29   4.657520e-30   6.359595e+00
 2.777292e-29   5.861496e-30   4.738196e+00
 2.590329e-29   6.495561e-30   3.987845e+00
 3.190573e-29   6.038267e-30   5.283921e+00
 3.115519e-29   5.031220e-30   6.192374e+00
 2.838053e-29   5.902147e-30   4.808509e+00
 2.932918e-29   6.099410e-30   4.808527e+00
 3.063244e-29   6.589898e-30   4.648394e+00
 2.974778e-29   6.150153e-30   4.836917e+00
 2.693069e-29   6.287457e-30   4.283241e+00
 2.964403e-29   5.361012e-30   5.529559e+00
 3.021120e-29   5.276477e-30   5.725638e+00
 2.815528e-29   6.508940e-30   4.325632e+00
 3.002505e-29   6.121612e-30   4.904762e+00
 2.916861e-29   5.995973e-30   4.864700e+00
 3.216893e-29   5.429775e-30   5.924542e+00
 2.920621e-29   6.106957e-30   4.782449e+00
 3.344585e-29   5.435666e-30   6.153037e+00
 3.080886e-29   5.340890e-30   5.768488e+00
 3.054587e-29   7.432313e-30   4.109875e+00
 2.675425e-29   7.110317e-30   3.762736e+00
 2.970556e-29   5.561049e-30   5.341719e+00
 2.833033e-29   5.284557e-30   5.360965e+00
 3.215673e-29   5.669218e-30   5.672163e+00
 2.591065e-29   4.845816e-30   5.347013e+00
 2.939554e-29   5.467860e-30   5.376060e+00
 2.808264e-29   6.282835e-30   4.469741e+00
 3.051933e-29   6.745830e-30   4.524177e+00
 3.097482e-29   6.604317e-30   4.690087e+00
 3.064424e-29   7.108802e-30   4.310746e+00
 3.121756e-29   5.906284e-30   5.285482e+00
 3.159968e-29   6.572287e-30   4.808019e+00
 3.196650e-29   6.322500e-30   5.055991e+00
 3.389990e-29   5.416317e-30   6.258847e+00
 2.768211e-29   5.834656e-30   4.744429e+00
 3.015250e-29   5.016739e-30   6.010378e+00
 3.332683e-29   5.795095e-30   5.750868e+00
 2.747676e-29   7.838683e-30   3.505278e+00
 3.135264e-29   5.622012e-30   5.576766e+00
 3.100566e-29   7.004206e-30   4.426720e+00
 3.306009e-29   5.967322e-30   5.540188e+00
 3.479309e-29   6.689159e-30   5.201415e+00
 3.253542e-29   6.009573e-30   5.413932e+00
 3.441389e-29   4.129989e-30   8.332683e+00
 2.623812e-29   5.320181e-30   4.931809e+00
 3.074661e-29   6.791998e-30   4.526887e+00
 2.930463e-29   5.627207e-30   5.207668e+00
 3.009684e-29   7.717034e-30   3.900053e+00
 2.618841e-29   7.206208e-30   3.634145e+00
 2.838624e-29   7.386264e-30   3.843112e+00
 2.835381e-29   7.106370e-30   3.989915e+00
 3.544842e-29   5.742086e-30   6.173438e+00
 2.906494e-29   6.539316e-30   4.444646e+00
 3.236541e-29   6.822750e-30   4.743749e+00
 3.505502e-29   5.449951e-30   6.432172e+00
 3.159750e-29   5.953945e-30   5.306987e+00
 2.653799e-29   5.351794e-30   4.958709e+00
 3.353149e-29   5.589191e-30   5.999346e+00
 2.966025e-29   5.164247e-30   5.743383e+00
 3.267701e-29   5.341647e-30   6.117404e+00
 3.113139e-29   6.943102e-30   4.483787e+00
 3.036587e-29   5.116133e-30   5.935317e+00
 2.927965e-29   6.122622e-30   4.782208e+00
 2.756342e-29   5.259040e-30   5.241150e+00
 2.833226e-29   5.749158e-30   4.928071e+00
 3.142665e-29   6.383637e-30   4.923001e+00
 2.422353e-29   4.668582e-30   5.188628e+00
 2.862775e-29   5.561763e-30   5.147243e+00
 3.133123e-29   6.162072e-30   5.084528e+00
 2.858034e-29   6.830687e-30   4.184109e+00
 3.486700e-29   5.655035e-30   6.165656e+00
 2.979647e-29   5.691486e-30   5.235270e+00
 3.167856e-29   6.437357e-30   4.921051e+00
 2.799082e-29   6.012378e-30   4.655532e+00
 3.132266e-29   5.537890e-30   5.656063e+00
 3.200518e-29   6.021449e-30   5.315196e+00
 3.243939e-29   4.695890e-30   6.908038e+00
 3.095774e-29   7.094691e-30   4.363507e+00
 2.525094e-29   5.994043e-30   4.212672e+00
 3.375705e-29   5.170263e-30   6.529078e+00
 2.699150e-29   5.826450e-30   4.632581e+00
 2.819285e-29   6.407396e-30   4.400049e+00
 3.101025e-29   7.337869e-30   4.226056e+00
 2.830502e-29   6.687714e-30   4.232391e+00
 3.118812e-29   6.869307e-30   4.540214e+00
 1.720275e-29   6.839499e-30   2.515207e+00
 3.415506e-29   5.174316e-30   6.600885e+00
 2.899473e-29   5.223978e-30   5.550316e+00
 2.970494e-29   5.372428e-30   5.529146e+00
 3.299313e-29   5.721872e-30   5.766142e+00
 2.956727e-29   6.188695e-30   4.777626e+00
 2.817364e-29   5.922365e-30   4.757161e+00
 2.761602e-29   6.063395e-30   4.554547e+00
 3.165848e-29   5.826884e-30   5.433175e+00
 1.983322e-29   7.739749e-30   2.562515e+00
 3.061989e-29   6.215284e-30   4.926548e+00
 2.741282e-29   6.276494e-30   4.367538e+00
 2.963790e-29   5.468933e-30   5.419321e+00
 3.285506e-29   6.820672e-30   4.816983e+00
 3.165308e-29   6.874501e-30   4.604418e+00
 2.798931e-29   6.191477e-30   4.520619e+00
 2.999082e-29   5.577526e-30   5.377082e+00
 2.742540e-29   5.914421e-30   4.637038e+00
 3.065892e-29   4.898298e-30   6.259096e+00
 3.130582e-29   6.864200e-30   4.560738e+00
 3.168509e-29   5.360233e-30   5.911141e+00
 3.205459e-29   5.678780e-30   5.644626e+00
 3.228851e-29   5.847313e-30   5.521939e+00
 2.820714e-29   6.558351e-30   4.300950e+00
 3.237215e-29   5.709418e-30   5.669956e+00
 3.162828e-29   7.409607e-30   4.268551e+00
 2.473863e-29   5.594575e-30   4.421896e+00
 3.309481e-29   6.911291e-30   4.788514e+00
 2.916028e-29   6.525060e-30   4.468967e+00
 3.098716e-29   6.192627e-30   5.003880e+00
 2.488128e-29   5.907714e-30   4.211660e+00
 2.218514e-29   4.527334e-30   4.900267e+00
 3.004102e-29   5.881804e-30   5.107449e+00
 3.155397e-29   6.235328e-30   5.060514e+00
 3.343475e-29   5.395406e-30   6.196892e+00
 3.305956e-29   5.601109e-30   5.902324e+00
 3.383752e-29   5.114101e-30   6.616514e+00
 2.288145e-29   5.582767e-30   4.098586e+00
 3.065475e-29   5.805541e-30   5.280258e+00
 1.991137e-29   6.161874e-30   3.231382e+00
 2.710739e-29   6.329648e-30   4.282607e+00
 3.300945e-29   5.660656e-30   5.831382e+00
 2.829128e-29   6.460367e-30   4.379206e+00
 3.085971e-29   5.273735e-30   5.851585e+00
 3.000280e-29   6.625821e-30   4.528163e+00
 2.821646e-29   5.312732e-30   5.311102e+00
 3.192241e-29   5.833782e-30   5.471992e+00
 2.833867e-29   7.122131e-30   3.978960e+00
 3.099322e-29   4.888485e-30   6.340046e+00
 3.481504e-29   5.446842e-30   6.391783e+00
 2.679129e-29   7.285244e-30   3.677473e+00
 2.914440e-29   5.903745e-30   4.936596e+00
 3.196595e-29   4.822688e-30   6.628244e+00
 2.752000e-29   4.898101e-30   5.618505e+00
 3.078486e-29   5.683483e-30   5.416549e+00
 2.845889e-29   5.185903e-30   5.487740e+00
 2.957995e-29   5.921340e-30   4.995483e+00
 2.692116e-29   5.544944e-30   4.855083e+00
 3.171278e-29   6.639848e-30   4.776130e+00
 2.783485e-29   5.657963e-30   4.919589e+00
 3.141077e-29   7.255681e-30   4.329128e+00
 2.609536e-29   6.006002e-30   4.344881e+00
 3.159096e-29   6.277523e-30   5.032393e+00
 3.605802e-29   4.854678e-30   7.427479e+00
 3.084376e-29   4.899523e-30   6.295259e+00
 2.878600e-29   5.643136e-30   5.101065e+00
 3.064473e-29   5.919870e-30   5.176588e+00
 2.984368e-29   5.418406e-30   5.507834e+00
 3.363746e-29   6.720146e-30   5.005466e+00
 2.558741e-29   5.631124e-30   4.543927e+00
 2.560913e-29   7.038152e-30   3.638615e+00
 2.778122e-29   6.179612e-30   4.495625e+00
 2.867864e-29   5.494256e-30   5.219749e+00
 2.831012e-29   5.669235e-30   4.993640e+00
 3.261295e-29   5.635027e-30   5.787541e+00
 3.203530e-29   6.273575e-30   5.106387e+00
 3.108203e-29   5.457229e-30   5.695570e+00
 3.170464e-29   6.492994e-30   4.882900e+00
 3.058285e-29   4.675373e-30   6.541264e+00
 2.792434e-29   5.437421e-30   5.135585e+00
 2.667184e-29   7.031252e-30   3.793328e+00
 2.358393e-29   6.704060e-30   3.517857e+00
 3.281685e-29   5.691436e-30   5.766005e+00
 3.256016e-29   5.991493e-30   5.434398e+00
 3.131341e-29   6.268093e-30   4.995684e+00
 2.775706e-29   4.326404e-30   6.415735e+00
 2.848800e-29   6.097622e-30   4.671985e+00
 3.205820e-29   6.769144e-30   4.735931e+00
 3.106676e-29   6.592103e-30   4.712723e+00
 2.791301e-29   6.583525e-30   4.239828e+00
 3.163131e-29   5.345500e-30   5.917373e+00
 2.882811e-29   6.038411e-30   4.774122e+00
 3.144229e-29   6.655775e-30   4.724061e+00
 2.681634e-29   7.077482e-30   3.788966e+00
 3.006898e-29   6.118188e-30   4.914688e+00
 3.042349e-29   5.989498e-30   5.079472e+00
 3.005482e-29   5.715565e-30   5.258416e+00
 3.226631e-29   6.293163e-30   5.127201e+00
 2.173173e-29   7.144490e-30   3.041747e+00
 3.022068e-29   6.714294e-30   4.500947e+00
 3.284981e-29   5.811265e-30   5.652782e+00
 3.264113e-29   5.937389e-30   5.497556e+00
 2.156128e-29   5.879827e-30   3.666992e+00
 2.011564e-29   5.187637e-30   3.877611e+00
 3.014925e-29   5.800207e-30   5.197960e+00
 2.742727e-29   6.596631e-30   4.157769e+00
 2.682507e-29   5.913338e-30   4.536366e+00
 3.083287e-29   6.386327e-30   4.827951e+00
 3.116756e-29   6.563757e-30   4.748433e+00
 3.321622e-29   5.489738e-30   6.050601e+00
 3.209445e-29   6.418682e-30   5.000162e+00
 2.905982e-29   6.616191e-30   4.392228e+00
 3.208855e-29   5.168214e-30   6.208828e+00
 2.962048e-29   5.866547e-30   5.049048e+00
 2.962584e-29   5.784222e-30   5.121836e+00
 3.162081e-29   7.245922e-30   4.363946e+00
 3.087269e-29   5.997054e-30   5.147975e+00
 3.185329e-29   6.849435e-30   4.650499e+00
 3.162019e-29   6.690657e-30   4.726021e+00
 3.195653e-29   5.618089e-30   5.688149e+00
 3.076852e-29   7.185503e-30   4.282027e+00
 2.641025e-29   4.731418e-30   5.581889e+00
 3.033876e-29   7.377410e-30   4.112386e+00
 2.715946e-29   5.741126e-30   4.730686e+00
 3.195867e-29   6.679270e-30   4.784755e+00
 3.177002e-29   6.490513e-30   4.894839e+00
 2.933480e-29   5.133726e-30   5.714134e+00
 3.072805e-29   6.350293e-30   4.838840e+00
 2.551479e-29   4.650238e-30   5.486770e+00
 2.962804e-29   5.809534e-30   5.099900e+00
 2.942595e-29   4.605569e-30   6.389211e+00
 3.276239e-29   5.696528e-30   5.751291e+00
 2.955396e-29   5.361677e-30   5.512073e+00
 2.941679e-29   4.647986e-30   6.328932e+00
 2.912076e-29   5.718587e-30   5.092300e+00
 3.284498e-29   5.943289e-30   5.526398e+00
 3.050705e-29   7.439477e-30   4.100699e+00
 2.930809e-29   6.114543e-30   4.793178e+00
 2.772559e-29   6.186607e-30   4.481550e+00
 3.002764e-29   7.932590e-30   3.785351e+00
 3.020190e-29   6.544337e-30   4.614967e+00
 3.097831e-29   7.678969e-30   4.034176e+00
 3.279620e-29   6.316572e-30   5.192088e+00
 2.227070e-29   4.552635e-30   4.891826e+00
 3.157693e-29   5.330685e-30   5.923616e+00
 3.052837e-29   5.564230e-30   5.486539e+00
 3.249782e-29   6.484069e-30   5.011948e+00
 2.788807e-29   5.996832e-30   4.650468e+00
 3.057201e-29   5.683652e-30   5.378938e+00
 2.968121e-29   5.755735e-30   5.156806e+00
 2.997644e-29   7.822593e-30   3.832034e+00
 3.385444e-29   5.202733e-30   6.507050e+00
 3.221894e-29   6.276891e-30   5.132946e+00
 3.186688e-29   5.860692e-30   5.437392e+00
 3.157109e-29   6.356930e-30   4.966405e+00
 3.129085e-29   6.767343e-30   4.623802e+00
 2.904818e-29   6.178371e-30   4.701592e+00
 3.409386e-29   5.615553e-30   6.071327e+00
 3.191323e-29   5.505199e-30   5.796925e+00
 2.861506e-29   7.289588e-30   3.925470e+00
 3.135575e-29   6.395161e-30   4.903043e+00
 2.988314e-29   5.387482e-30   5.546773e+00
 3.105064e-29   4.319409e-30   7.188630e+00
 2.936700e-29   5.719436e-30   5.134597e+00
 2.758669e-29   7.394172e-30   3.730870e+00
 3.170682e-29   5.615096e-30   5.646710e+00
 3.087010e-29   5.014655e-30   6.155976e+00
 2.824094e-29   6.529331e-30   4.325242e+00
 2.796868e-29   5.287166e-30   5.289919e+00
 2.921259e-29   6.817149e-30   4.285163e+00
 3.111137e-29   6.616188e-30   4.702310e+00
 3.096740e-29   6.533696e-30   4.739645e+00
 2.880695e-29   6.295018e-30   4.576150e+00
 2.611646e-29   7.399914e-30   3.529292e+00
 3.074402e-29   7.515665e-30   4.090658e+00
 2.890613e-29   5.633602e-30   5.131021e+00
 3.195106e-29   6.339646e-30   5.039882e+00
 2.602365e-29   6.578863e-30   3.955645e+00
 3.023295e-29   6.183082e-30   4.889624e+00
 3.171789e-29   5.503954e-30   5.762745e+00
 2.999416e-29   6.681864e-30   4.488892e+00
 2.835119e-29   5.520041e-30   5.136046e+00
 3.160142e-29   5.060934e-30   6.244187e+00
 3.171322e-29   7.147209e-30   4.437148e+00
 3.256669e-29   6.535505e-30   4.983041e+00
 3.215480e-29   6.789455e-30   4.735991e+00
 3.047170e-29   5.854315e-30   5.204999e+00
 3.185637e-29   4.864376e-30   6.548912e+00
 2.644118e-29   4.779312e-30   5.532424e+00
 3.044475e-29   6.899840e-30   4.412385e+00
 1.887010e-29   5.786344e-30   3.261144e+00
 2.308745e-29   6.059410e-30   3.810181e+00
 3.230273e-29   6.165408e-30   5.239349e+00
 2.685738e-29   7.653661e-30   3.509090e+00
 3.365613e-29   5.282502e-30   6.371247e+00
 3.072500e-29   6.295249e-30   4.880665e+00
 2.843732e-29   6.636819e-30   4.284782e+00
 2.989122e-29   5.669766e-30   5.272038e+00
 3.238054e-29   6.156066e-30   5.259941e+00
 2.988837e-29   5.021809e-30   5.951715e+00
 3.426554e-29   4.654058e-30   7.362508e+00
 2.903928e-29   6.390178e-30   4.544361e+00
 3.222667e-29   5.925162e-30   5.438952e+00
 3.096710e-29   7.358899e-30   4.208116e+00
 3.307326e-29   5.568703e-30   5.939132e+00
 2.960488e-29   5.893398e-30   5.023398e+00
 3.545476e-29   5.282695e-30   6.711491e+00
 3.247573e-29   5.691531e-30   5.705973e+00
 2.958540e-29   6.326336e-30   4.676546e+00
 3.074445e-29   7.515665e-30   4.090716e+00
 2.823094e-29   6.714931e-30   4.204204e+00
 3.287378e-29   6.292175e-30   5.224550e+00
 3.517808e-29   4.553632e-30   7.725279e+00
 2.922653e-29   5.269374e-30   5.546490e+00
 3.259247e-29   7.001065e-30   4.655358e+00
 2.709815e-29   6.013063e-30   4.506548e+00
 2.615276e-29   6.401171e-30   4.085621e+00
 2.982951e-29   6.143733e-30   4.855275e+00
 2.861549e-29   6.031727e-30   4.744163e+00
 3.165298e-29   6.625703e-30   4.777301e+00
 2.888074e-29   5.746454e-30   5.025837e+00
 2.831457e-29   5.524726e-30   5.125063e+00
 2.487524e-29   5.680712e-30   4.378894e+00
 2.953165e-29   5.252232e-30   5.622686e+00
 2.880593e-29   6.109691e-30   4.714793e+00
 3.118685e-29   6.259740e-30   4.982133e+00
 3.126588e-29   6.795964e-30   4.600655e+00
 2.979325e-29   5.751516e-30   5.180069e+00
 2.812721e-29   5.418901e-30   5.190575e+00
 3.624382e-29   4.930174e-30   7.351428e+00
 3.350357e-29   5.664452e-30   5.914707e+00
 2.982863e-29   6.128913e-30   4.866872e+00
 3.155548e-29   6.249106e-30   5.049600e+00
 2.845584e-29   5.452329e-30   5.219025e+00
 3.128336e-29   6.831913e-30   4.579004e+00
 1.827378e-29   5.592315e-30   3.267659e+00
 2.839807e-29   5.503679e-30   5.159835e+00
 2.684623e-29   6.609606e-30   4.061699e+00
 2.897568e-29   5.827817e-30   4.971961e+00
 2.623465e-29   6.270565e-30   4.183778e+00
 3.257728e-29   6.034711e-30   5.398316e+00
 2.943139e-29   5.267661e-30   5.587184e+00
 2.876354e-29   5.610754e-30   5.126502e+00
 2.919988e-29   6.043029e-30   4.831993e+00
 3.115834e-29   6.348771e-30   4.907775e+00
 3.198231e-29   5.682604e-30   5.628108e+00
 3.110000e-29   6.747447e-30   4.609150e+00
 3.122401e-29   7.013823e-30   4.451782e+00
 3.139402e-29   4.599913e-30   6.824915e+00
 2.925501e-29   5.202168e-30   5.623620e+00
 2.772930e-29   5.830030e-30   4.756288e+00
 2.747397e-29   5.063874e-30   5.425484e+00
 2.512697e-29   7.000381e-30   3.589372e+00
 2.934579e-29   6.704318e-30   4.377147e+00
 3.233072e-29   6.163246e-30   5.245729e+00
 3.106623e-29   5.551791e-30   5.595713e+00
 3.085241e-29   5.477034e-30   5.633051e+00
 3.101368e-29   5.224788e-30   5.935874e+00
 2.047509e-29   5.339480e-30   3.834660e+00
 2.757349e-29   5.884162e-30   4.686051e+00
 2.764491e-29   6.699230e-30   4.126581e+00
 2.790561e-29   5.408930e-30   5.159174e+00
 2.590940e-29   4.965579e-30   5.217800e+00
 2.912704e-29   5.755166e-30   5.061026e+00
 2.678088e-29   6.887983e-30   3.888058e+00
 3.120392e-29   6.626397e-30   4.709033e+00
 3.339496e-29   5.375692e-30   6.212215e+00
 3.190682e-29   6.706654e-30   4.757487e+00
 3.272872e-29   5.847510e-30   5.597035e+00
 3.112383e-29   6.661180e-30   4.672420e+00
 3.024067e-29   4.600701e-30   6.573057e+00
 2.306161e-29   7.218583e-30   3.194755e+00
 3.311040e-29   6.721885e-30   4.925761e+00
 3.222559e-29   6.535135e-30   4.931128e+00
 2.757557e-29   5.469959e-30   5.041276e+00
 3.330479e-29   5.557063e-30   5.993235e+00
 2.729208e-29   6.698198e-30   4.074541e+00
 3.037449e-29   6.299715e-30   4.821565e+00
 3.297448e-29   6.085921e-30   5.418157e+00
 3.081874e-29   6.705843e-30   4.595804e+00
 3.034370e-29   6.320771e-30   4.800632e+00
 3.192211e-29   5.407892e-30   5.902875e+00
