-1.918547e-30   6.208379e-30  -3.090254e-01
 7.137343e-31   6.857448e-30   1.040816e-01
-2.258849e-30   5.251321e-30  -4.301486e-01
-3.459247e-30   7.041042e-30  -4.912976e-01
-6.945338e-31   7.831748e-30  -8.868183e-02
-1.377599e-30   7.860433e-30  -1.752574e-01
-1.136031e-30   8.293883e-30  -1.369721e-01
-7.101315e-31   6.724463e-30  -1.056042e-01
-3.107312e-30   8.211822e-30  -3.783950e-01
-1.343054e-30   8.340322e-30  -1.610314e-01
 9.312964e-32   6.663908e-30   1.397523e-02
-1.558426e-30   8.791369e-30  -1.772678e-01
-8.944258e-31   7.265289e-30  -1.231095e-01
-9.898726e-31   8.271998e-30  -1.196655e-01
-1.488902e-30   6.783085e-30  -2.195022e-01
-1.099008e-30   7.973258e-30  -1.378368e-01
-1.009537e-30   9.360927e-30  -1.078458e-01
-9.697285e-31   5.038991e-30  -1.924450e-01
-3.057952e-30   4.529631e-30  -6.750995e-01
-1.912966e-30   6.550916e-30  -2.920150e-01
-2.908898e-30   5.980983e-30  -4.863579e-01
 1.448702e-31   6.876375e-30   2.106781e-02
-1.876619e-30   7.001965e-30  -2.680132e-01
-9.392781e-31   5.137669e-30  -1.828218e-01
-1.640400e-30   8.140632e-30  -2.015076e-01
-1.812083e-30   6.518621e-30  -2.779857e-01
-1.430321e-30   7.563406e-30  -1.891108e-01
-4.119950e-30   5.416010e-30  -7.606984e-01
-1.374997e-30   8.524642e-30  -1.612968e-01
-3.580052e-30   5.645001e-30  -6.341986e-01
-9.718364e-31   4.805040e-30  -2.022535e-01
-4.641363e-30   8.578614e-30  -5.410389e-01
-3.185109e-30   7.125240e-30  -4.470178e-01
-3.389697e-30   6.626857e-30  -5.115090e-01
-3.708959e-30   1.123493e-29  -3.301276e-01
-1.548190e-30   7.596566e-30  -2.038014e-01
-1.151336e-30   5.594542e-30  -2.057963e-01
-1.375801e-30   6.523972e-30  -2.108840e-01
-1.088379e-30   5.756813e-30  -1.890592e-01
-9.064693e-31   8.137411e-30  -1.113953e-01
-2.175151e-31   5.530676e-30  -3.932884e-02
-1.573869e-30   5.315290e-30  -2.961022e-01
-2.466538e-30   8.032883e-30  -3.070551e-01
-3.739928e-30   7.000405e-30  -5.342445e-01
-9.318781e-31   6.176165e-30  -1.508830e-01
-3.149654e-30   6.705076e-30  -4.697416e-01
-1.503537e-30   8.729479e-30  -1.722367e-01
-5.535846e-31   5.003410e-30  -1.106415e-01
-1.132676e-30   1.060413e-29  -1.068146e-01
-4.751954e-31   5.332429e-30  -8.911424e-02
-1.213845e-30   7.523000e-30  -1.613512e-01
-1.183332e-30   4.889674e-30  -2.420062e-01
-1.343522e-30   5.917981e-30  -2.270237e-01
 1.516890e-30   6.355049e-30   2.386905e-01
-1.148776e-30   8.977166e-30  -1.279665e-01
-2.965111e-30   5.727402e-30  -5.177061e-01
-6.808266e-32   7.567391e-30  -8.996847e-03
-1.938789e-30   7.447205e-30  -2.603378e-01
-9.536807e-31   6.507894e-30  -1.465421e-01
 5.979402e-31   7.690997e-30   7.774548e-02
-2.577657e-30   6.291352e-30  -4.097143e-01
-1.110901e-30   8.778183e-30  -1.265525e-01
-3.009857e-30   5.383300e-30  -5.591100e-01
-2.734159e-30   4.809867e-30  -5.684481e-01
-5.459030e-31   5.293986e-30  -1.031176e-01
-1.579613e-30   6.538001e-30  -2.416049e-01
-1.154692e-30   8.485411e-30  -1.360797e-01
-1.950680e-30   4.847673e-30  -4.023951e-01
-1.212228e-30   6.285613e-30  -1.928575e-01
-2.054676e-30   1.059070e-29  -1.940076e-01
-2.624161e-30   5.966803e-30  -4.397935e-01
-7.670000e-31   8.587162e-30  -8.931938e-02
 1.445484e-30   9.081597e-30   1.591663e-01
-1.364943e-30   5.974794e-30  -2.284503e-01
-1.656175e-30   4.687614e-30  -3.533089e-01
-1.025755e-30   6.485942e-30  -1.581506e-01
-7.840383e-31   9.923593e-30  -7.900750e-02
-9.746736e-31   4.992373e-30  -1.952325e-01
-1.703030e-30   6.848132e-30  -2.486854e-01
-2.239532e-31   7.607635e-30  -2.943795e-02
-2.243182e-30   5.791706e-30  -3.873094e-01
-2.507677e-30   4.863915e-30  -5.155675e-01
-7.807517e-31   6.297949e-30  -1.239692e-01
-2.048308e-30   7.246467e-30  -2.826630e-01
-1.167844e-30   6.024235e-30  -1.938576e-01
-1.685265e-30   5.913793e-30  -2.849720e-01
-1.214057e-30   9.496829e-30  -1.278381e-01
-2.142466e-30   7.832098e-30  -2.735494e-01
-2.777151e-30   5.138698e-30  -5.404387e-01
-2.830137e-30   7.255778e-30  -3.900529e-01
-2.545346e-30   6.708311e-30  -3.794317e-01
-3.814240e-30   6.156501e-30  -6.195467e-01
 2.511946e-31   7.850541e-30   3.199710e-02
-1.194852e-30   8.930416e-30  -1.337958e-01
-2.480843e-30   6.161822e-30  -4.026152e-01
-2.741608e-30   6.686159e-30  -4.100423e-01
-1.443531e-30   8.173580e-30  -1.766094e-01
-2.028897e-30   6.381659e-30  -3.179263e-01
-1.759921e-30   8.611797e-30  -2.043616e-01
-2.242810e-30   5.622820e-30  -3.988764e-01
-1.218891e-30   1.343374e-29  -9.073356e-02
 7.077087e-33   7.814343e-30   9.056535e-04
-1.230729e-30   5.975164e-30  -2.059740e-01
-1.835926e-30   5.527957e-30  -3.321165e-01
-9.747964e-31   5.437484e-30  -1.792734e-01
-2.653638e-30   5.394356e-30  -4.919286e-01
-3.460675e-30   8.142902e-30  -4.249928e-01
-1.570090e-30   6.191624e-30  -2.535829e-01
-5.598538e-31   8.326074e-30  -6.724103e-02
-1.061277e-30   7.428453e-30  -1.428665e-01
-1.786752e-30   5.745520e-30  -3.109818e-01
-5.401543e-31   5.718764e-30  -9.445299e-02
-1.862321e-30   5.849079e-30  -3.183955e-01
-1.201131e-30   5.695606e-30  -2.108873e-01
-1.175126e-30   5.381050e-30  -2.183822e-01
-2.598027e-30   6.110310e-30  -4.251875e-01
-1.483456e-30   6.329001e-30  -2.343902e-01
-2.750696e-31   8.100572e-30  -3.395682e-02
-1.415309e-31   8.215678e-30  -1.722693e-02
-4.783182e-32   9.136996e-30  -5.234961e-03
-9.288611e-31   5.789938e-30  -1.604268e-01
-1.113488e-30   7.623114e-30  -1.460674e-01
-9.591912e-31   6.889309e-30  -1.392289e-01
 3.546901e-31   7.607153e-30   4.662587e-02
-8.076994e-31   7.731178e-30  -1.044730e-01
-4.856004e-31   7.634922e-30  -6.360253e-02
-8.553163e-31   4.424090e-30  -1.933316e-01
-1.631451e-30   6.918648e-30  -2.358049e-01
-2.685593e-30   8.628918e-30  -3.112317e-01
-6.565218e-31   7.610860e-30  -8.626118e-02
-2.444884e-31   7.024686e-30  -3.480417e-02
-1.631989e-30   6.599017e-30  -2.473079e-01
-1.173947e-30   4.586477e-30  -2.559583e-01
-2.473327e-30   9.003774e-30  -2.746989e-01
-1.697477e-30   4.108698e-30  -4.131423e-01
-4.097062e-30   7.915995e-30  -5.175676e-01
-1.670446e-30   6.095642e-30  -2.740394e-01
-7.692254e-31   1.003690e-29  -7.663976e-02
-7.196878e-31   7.880483e-30  -9.132534e-02
-1.055712e-30   1.021398e-29  -1.033596e-01
-7.173406e-31   6.808368e-30  -1.053616e-01
-1.830216e-30   7.270749e-30  -2.517231e-01
-7.317896e-31   5.729346e-30  -1.277265e-01
-5.223878e-31   1.001532e-29  -5.215888e-02
-1.327570e-30   6.012737e-30  -2.207929e-01
-4.206124e-30   5.784386e-30  -7.271513e-01
-1.942628e-30   5.876367e-30  -3.305832e-01
-1.256404e-30   9.880674e-30  -1.271577e-01
-3.097353e-30   5.443571e-30  -5.689929e-01
-1.255607e-30   5.749395e-30  -2.183894e-01
-2.988113e-30   7.343698e-30  -4.068948e-01
-6.117798e-31   6.371753e-30  -9.601436e-02
-3.311551e-30   5.960893e-30  -5.555461e-01
-3.807212e-30   3.824973e-30  -9.953567e-01
 4.969995e-31   6.810895e-30   7.297125e-02
-1.129077e-30   5.691659e-30  -1.983740e-01
-4.082290e-30   6.735536e-30  -6.060825e-01
-1.310587e-30   7.113629e-30  -1.842360e-01
-1.605080e-30   9.741827e-30  -1.647618e-01
-6.754585e-31   5.955637e-30  -1.134150e-01
-7.316235e-31   5.548815e-30  -1.318522e-01
-4.033913e-30   7.589263e-30  -5.315289e-01
-3.214884e-30   5.892747e-30  -5.455663e-01
-4.606798e-30   5.521730e-30  -8.343034e-01
-1.506686e-30   4.657414e-30  -3.235027e-01
-1.189280e-30   6.951039e-30  -1.710938e-01
-8.362621e-31   5.355633e-30  -1.561463e-01
-9.222164e-31   1.465605e-29  -6.292395e-02
-1.124797e-30   7.160980e-30  -1.570731e-01
-6.329519e-31   7.987978e-30  -7.923806e-02
-2.497970e-30   5.325600e-30  -4.690495e-01
-2.171189e-30   5.846136e-30  -3.713887e-01
-3.108730e-30   7.705276e-30  -4.034548e-01
-2.212233e-30   4.818127e-30  -4.591479e-01
 2.082160e-31   6.460992e-30   3.222662e-02
-1.860980e-31   6.838822e-30  -2.721199e-02
 1.456917e-30   6.991013e-30   2.083986e-01
-2.773723e-31   7.048155e-30  -3.935389e-02
 6.035695e-31   5.216920e-30   1.156946e-01
-2.886246e-30   6.734713e-30  -4.285625e-01
-2.126933e-30   6.940206e-30  -3.064654e-01
-3.775685e-30   5.597020e-30  -6.745885e-01
-2.428400e-30   5.610110e-30  -4.328613e-01
-2.846797e-30   5.095587e-30  -5.586789e-01
-3.010210e-30   6.421374e-30  -4.687797e-01
-8.094873e-31   7.264561e-30  -1.114296e-01
-2.842960e-30   5.876584e-30  -4.837776e-01
-3.517615e-30   7.026502e-30  -5.006210e-01
-1.156730e-30   6.724360e-30  -1.720208e-01
-1.046475e-30   7.548374e-30  -1.386358e-01
-5.552755e-31   6.559445e-30  -8.465281e-02
-8.204847e-31   6.185106e-30  -1.326549e-01
-4.876295e-31   7.982073e-30  -6.109059e-02
-1.203246e-30   4.879895e-30  -2.465720e-01
-3.033573e-30   6.163720e-30  -4.921660e-01
-5.272122e-31   6.156501e-30  -8.563504e-02
-7.866266e-31   6.366481e-30  -1.235575e-01
-1.758980e-30   8.013955e-30  -2.194897e-01
-1.994804e-30   6.864563e-30  -2.905944e-01
-3.896495e-32   5.686854e-30  -6.851758e-03
-1.507168e-30   6.124993e-30  -2.460685e-01
-1.498822e-30   7.341064e-30  -2.041696e-01
-1.508161e-30   7.181679e-30  -2.100011e-01
-9.753834e-31   9.420499e-30  -1.035384e-01
-2.618571e-30   9.701746e-30  -2.699072e-01
-1.376515e-30   8.736793e-30  -1.575538e-01
-3.630495e-30   8.426046e-30  -4.308657e-01
-1.388163e-30   7.024150e-30  -1.976272e-01
-3.864683e-30   5.781089e-30  -6.685043e-01
-1.829271e-30   4.634169e-30  -3.947356e-01
-1.933028e-30   5.977630e-30  -3.233770e-01
-1.369054e-30   5.938283e-30  -2.305471e-01
-1.149792e-30   6.117068e-30  -1.879645e-01
-2.606662e-30   6.179106e-30  -4.218509e-01
-2.914907e-31   6.641337e-30  -4.389036e-02
-6.796782e-31   9.653969e-30  -7.040402e-02
-1.469408e-30   9.258304e-30  -1.587125e-01
-1.103102e-30   7.372429e-30  -1.496252e-01
-1.324972e-30   6.805845e-30  -1.946815e-01
-3.498986e-30   6.674671e-30  -5.242184e-01
-1.790905e-30   7.314270e-30  -2.448509e-01
-8.346820e-31   9.937050e-30  -8.399696e-02
-1.372811e-30   6.655018e-30  -2.062821e-01
-6.255229e-31   6.807114e-30  -9.189252e-02
-2.245223e-30   5.808198e-30  -3.865610e-01
-1.160308e-30   9.197645e-30  -1.261527e-01
-3.051983e-30   4.660249e-30  -6.548970e-01
 4.986740e-32   5.064962e-30   9.845563e-03
-1.584418e-30   1.198186e-29  -1.322347e-01
-9.643676e-31   8.666322e-30  -1.112776e-01
-1.204390e-30   6.966773e-30  -1.728763e-01
-2.490236e-30   5.047914e-30  -4.933199e-01
-2.476529e-30   8.761845e-30  -2.826492e-01
-1.507650e-30   5.312878e-30  -2.837727e-01
-4.656809e-30   5.049831e-30  -9.221713e-01
-3.482851e-30   8.389223e-30  -4.151578e-01
-2.224872e-30   7.596333e-30  -2.928877e-01
 6.101986e-31   7.391634e-30   8.255260e-02
 3.560521e-31   6.786701e-30   5.246320e-02
-2.461127e-32   8.418200e-30  -2.923579e-03
-1.366951e-30   4.930979e-30  -2.772170e-01
-6.374378e-31   5.931011e-30  -1.074754e-01
-1.370301e-30   4.605495e-30  -2.975361e-01
-6.839033e-31   5.300393e-30  -1.290288e-01
-3.569840e-30   6.653384e-30  -5.365451e-01
-1.166600e-31   9.477263e-30  -1.230946e-02
-1.368623e-30   6.953679e-30  -1.968200e-01
-1.918767e-30   1.058313e-29  -1.813043e-01
-4.307858e-30   4.248027e-30  -1.014084e+00
 5.442412e-31   8.857489e-30   6.144418e-02
-1.777916e-30   1.118522e-29  -1.589523e-01
-8.201813e-31   7.819784e-30  -1.048854e-01
-4.947142e-30   6.227367e-30  -7.944196e-01
-1.971689e-30   7.359403e-30  -2.679142e-01
-1.982231e-30   4.567557e-30  -4.339806e-01
-2.697916e-31   5.524147e-30  -4.883861e-02
-2.523443e-30   6.474771e-30  -3.897347e-01
-1.884448e-31   6.404955e-30  -2.942173e-02
-9.354595e-31   7.975304e-30  -1.172945e-01
-1.619467e-30   7.303346e-30  -2.217432e-01
-2.223880e-30   7.549083e-30  -2.945894e-01
-2.347246e-30   7.757873e-30  -3.025630e-01
-3.807212e-30   3.824973e-30  -9.953567e-01
-1.650157e-30   6.498050e-30  -2.539465e-01
-1.261160e-30   6.099134e-30  -2.067769e-01
-2.649876e-30   5.069012e-30  -5.227599e-01
 1.085024e-31   8.431725e-30   1.286835e-02
-2.287293e-30   6.350002e-30  -3.602035e-01
-3.448875e-30   5.288021e-30  -6.522051e-01
-3.712809e-30   4.986943e-30  -7.445059e-01
-1.465591e-30   6.014361e-30  -2.436819e-01
-5.439505e-31   4.054159e-30  -1.341710e-01
-9.672184e-31   4.089719e-30  -2.365000e-01
-1.529661e-30   9.551133e-30  -1.601549e-01
-3.127789e-30   4.467648e-30  -7.000974e-01
 1.427519e-31   9.735310e-30   1.466332e-02
-1.071544e-30   5.935976e-30  -1.805169e-01
 1.320040e-32   5.600806e-30   2.356876e-03
 4.068042e-31   6.302933e-30   6.454204e-02
-3.923532e-30   6.908878e-30  -5.678971e-01
-1.953547e-30   7.856940e-30  -2.486396e-01
-6.340190e-31   7.644047e-30  -8.294285e-02
-1.515088e-30   8.742857e-30  -1.732944e-01
-1.460551e-30   6.344732e-30  -2.301990e-01
-1.374134e-31   1.036257e-29  -1.326055e-02
 7.251305e-31   8.559450e-30   8.471694e-02
-1.012581e-30   7.464425e-30  -1.356543e-01
-1.702022e-30   9.950552e-30  -1.710480e-01
-2.163792e-30   6.020062e-30  -3.594301e-01
-2.347322e-30   7.716322e-30  -3.042022e-01
-5.744260e-30   5.415718e-30  -1.060665e+00
-8.392383e-31   4.930125e-30  -1.702266e-01
-1.976552e-30   5.510124e-30  -3.587128e-01
-1.595729e-30   7.464490e-30  -2.137760e-01
-3.297954e-30   4.241170e-30  -7.776048e-01
-4.562265e-30   7.667152e-30  -5.950403e-01
-5.311999e-31   5.532761e-30  -9.600991e-02
-1.702576e-30   6.819651e-30  -2.496573e-01
-1.120465e-31   7.579440e-30  -1.478295e-02
-1.409237e-30   8.812701e-30  -1.599098e-01
 4.661918e-31   6.826563e-30   6.829086e-02
-1.576521e-30   6.586401e-30  -2.393600e-01
-2.146784e-30   6.640191e-30  -3.233015e-01
-2.314982e-30   9.934423e-30  -2.330263e-01
-1.776602e-30   6.491761e-30  -2.736703e-01
-1.232065e-30   6.574869e-30  -1.873901e-01
-3.256901e-30   7.374949e-30  -4.416167e-01
-1.191724e-30   9.366614e-30  -1.272310e-01
-1.326108e-30   6.505565e-30  -2.038420e-01
-4.216997e-30   1.350678e-29  -3.122133e-01
-1.310157e-30   6.955068e-30  -1.883745e-01
-4.496636e-31   7.696042e-30  -5.842791e-02
-9.850675e-31   8.573043e-30  -1.149029e-01
-1.256830e-30   1.105938e-29  -1.136438e-01
 1.592306e-31   9.823198e-30   1.620965e-02
-2.921067e-30   6.561945e-30  -4.451526e-01
-1.139585e-30   4.800582e-30  -2.373847e-01
-1.110286e-30   6.886639e-30  -1.612232e-01
-2.142137e-30   6.367117e-30  -3.364375e-01
-2.658753e-30   7.701582e-30  -3.452217e-01
-3.262650e-30   6.805961e-30  -4.793813e-01
-6.115813e-31   8.048582e-30  -7.598622e-02
-8.643375e-31   8.005877e-30  -1.079629e-01
-9.909696e-31   9.363700e-30  -1.058310e-01
-2.218748e-30   4.752693e-30  -4.668401e-01
-1.573394e-30   7.621411e-30  -2.064439e-01
-4.016518e-31   9.241794e-30  -4.346037e-02
-3.084567e-30   6.190630e-30  -4.982638e-01
 4.360422e-31   7.993319e-30   5.455083e-02
-3.362148e-30   8.235985e-30  -4.082265e-01
-3.654832e-30   5.315565e-30  -6.875716e-01
-1.724059e-30   7.975062e-30  -2.161813e-01
-1.858083e-30   5.601937e-30  -3.316858e-01
-7.642307e-31   5.712658e-30  -1.337785e-01
-1.059861e-30   6.148968e-30  -1.723641e-01
-1.123253e-30   6.460417e-30  -1.738670e-01
-3.222662e-30   5.619566e-30  -5.734716e-01
-6.754585e-31   5.955637e-30  -1.134150e-01
 1.894373e-30   8.347250e-30   2.269458e-01
-8.566170e-31   7.526899e-30  -1.138074e-01
-3.756752e-31   6.324532e-30  -5.939968e-02
-3.879119e-30   9.881902e-30  -3.925478e-01
-2.565117e-31   6.226859e-30  -4.119439e-02
 1.537642e-30   7.856932e-30   1.957051e-01
-5.871031e-33   7.930320e-30  -7.403272e-04
-7.173406e-31   6.808368e-30  -1.053616e-01
-9.490911e-31   4.863706e-30  -1.951374e-01
-3.707479e-32   6.329285e-30  -5.857658e-03
-3.536533e-30   4.777948e-30  -7.401783e-01
-6.957626e-31   9.034594e-30  -7.701094e-02
-1.520261e-31   5.967547e-30  -2.547548e-02
-2.145887e-30   5.154270e-30  -4.163319e-01
-2.793532e-31   6.732714e-30  -4.149191e-02
-2.870062e-30   1.038795e-29  -2.762877e-01
-3.215786e-30   6.076830e-30  -5.291880e-01
-2.809220e-30   6.139929e-30  -4.575329e-01
-1.491588e-30   5.178840e-30  -2.880158e-01
-3.551149e-30   5.679659e-30  -6.252397e-01
 2.737802e-31   6.519479e-30   4.199419e-02
-7.600932e-32   6.464460e-30  -1.175803e-02
-5.756378e-31   6.435795e-30  -8.944315e-02
-1.478583e-30   6.751994e-30  -2.189846e-01
-3.469478e-30   5.458891e-30  -6.355646e-01
-1.812398e-30   8.531946e-30  -2.124249e-01
-3.025806e-30   6.348579e-30  -4.766115e-01
-1.296792e-30   6.282238e-30  -2.064219e-01
-2.701408e-30   6.257766e-30  -4.316889e-01
 1.864571e-31   4.983033e-30   3.741839e-02
-2.166992e-30   7.646072e-30  -2.834125e-01
-2.587948e-30   1.058422e-29  -2.445101e-01
 6.977470e-31   6.831844e-30   1.021316e-01
-1.573706e-30   6.925394e-30  -2.272371e-01
-1.267065e-30   5.493570e-30  -2.306452e-01
-4.355039e-30   1.105087e-29  -3.940902e-01
-1.043020e-30   4.065349e-30  -2.565636e-01
-1.425843e-30   5.607853e-30  -2.542582e-01
-1.124095e-30   7.252785e-30  -1.549881e-01
-1.516558e-30   6.239575e-30  -2.430547e-01
-4.062468e-30   5.460866e-30  -7.439238e-01
-2.500508e-30   6.087857e-30  -4.107370e-01
-1.773288e-30   6.197795e-30  -2.861160e-01
-2.277037e-30   4.659530e-30  -4.886839e-01
-1.539116e-30   6.562508e-30  -2.345316e-01
-1.606751e-30   6.691022e-30  -2.401353e-01
-1.523972e-30   7.242243e-30  -2.104282e-01
-2.444258e-30   5.253184e-30  -4.652907e-01
-4.385695e-30   6.009201e-30  -7.298299e-01
-1.683829e-30   5.054893e-30  -3.331087e-01
-1.918880e-30   7.761431e-30  -2.472328e-01
-1.445483e-30   5.713986e-30  -2.529728e-01
-1.904665e-30   8.244139e-30  -2.310326e-01
-3.385440e-30   6.190408e-30  -5.468847e-01
-1.265472e-30   6.977406e-30  -1.813671e-01
-2.752860e-30   5.049063e-30  -5.452220e-01
-4.098026e-30   7.268122e-30  -5.638356e-01
-1.707372e-30   6.500713e-30  -2.626438e-01
-1.346485e-30   4.727956e-30  -2.847922e-01
-1.610212e-30   6.539694e-30  -2.462213e-01
-9.359431e-31   1.134532e-29  -8.249595e-02
-4.280371e-31   7.071172e-30  -6.053269e-02
-2.808175e-30   8.475473e-30  -3.313297e-01
-2.191686e-30   8.152962e-30  -2.688209e-01
-2.180775e-30   4.857133e-30  -4.489840e-01
-1.249689e-30   1.045893e-29  -1.194853e-01
 3.276660e-31   7.599456e-30   4.311703e-02
 1.623728e-30   4.871739e-30   3.332953e-01
-3.250621e-30   7.127195e-30  -4.560870e-01
-1.783828e-30   9.485724e-30  -1.880540e-01
-2.326024e-30   4.999946e-30  -4.652098e-01
-1.556717e-30   7.772307e-30  -2.002903e-01
-1.167503e-30   5.557456e-30  -2.100786e-01
-5.513640e-31   5.855165e-30  -9.416711e-02
-1.508161e-30   7.181679e-30  -2.100011e-01
 1.473201e-30   1.102668e-29   1.336034e-01
-1.332874e-31   5.368675e-30  -2.482687e-02
-4.871290e-30   4.349644e-30  -1.119929e+00
-3.148180e-31   7.685143e-30  -4.096450e-02
-7.808498e-31   6.406104e-30  -1.218915e-01
-8.330354e-31   9.570573e-30  -8.704133e-02
-1.899655e-30   5.932374e-30  -3.202183e-01
 4.699554e-31   6.477800e-30   7.254861e-02
-6.374378e-31   5.931011e-30  -1.074754e-01
 3.335260e-33   9.116417e-30   3.658520e-04
-1.746784e-30   5.938372e-30  -2.941520e-01
 7.021542e-31   5.315289e-30   1.321009e-01
-2.961411e-30   6.516663e-30  -4.544367e-01
-1.472503e-30   6.091603e-30  -2.417268e-01
-7.394155e-31   5.280252e-30  -1.400341e-01
 3.993177e-31   8.020033e-30   4.979004e-02
 1.386255e-30   4.414415e-30   3.140291e-01
-2.550260e-30   6.727542e-30  -3.790775e-01
-3.115686e-30   3.589830e-30  -8.679202e-01
-1.601908e-30   6.798396e-30  -2.356304e-01
-1.855592e-30   5.260723e-30  -3.527258e-01
-1.562478e-30   7.768097e-30  -2.011403e-01
-1.550715e-30   5.231587e-30  -2.964139e-01
-6.304806e-31   4.252815e-30  -1.482502e-01
-3.351947e-31   7.874723e-30  -4.256590e-02
-1.308041e-30   5.522510e-30  -2.368563e-01
-1.489680e-30   3.537555e-30  -4.211045e-01
-1.270731e-30   8.930547e-30  -1.422903e-01
-3.775930e-31   9.373368e-30  -4.028361e-02
-2.583342e-31   8.083412e-30  -3.195856e-02
-5.161395e-31   7.530079e-30  -6.854370e-02
-5.337692e-31   8.571738e-30  -6.227083e-02
-8.708958e-31   5.882280e-30  -1.480541e-01
-1.851954e-30   7.344089e-30  -2.521693e-01
-6.047424e-31   6.403444e-30  -9.444018e-02
-2.493608e-30   9.903807e-30  -2.517828e-01
-8.308716e-31   6.424540e-30  -1.293278e-01
-1.137073e-30   6.183122e-30  -1.838996e-01
-7.609369e-31   5.776056e-30  -1.317399e-01
-6.365792e-31   9.069331e-30  -7.019032e-02
-1.551935e-30   6.598692e-30  -2.351883e-01
-1.214403e-30   6.106442e-30  -1.988724e-01
-1.651896e-30   8.625424e-30  -1.915147e-01
-1.892284e-30   1.033180e-29  -1.831515e-01
-2.178933e-30   5.877462e-30  -3.707269e-01
-3.227311e-30   6.437207e-30  -5.013527e-01
 7.876447e-31   6.410380e-30   1.228702e-01
-1.506541e-30   8.715162e-30  -1.728644e-01
-2.096981e-30   7.230698e-30  -2.900109e-01
-3.758142e-30   4.897525e-30  -7.673554e-01
-1.773848e-30   6.571886e-30  -2.699146e-01
-1.418545e-30   4.824544e-30  -2.940267e-01
-1.424263e-30   8.267508e-30  -1.722724e-01
 2.967087e-31   5.701069e-30   5.204439e-02
-1.522810e-30   6.409941e-30  -2.375700e-01
-2.581926e-30   1.030153e-29  -2.506351e-01
 8.305513e-31   7.307949e-30   1.136504e-01
-2.302257e-30   6.255767e-30  -3.680216e-01
-1.784164e-30   7.426190e-30  -2.402529e-01
-1.244265e-30   6.199976e-30  -2.006886e-01
-4.047979e-30   9.888402e-30  -4.093664e-01
-2.782940e-30   5.072188e-30  -5.486667e-01
-1.823720e-30   6.628709e-30  -2.751245e-01
-1.642900e-30   6.069180e-30  -2.706956e-01
-3.037933e-30   8.216323e-30  -3.697436e-01
 8.476671e-31   6.095437e-30   1.390658e-01
-9.174671e-31   8.100176e-30  -1.132651e-01
-1.364500e-30   8.663268e-30  -1.575041e-01
-1.038114e-30   8.532531e-30  -1.216654e-01
-1.936846e-30   4.816736e-30  -4.021075e-01
-9.908442e-31   8.127669e-30  -1.219100e-01
 4.793374e-31   5.509301e-30   8.700512e-02
-1.851462e-30   5.178505e-30  -3.575283e-01
-6.944186e-31   4.874065e-30  -1.424722e-01
-8.559268e-31   5.742038e-30  -1.490632e-01
-1.066217e-30   8.076760e-30  -1.320105e-01
-1.868033e-30   5.542177e-30  -3.370576e-01
-1.767955e-30   6.366736e-30  -2.776863e-01
-2.944771e-30   4.969963e-30  -5.925136e-01
-2.730104e-30   6.237846e-30  -4.376677e-01
-8.980741e-31   5.362028e-30  -1.674878e-01
-7.038604e-31   6.283932e-30  -1.120095e-01
-2.241838e-30   7.231591e-30  -3.100061e-01
 1.267910e-30   4.463003e-30   2.840934e-01
-1.942556e-32   5.495699e-30  -3.534685e-03
-7.722601e-31   6.875514e-30  -1.123203e-01
-1.092923e-30   6.298226e-30  -1.735286e-01
-2.548520e-30   6.001837e-30  -4.246233e-01
-1.007695e-30   9.069822e-30  -1.111041e-01
-1.160075e-30   5.779667e-30  -2.007165e-01
-2.933438e-30   6.088302e-30  -4.818155e-01
-1.541673e-30   6.504922e-30  -2.370010e-01
-1.889297e-30   9.765817e-30  -1.934602e-01
-1.127919e-30   4.159367e-30  -2.711757e-01
-1.478115e-30   4.155447e-30  -3.557054e-01
-6.037614e-30   8.936721e-30  -6.755961e-01
-1.109685e-30   7.448108e-30  -1.489888e-01
-8.559393e-31   6.951145e-30  -1.231364e-01
-1.404561e-30   5.891631e-30  -2.383993e-01
-1.795000e-31   6.949929e-30  -2.582760e-02
-3.127789e-30   4.467648e-30  -7.000974e-01
-3.187368e-30   7.665606e-30  -4.158013e-01
-1.805582e-30   7.251365e-30  -2.489989e-01
-2.561289e-30   4.258058e-30  -6.015158e-01
-1.967962e-30   5.521706e-30  -3.564047e-01
-4.918562e-31   5.729224e-30  -8.585039e-02
 3.488195e-31   8.257703e-30   4.224172e-02
-1.270300e-30   6.702982e-30  -1.895127e-01
-1.726432e-30   4.957504e-30  -3.482463e-01
-4.356790e-31   7.816047e-30  -5.574160e-02
-4.107918e-30   6.596114e-30  -6.227785e-01
-6.884473e-31   9.450699e-30  -7.284618e-02
-3.485757e-30   6.100142e-30  -5.714223e-01
-1.473046e-30   4.908428e-30  -3.001055e-01
-4.269996e-30   7.016411e-30  -6.085727e-01
-6.912826e-31   9.628928e-30  -7.179227e-02
-1.245973e-30   6.322013e-30  -1.970848e-01
-2.000740e-30   6.550241e-30  -3.054453e-01
-9.255182e-31   7.731998e-30  -1.196998e-01
-3.704159e-31   6.680627e-30  -5.544627e-02
-1.674711e-31   7.731331e-30  -2.166135e-02
-8.038917e-31   5.826796e-30  -1.379646e-01
-1.403584e-30   8.902133e-30  -1.576683e-01
-3.321035e-30   7.768257e-30  -4.275135e-01
-1.847716e-31   9.510533e-30  -1.942810e-02
-3.337453e-31   8.276051e-30  -4.032663e-02
-1.312205e-30   1.071974e-29  -1.224101e-01
-1.565634e-30   1.135585e-29  -1.378703e-01
-1.182010e-30   7.047643e-30  -1.677171e-01
-1.781560e-30   7.308284e-30  -2.437727e-01
-1.420203e-30   5.618406e-30  -2.527768e-01
-1.048242e-30   5.416582e-30  -1.935246e-01
-9.694977e-31   9.160145e-30  -1.058387e-01
-2.472691e-30   5.614388e-30  -4.404204e-01
-3.940929e-31   6.228393e-30  -6.327361e-02
-1.118189e-30   5.497581e-30  -2.033965e-01
-4.582403e-31   7.025009e-30  -6.522986e-02
-3.219116e-30   7.914097e-30  -4.067572e-01
-3.589732e-31   6.763562e-30  -5.307458e-02
-2.174372e-30   5.128158e-30  -4.240064e-01
 6.993497e-32   8.147245e-30   8.583880e-03
 2.666085e-31   8.562753e-30   3.113584e-02
 5.869110e-31   6.980864e-30   8.407427e-02
-5.477462e-31   6.007524e-30  -9.117670e-02
-5.928753e-31   5.504988e-30  -1.076978e-01
-1.777773e-30   5.166287e-30  -3.441105e-01
-2.569553e-30   8.498129e-30  -3.023670e-01
 6.710906e-34   7.522153e-30   8.921524e-05
-3.014025e-30   6.005656e-30  -5.018645e-01
-9.935053e-31   8.186130e-30  -1.213645e-01
-2.140734e-30   4.074268e-30  -5.254279e-01
-1.373013e-30   7.185918e-30  -1.910700e-01
 1.522093e-30   4.854955e-30   3.135133e-01
 1.548281e-30   9.096266e-30   1.702106e-01
-1.530884e-30   7.581563e-30  -2.019220e-01
 2.273653e-31   4.479013e-30   5.076237e-02
-2.317694e-30   5.119589e-30  -4.527110e-01
-1.161956e-30   5.561176e-30  -2.089406e-01
-2.061458e-30   5.212175e-30  -3.955081e-01
-7.905085e-31   6.769960e-30  -1.167671e-01
-1.201613e-30   6.367854e-30  -1.886998e-01
 1.843293e-30   6.352551e-30   2.901658e-01
-2.375956e-30   8.733567e-30  -2.720487e-01
-2.344556e-30   6.240198e-30  -3.757182e-01
-7.826752e-31   6.533064e-30  -1.198022e-01
-9.904134e-31   6.632260e-30  -1.493327e-01
-3.487388e-30   8.710428e-30  -4.003693e-01
-7.281354e-31   8.514891e-30  -8.551318e-02
-1.664338e-30   6.014882e-30  -2.767033e-01
-1.125275e-30   1.014806e-29  -1.108857e-01
-2.091417e-30   7.225662e-30  -2.894430e-01
 1.311393e-30   5.165992e-30   2.538512e-01
-1.029874e-30   7.694416e-30  -1.338470e-01
-2.529068e-30   7.928045e-30  -3.190027e-01
-8.548248e-31   8.541632e-30  -1.000775e-01
-1.596212e-30   4.964798e-30  -3.215059e-01
-1.213148e-31   7.358728e-30  -1.648584e-02
-2.006092e-32   6.487899e-30  -3.092052e-03
 1.896255e-31   3.460734e-30   5.479343e-02
-1.715680e-30   7.572139e-30  -2.265780e-01
-9.505690e-32   8.093541e-30  -1.174478e-02
-1.291274e-30   5.810186e-30  -2.222431e-01
-2.803544e-30   5.043036e-30  -5.559239e-01
-3.556448e-30   5.434362e-30  -6.544371e-01
-1.030109e-30   5.336079e-30  -1.930459e-01
-6.552487e-31   4.538670e-30  -1.443702e-01
-7.765227e-31   5.216300e-30  -1.488647e-01
-1.128995e-30   6.529141e-30  -1.729163e-01
-1.497666e-30   8.500872e-30  -1.761779e-01
-1.551187e-30   8.761425e-30  -1.770473e-01
-1.694300e-30   7.866833e-30  -2.153726e-01
-2.085629e-30   5.845650e-30  -3.567830e-01
-8.437126e-31   7.020709e-30  -1.201748e-01
-1.064598e-30   7.641550e-30  -1.393170e-01
 2.825814e-31   6.792720e-30   4.160063e-02
-1.384239e-30   5.926055e-30  -2.335853e-01
-3.525850e-31   7.721779e-30  -4.566111e-02
-3.775678e-30   5.597060e-30  -6.745824e-01
-1.064598e-30   7.641550e-30  -1.393170e-01
-2.297342e-30   8.682370e-30  -2.645985e-01
-2.571386e-30   6.383922e-30  -4.027909e-01
-1.117228e-30   8.959739e-30  -1.246943e-01
-1.110757e-30   1.000678e-29  -1.110004e-01
-1.436026e-31   6.650403e-30  -2.159306e-02
-1.586265e-31   8.633625e-30  -1.837311e-02
-1.761695e-30   5.476357e-30  -3.216911e-01
-5.130843e-31   6.457582e-30  -7.945456e-02
-1.437895e-30   6.967435e-30  -2.063737e-01
 1.911842e-31   6.024718e-30   3.173330e-02
-1.087959e-30   5.004207e-30  -2.174090e-01
-2.964827e-30   8.172026e-30  -3.628020e-01
-3.301596e-31   4.294520e-30  -7.687929e-02
-1.975296e-30   9.928739e-30  -1.989473e-01
 7.309079e-31   6.670925e-30   1.095662e-01
-1.728735e-30   7.176788e-30  -2.408786e-01
-2.996594e-30   5.513729e-30  -5.434786e-01
-2.490338e-30   6.510723e-30  -3.824980e-01
 1.195050e-30   7.828263e-30   1.526583e-01
-7.107638e-31   8.107335e-30  -8.766923e-02
-1.650157e-30   6.498050e-30  -2.539465e-01
 1.944518e-31   7.206050e-30   2.698453e-02
-1.396519e-30   6.337309e-30  -2.203647e-01
-4.743904e-30   9.773417e-30  -4.853884e-01
 7.362829e-31   5.467277e-30   1.346709e-01
-8.474665e-31   4.063591e-30  -2.085512e-01
-2.599354e-30   6.807152e-30  -3.818563e-01
-1.914804e-30   8.106514e-30  -2.362057e-01
-3.742735e-30   6.812881e-30  -5.493615e-01
-1.989478e-31   5.980832e-30  -3.326423e-02
-9.619145e-31   6.003524e-30  -1.602250e-01
-3.424069e-30   5.578483e-30  -6.137994e-01
 1.297424e-30   5.723570e-30   2.266810e-01
 8.068272e-32   4.359823e-30   1.850596e-02
-1.567340e-30   4.704458e-30  -3.331606e-01
-2.617906e-30   5.535174e-30  -4.729582e-01
-1.712995e-30   9.553227e-30  -1.793106e-01
-4.647373e-30   5.321749e-30  -8.732794e-01
-4.152659e-30   9.215082e-30  -4.506372e-01
-3.712790e-31   6.397290e-30  -5.803692e-02
-2.125440e-30   1.057342e-29  -2.010174e-01
-1.483648e-30   6.584081e-30  -2.253386e-01
-2.358744e-30   7.337973e-30  -3.214436e-01
-1.669116e-30   5.971223e-30  -2.795266e-01
-1.500809e-30   6.002525e-30  -2.500297e-01
-2.981888e-30   5.355940e-30  -5.567440e-01
-2.243790e-30   7.411881e-30  -3.027289e-01
-1.404669e-30   5.207911e-30  -2.697183e-01
 8.877341e-31   6.160634e-30   1.440979e-01
-1.568562e-30   4.634515e-30  -3.384523e-01
-1.784338e-30   5.667300e-30  -3.148479e-01
-4.544047e-31   6.910508e-30  -6.575562e-02
-2.869346e-30   6.112419e-30  -4.694289e-01
-1.383307e-30   1.039457e-29  -1.330797e-01
-1.495477e-30   5.318209e-30  -2.811993e-01
 7.720606e-31   6.230347e-30   1.239194e-01
-2.357562e-31   5.996308e-30  -3.931689e-02
-3.737515e-30   5.421589e-30  -6.893763e-01
-1.469786e-30   6.160359e-30  -2.385877e-01
-1.948394e-30   9.358338e-30  -2.081987e-01
-1.015387e-30   9.031699e-30  -1.124248e-01
-2.938422e-30   4.813256e-30  -6.104853e-01
-9.332067e-31   8.242097e-30  -1.132244e-01
-1.754029e-30   6.572388e-30  -2.668786e-01
-2.014702e-30   5.030248e-30  -4.005173e-01
-5.651650e-31   7.690855e-30  -7.348533e-02
-1.158676e-30   5.489766e-30  -2.110610e-01
-1.700479e-30   6.080968e-30  -2.796396e-01
-4.091236e-30   8.571929e-30  -4.772830e-01
-3.873379e-30   5.194364e-30  -7.456888e-01
-3.412204e-31   8.414307e-30  -4.055241e-02
 1.080324e-30   5.882161e-30   1.836611e-01
-1.866308e-30   6.500865e-30  -2.870861e-01
-5.095261e-30   9.151687e-30  -5.567564e-01
-1.880350e-30   5.638532e-30  -3.334822e-01
-5.308272e-31   7.949921e-30  -6.677138e-02
-1.987424e-30   6.286270e-30  -3.161532e-01
-1.614399e-30   3.632956e-30  -4.443761e-01
-2.018300e-31   6.049098e-30  -3.336530e-02
-4.831442e-32   6.230554e-30  -7.754434e-03
-1.714821e-31   6.905944e-30  -2.483109e-02
-1.941704e-30   7.448895e-30  -2.606700e-01
-2.349429e-30   7.334578e-30  -3.203223e-01
-4.041399e-30   1.061431e-29  -3.807500e-01
-1.362275e-30   7.169447e-30  -1.900112e-01
-8.148608e-31   7.576613e-30  -1.075495e-01
-6.102670e-31   5.457425e-30  -1.118232e-01
-1.792437e-30   5.938826e-30  -3.018167e-01
-3.431327e-30   7.076435e-30  -4.848949e-01
 4.459460e-32   5.928330e-30   7.522287e-03
-2.413641e-30   5.238675e-30  -4.607349e-01
-3.132834e-32   6.523378e-30  -4.802471e-03
-3.853422e-30   7.901227e-30  -4.876992e-01
-9.109322e-31   6.403559e-30  -1.422541e-01
-2.734274e-30   5.072886e-30  -5.389977e-01
-3.524474e-30   6.725947e-30  -5.240116e-01
-8.370464e-31   5.098324e-30  -1.641807e-01
-2.008966e-30   5.528263e-30  -3.633991e-01
-1.871254e-30   7.247258e-30  -2.582016e-01
-1.818472e-30   1.037973e-29  -1.751945e-01
-2.876919e-30   4.335042e-30  -6.636427e-01
-1.101903e-30   6.009203e-30  -1.833692e-01
-2.795856e-31   6.417490e-30  -4.356620e-02
 7.535106e-31   6.501143e-30   1.159043e-01
-6.701199e-31   5.686504e-30  -1.178439e-01
-6.310195e-31   6.813982e-30  -9.260657e-02
-1.297013e-30   4.599951e-30  -2.819624e-01
-2.070464e-30   6.282685e-30  -3.295508e-01
-1.560199e-30   8.936878e-30  -1.745799e-01
-5.722779e-31   1.061015e-29  -5.393682e-02
-1.909862e-30   8.871615e-30  -2.152778e-01
 1.787832e-31   9.712382e-30   1.840776e-02
-1.533557e-30   7.113748e-30  -2.155766e-01
-4.630118e-31   6.505043e-30  -7.117737e-02
-7.320363e-31   5.729321e-30  -1.277702e-01
-3.597167e-30   6.071895e-30  -5.924291e-01
-1.994791e-30   7.100907e-30  -2.809207e-01
-1.100227e-30   1.076494e-29  -1.022046e-01
-1.197501e-30   6.742870e-30  -1.775951e-01
-1.331212e-30   5.897606e-30  -2.257207e-01
-2.455083e-30   7.821166e-30  -3.139024e-01
-3.233694e-30   6.400103e-30  -5.052566e-01
-1.977409e-30   5.789761e-30  -3.415356e-01
-2.616457e-30   5.800584e-30  -4.510678e-01
-8.962922e-31   1.120909e-29  -7.996122e-02
-1.826667e-30   9.916638e-30  -1.842022e-01
-1.613601e-30   5.264149e-30  -3.065264e-01
-1.922012e-30   6.478340e-30  -2.966828e-01
-1.955244e-30   7.227319e-30  -2.705352e-01
-1.475885e-30   7.003915e-30  -2.107228e-01
-2.829293e-30   1.005137e-29  -2.814833e-01
-1.155191e-30   5.197649e-30  -2.222527e-01
-2.203237e-30   7.180049e-30  -3.068554e-01
-2.116008e-30   6.660918e-30  -3.176751e-01
-5.888516e-31   6.057247e-30  -9.721439e-02
-7.422984e-31   7.483479e-30  -9.919163e-02
-1.206187e-30   8.441871e-30  -1.428815e-01
-1.781646e-30   5.054093e-30  -3.525155e-01
-8.778914e-31   6.209540e-30  -1.413779e-01
 4.450894e-31   8.106562e-30   5.490483e-02
-2.858989e-30   1.135235e-29  -2.518412e-01
-3.008285e-30   9.457162e-30  -3.180959e-01
-8.099719e-31   5.748619e-30  -1.408985e-01
-1.595319e-30   5.385582e-30  -2.962204e-01
-1.513036e-30   4.981873e-30  -3.037083e-01
-1.658847e-30   5.930099e-30  -2.797334e-01
-4.529646e-30   5.637240e-30  -8.035218e-01
-9.220835e-31   6.088465e-30  -1.514476e-01
-3.402220e-30   8.216468e-30  -4.140733e-01
-7.595227e-31   4.929667e-30  -1.540718e-01
-5.504920e-31   7.532882e-30  -7.307854e-02
 1.644410e-31   5.133741e-30   3.203141e-02
-2.003085e-30   4.333688e-30  -4.622125e-01
-6.607571e-33   8.632221e-30  -7.654543e-04
 4.863531e-32   7.356394e-30   6.611297e-03
-2.429710e-30   6.029061e-30  -4.029998e-01
-2.019459e-30   6.275825e-30  -3.217838e-01
-1.931871e-30   4.535150e-30  -4.259774e-01
-1.045227e-30   6.514321e-30  -1.604506e-01
-2.296388e-30   6.708947e-30  -3.422874e-01
-7.214885e-31   5.274747e-30  -1.367816e-01
-5.233122e-31   6.306204e-30  -8.298372e-02
-9.597729e-31   7.413254e-30  -1.294671e-01
-6.397455e-31   6.691361e-30  -9.560768e-02
-2.935600e-31   7.535074e-30  -3.895914e-02
-1.943810e-30   5.503416e-30  -3.532006e-01
-8.564710e-31   5.934938e-30  -1.443100e-01
-5.155623e-31   8.079728e-30  -6.380936e-02
-1.849803e-30   5.182930e-30  -3.569029e-01
-6.512134e-30   7.664425e-30  -8.496572e-01
-2.010271e-30   7.297974e-30  -2.754561e-01
-1.567242e-30   8.668298e-30  -1.808016e-01
-1.304171e-32   4.679220e-30  -2.787155e-03
-1.960043e-30   8.300344e-30  -2.361400e-01
-3.052252e-30   5.474148e-30  -5.575758e-01
-2.109080e-31   4.060328e-30  -5.194358e-02
-2.491772e-30   7.121630e-30  -3.498879e-01
-1.745153e-30   5.857336e-30  -2.979432e-01
 1.710859e-31   9.120651e-30   1.875808e-02
-2.169027e-30   6.544020e-30  -3.314517e-01
-1.664285e-30   6.979433e-30  -2.384555e-01
-2.045716e-30   4.294907e-30  -4.763121e-01
 2.967087e-31   5.701069e-30   5.204439e-02
-1.122571e-30   6.619696e-30  -1.695804e-01
-3.448249e-30   6.626717e-30  -5.203555e-01
-2.584662e-30   6.421518e-30  -4.025002e-01
-1.399856e-30   5.121427e-30  -2.733332e-01
-9.191573e-31   6.894913e-30  -1.333095e-01
-1.719182e-30   5.228723e-30  -3.287958e-01
-1.975601e-30   9.048276e-30  -2.183400e-01
-1.387825e-30   7.283472e-30  -1.905444e-01
-1.487023e-30   8.539744e-30  -1.741297e-01
 1.638716e-31   9.265579e-30   1.768607e-02
-2.953160e-31   5.110178e-30  -5.778977e-02
-1.369873e-30   6.888559e-30  -1.988621e-01
-2.669687e-30   4.921279e-30  -5.424782e-01
-1.022930e-30   5.265884e-30  -1.942561e-01
 4.863531e-32   7.356394e-30   6.611297e-03
-2.145936e-30   6.128714e-30  -3.501447e-01
-1.186841e-30   5.407121e-30  -2.194959e-01
-4.400895e-31   7.513247e-30  -5.857514e-02
-8.883692e-31   6.358171e-30  -1.397209e-01
-1.217501e-30   5.702741e-30  -2.134939e-01
-2.399014e-30   5.814661e-30  -4.125802e-01
-1.810490e-30   5.105044e-30  -3.546473e-01
-5.688019e-31   8.264782e-30  -6.882237e-02
-2.093728e-30   4.182866e-30  -5.005487e-01
-1.336566e-30   6.993136e-30  -1.911254e-01
-3.426865e-30   5.508829e-30  -6.220679e-01
-6.754483e-31   5.955641e-30  -1.134132e-01
-8.437831e-31   7.437492e-30  -1.134500e-01
-1.719972e-30   5.878418e-30  -2.925910e-01
-2.081093e-30   7.044217e-30  -2.954329e-01
-3.015486e-30   8.200131e-30  -3.677363e-01
-8.455355e-31   4.376299e-30  -1.932079e-01
-5.165609e-30   1.431107e-29  -3.609519e-01
-1.166722e-30   4.835470e-30  -2.412842e-01
 9.172786e-31   4.432530e-30   2.069425e-01
 1.016456e-30   6.587356e-30   1.543040e-01
-2.677892e-30   8.412451e-30  -3.183248e-01
-7.945968e-31   1.021771e-29  -7.776664e-02
-2.397271e-31   6.678805e-30  -3.589371e-02
-3.002559e-30   5.848842e-30  -5.133595e-01
-6.373959e-31   8.475131e-30  -7.520778e-02
-1.108764e-30   8.848497e-30  -1.253054e-01
-2.743812e-30   7.292265e-30  -3.762633e-01
-6.370108e-31   6.652853e-30  -9.575001e-02
-1.452918e-30   6.105365e-30  -2.379740e-01
-2.471233e-30   5.663486e-30  -4.363449e-01
-4.204504e-31   6.473443e-30  -6.495005e-02
-2.975134e-31   7.575579e-30  -3.927269e-02
-2.338725e-30   8.112943e-30  -2.882708e-01
-1.016572e-30   6.115019e-30  -1.662419e-01
-2.146688e-30   4.918507e-30  -4.364513e-01
-1.244137e-30   3.764520e-30  -3.304902e-01
-3.324401e-30   4.986118e-30  -6.667313e-01
-1.713088e-30   6.550010e-30  -2.615398e-01
-1.354338e-30   9.043599e-30  -1.497566e-01
-1.888024e-30   6.768176e-30  -2.789561e-01
-1.879497e-31   6.081316e-30  -3.090609e-02
-1.179890e-30   1.008293e-29  -1.170185e-01
-3.802199e-30   5.638453e-30  -6.743337e-01
-2.951906e-30   5.856581e-30  -5.040322e-01
-1.897901e-30   5.214857e-30  -3.639412e-01
 1.348539e-31   3.925732e-30   3.435128e-02
-1.489680e-30   3.537555e-30  -4.211045e-01
-1.148013e-30   5.817424e-30  -1.973404e-01
-1.149985e-30   6.638497e-30  -1.732298e-01
-2.790168e-30   9.031011e-30  -3.089541e-01
-3.782001e-30   4.876525e-30  -7.755523e-01
-9.256169e-31   5.426812e-30  -1.705637e-01
-9.386438e-31   6.009058e-30  -1.562048e-01
-3.524703e-30   4.942955e-30  -7.130761e-01
-3.865660e-31   9.240431e-30  -4.183420e-02
-1.611315e-30   5.365505e-30  -3.003100e-01
-2.128498e-30   6.457157e-30  -3.296339e-01
-1.850929e-31   7.007379e-30  -2.641401e-02
-9.258266e-31   8.385110e-30  -1.104132e-01
-2.209981e-31   5.794668e-30  -3.813817e-02
-3.555078e-30   5.282477e-30  -6.729946e-01
-1.612097e-30   6.388664e-30  -2.523371e-01
-2.983865e-30   8.739892e-30  -3.414075e-01
-2.546751e-30   6.919708e-30  -3.680431e-01
-1.527205e-30   7.544710e-30  -2.024207e-01
-2.218363e-30   5.846917e-30  -3.794073e-01
-1.780296e-30   7.426838e-30  -2.397111e-01
-2.203511e-30   5.527320e-30  -3.986581e-01
-1.581922e-30   6.469695e-30  -2.445126e-01
 1.297884e-31   5.988145e-30   2.167422e-02
-1.831389e-30   5.197807e-30  -3.523387e-01
-1.955736e-30   6.468898e-30  -3.023291e-01
-1.289048e-31   5.368427e-30  -2.401166e-02
-3.217843e-31   6.671589e-30  -4.823204e-02
-2.019982e-30   8.227789e-30  -2.455072e-01
-1.613384e-30   5.705011e-30  -2.828012e-01
-2.570957e-30   6.417670e-30  -4.006060e-01
-1.529764e-30   5.318059e-30  -2.876547e-01
-2.311308e-30   5.532888e-30  -4.177399e-01
-2.415005e-30   7.744093e-30  -3.118512e-01
 1.677779e-30   5.528422e-30   3.034824e-01
-5.138185e-31   8.522421e-30  -6.029020e-02
-2.033909e-30   8.721890e-30  -2.331959e-01
-1.383340e-30   6.313853e-30  -2.190960e-01
-1.268845e-30   4.662786e-30  -2.721217e-01
-4.790402e-31   6.783247e-30  -7.062108e-02
-1.019465e-30   6.640527e-30  -1.535217e-01
-1.287148e-30   8.126824e-30  -1.583827e-01
-1.981633e-30   7.913611e-30  -2.504082e-01
-4.224698e-31   6.220764e-30  -6.791284e-02
-1.618210e-30   7.955000e-30  -2.034205e-01
-1.507203e-30   6.312747e-30  -2.387554e-01
-2.481856e-30   6.446714e-30  -3.849801e-01
-3.377628e-31   7.565732e-30  -4.464377e-02
-1.885025e-30   8.071715e-30  -2.335347e-01
-1.110718e-30   6.655786e-30  -1.668801e-01
-1.239948e-31   7.999329e-30  -1.550065e-02
-1.736075e-30   6.958032e-30  -2.495067e-01
-4.430298e-30   7.969547e-30  -5.559034e-01
-2.603544e-30   6.571709e-30  -3.961745e-01
-9.372655e-31   8.138176e-30  -1.151690e-01
-1.938048e-30   5.069435e-30  -3.823006e-01
-6.184183e-32   9.604328e-30  -6.438954e-03
-1.084723e-30   7.263733e-30  -1.493342e-01
-3.598216e-30   7.533080e-30  -4.776553e-01
-3.155008e-31   8.211538e-30  -3.842165e-02
-2.466538e-30   8.032883e-30  -3.070551e-01
-1.065633e-30   7.092164e-30  -1.502549e-01
-1.664912e-30   1.040064e-29  -1.600778e-01
-2.104253e-30   7.055616e-30  -2.982380e-01
-1.305847e-30   7.437711e-30  -1.755711e-01
-2.795982e-31   6.417494e-30  -4.356813e-02
-9.090505e-31   7.960552e-30  -1.141944e-01
-5.123223e-31   8.890366e-30  -5.762668e-02
-1.249387e-30   6.991966e-30  -1.786890e-01
-1.363894e-30   6.783648e-30  -2.010561e-01
-3.518255e-30   5.763362e-30  -6.104518e-01
-1.302827e-30   5.595238e-30  -2.328456e-01
-8.499281e-31   7.916931e-30  -1.073558e-01
-4.271998e-30   5.652423e-30  -7.557817e-01
-4.182264e-30   9.143689e-30  -4.573935e-01
-2.828487e-30   9.426342e-30  -3.000620e-01
 6.977470e-31   6.831844e-30   1.021316e-01
-3.514933e-30   5.773827e-30  -6.087701e-01
-1.763082e-30   5.577526e-30  -3.161046e-01
-9.356323e-31   6.422141e-30  -1.456885e-01
-6.412495e-31   7.323610e-30  -8.755921e-02
-1.266100e-30   5.908252e-30  -2.142935e-01
-4.372303e-30   6.679551e-30  -6.545804e-01
-2.076786e-30   7.580284e-30  -2.739720e-01
-7.279385e-31   6.279280e-30  -1.159271e-01
-5.069107e-31   6.136873e-30  -8.260082e-02
-3.267999e-30   7.971108e-30  -4.099805e-01
-1.886596e-30   6.553759e-30  -2.878648e-01
-1.216570e-30   5.528259e-30  -2.200638e-01
-1.311020e-30   5.722373e-30  -2.291043e-01
-2.595610e-30   6.334065e-30  -4.097858e-01
 5.644149e-31   7.218297e-30   7.819225e-02
-1.357552e-31   1.450824e-29  -9.357111e-03
-9.279803e-31   4.401192e-30  -2.108475e-01
 3.215915e-31   6.229056e-30   5.162765e-02
-7.207260e-31   6.121706e-30  -1.177329e-01
-1.431806e-30   6.165563e-30  -2.322264e-01
-5.863249e-31   7.894420e-30  -7.427080e-02
-1.632048e-30   6.253123e-30  -2.609972e-01
-2.754265e-31   6.638758e-30  -4.148765e-02
-2.300145e-30   4.887277e-30  -4.706393e-01
-1.415309e-31   8.215678e-30  -1.722693e-02
-3.114785e-30   5.072700e-30  -6.140291e-01
-8.564713e-31   8.744417e-30  -9.794493e-02
-1.584449e-30   4.594627e-30  -3.448483e-01
-1.324188e-30   4.757044e-30  -2.783637e-01
-5.589585e-31   8.809767e-30  -6.344759e-02
-3.974532e-30   9.117954e-30  -4.359018e-01
-2.462288e-30   5.121573e-30  -4.807678e-01
-1.928635e-31   8.275392e-30  -2.330566e-02
-2.435065e-30   9.857256e-30  -2.470327e-01
-2.200883e-30   4.639409e-30  -4.743886e-01
-1.913644e-30   8.038152e-30  -2.380701e-01
-1.727548e-30   6.673203e-30  -2.588784e-01
-2.370686e-30   5.461829e-30  -4.340462e-01
-1.219342e-30   6.562672e-30  -1.857997e-01
-2.355966e-30   5.736061e-30  -4.107289e-01
-1.135259e-30   6.700596e-30  -1.694266e-01
 8.217807e-31   6.152515e-30   1.335683e-01
-7.290264e-31   5.585234e-30  -1.305275e-01
-2.254374e-30   5.783155e-30  -3.898174e-01
-1.413006e-30   4.319385e-30  -3.271314e-01
-1.942096e-30   6.768520e-30  -2.869306e-01
-7.770329e-31   9.468842e-30  -8.206208e-02
 2.852479e-31   6.188218e-30   4.609531e-02
-2.883509e-30   6.993887e-30  -4.122899e-01
-1.833112e-31   6.501476e-30  -2.819532e-02
-1.635030e-30   8.129458e-30  -2.011241e-01
-8.190381e-31   5.984766e-30  -1.368538e-01
-1.270199e-30   1.034851e-29  -1.227423e-01
-2.303826e-30   6.731348e-30  -3.422532e-01
-1.919134e-30   6.658413e-30  -2.882269e-01
 1.015130e-30   5.033557e-30   2.016724e-01
-1.305377e-30   8.188874e-30  -1.594086e-01
-1.346999e-30   7.935258e-30  -1.697487e-01
-1.321673e-30   9.832466e-30  -1.344193e-01
-2.142701e-30   4.920003e-30  -4.355081e-01
-3.394310e-30   8.284940e-30  -4.096964e-01
-2.875264e-30   5.769782e-30  -4.983315e-01
-1.470992e-30   5.787066e-30  -2.541861e-01
-2.459902e-30   7.574043e-30  -3.247805e-01
-1.422638e-30   8.594843e-30  -1.655223e-01
-4.139958e-30   5.651880e-30  -7.324922e-01
