0.842324
0.636743
0.566092
0.533762
0.518082
0.49455
0.488876
0.484848
0.46935
0.463093
0.459596
0.457596
0.456568
0.456434
0.453526
0.450644
0.453747
0.453827
0.453257
0.450604
0.449364
0.451795
0.449881
0.448053
0.449754
0.449535
0.450252
0.449308
0.449635
0.450366
0.449091
0.447513
0.449074
0.44882
0.45141
0.453231
0.453333
0.452647
0.45098
0.452044
0.452768
0.454279
0.453736
0.453675
0.45393
0.453954
0.454375
0.45414
0.455014
0.45706
0.456959
0.456352
0.454894
0.455929
0.455559
0.455638
0.456585
0.45623
0.456434
0.456662
0.457483
0.456675
0.457388
0.458363
0.458518
0.457969
0.457635
0.456837
0.457312
0.45763
0.457446
0.457185
0.457055
0.45691
0.456968
0.456408
0.457069
0.457685
0.457922
0.457992
0.457848
0.458949
0.458953
0.458203
0.458284
0.458288
0.458353
0.458567
0.458964
0.459461
0.460118
0.460444
0.46013
0.46111
0.461263
0.461735
0.461944
0.461903
0.462042
0.461995
0.462168
0.462425
0.462969
0.463397
0.463747
0.464108
0.464942
0.466102
0.466158
0.466233
0.467121
0.466831
0.46713
0.46759
0.466994
0.467288
0.466749
0.46745
0.468063
0.468124
0.467945
0.46766
0.468207
0.468258
0.468302
0.46792
0.467413
0.467252
0.467738
0.467357
0.467284
0.466856
0.466733
0.466691
0.466509
0.466224
0.465655
0.465742
0.465568
0.465148
0.465168
0.464715
0.465481
0.465282
0.465423
0.465539
0.46629
0.46639
0.466488
0.466782
0.467139
0.46706
0.46738
0.467678
0.467969
0.467814
0.468203
0.468139
0.467974
0.467601
0.467621
0.468042
0.468335
0.468813
0.468778
0.468633
0.468341
0.468261
0.468218
0.467624
0.467578
0.467393
0.467078
0.466946
0.466728
0.466574
0.467082
0.467622
0.467554
0.467878
0.46761
0.467324
0.46723
0.467317
0.467045
0.46678
0.466513
0.466376
0.466794
0.467316
0.467528
0.467454
0.467519
0.46759
0.467534
0.467595
0.467607
0.467626
0.467693
0.467414
0.467185
0.466956
0.467278
0.467023
0.466669
0.466316
0.466578
0.466364
0.465859
0.465899
0.465889
0.466042
0.466247
0.466634
0.466524
0.466468
0.466423
0.466578
0.466427
0.466613
0.466568
0.466532
0.46672
0.466582
0.466934
0.466727
0.466535
0.466422
0.466286
0.466545
0.466236
0.466311
0.466254
0.466347
0.466259
0.466027
0.465866
0.465898
0.465833
0.465756
0.465623
0.465637
0.465934
0.465889
0.465787
0.465987
0.465692
0.465663
0.465682
0.465722
0.465532
0.465429
0.465331
0.465413
0.465811
0.465655
0.465422
0.465259
0.465152
0.465084
0.465089
0.464879
0.465298
0.465378
0.465273
0.46543
0.465492
0.465412
0.465148
0.46511
0.465255
0.46519
0.465183
0.465341
0.465421
0.465258
0.465026
0.465048
0.465139
0.46506
0.465271
0.465475
0.465542
0.46548
0.465539
0.465685
0.465611
0.465542
0.465398
0.465486
0.465624
0.465569
0.465587
0.465648
0.465879
0.465746
0.465872
0.466168
0.466226
0.466144
0.466006
0.466232
0.466235
0.466172
0.466025
0.465968
0.465905
0.466192
0.466204
0.466385
0.466355
0.46638
0.466208
0.466353
0.466433
0.466306
0.466218
0.466297
0.466283
0.466049
0.466283
0.466145
0.4662
0.466378
0.466417
0.466333
0.46635
0.466247
0.466218
0.466087
0.466106
0.466109
0.466326
0.466478
0.466301
0.46612
0.466115
0.466232
0.466312
0.466341
0.466372
0.466525
0.466424
0.466496
0.466454
0.466571
0.466623
0.466636
0.466549
0.466377
0.466364
0.466222
0.466185
0.466175
0.465921
0.466035
0.465875
0.465864
0.465855
0.465717
0.465666
0.46574
0.46555
0.46568
0.465774
0.465826
0.465599
0.465546
0.465656
0.465555
0.465808
0.465893
0.466028
0.466127
0.466122
0.466263
0.466439
0.46642
0.466485
0.466518
0.466439
0.46639
0.466223
0.466136
0.466059
0.466072
0.466067
0.466022
0.465955
0.465834
0.465926
0.465911
0.466015
0.465956
0.465913
0.466149
0.466177
0.466164
0.466118
0.466261
0.466437
0.466493
0.466638
0.46674
0.466779
0.466902
0.4667
0.466619
0.466555
0.466736
0.466837
0.466718
0.466814
0.466678
0.4667
0.466663
0.466818
0.466834
0.466677
0.466679
0.466667
0.466867
0.466705
0.466612
0.466784
0.466883
0.467055
0.467011
0.466957
0.466857
0.466799
0.466803
0.46673
0.466682
0.466628
0.466717
0.466696
0.466592
0.466517
0.466363
0.466325
0.466235
0.466302
0.466341
0.466174
0.466298
0.466383
0.466242
0.466295
0.466236
0.466227
0.466257
0.466372
0.466335
0.46634
0.466377
0.466443
0.466153
0.466315
0.466322
0.466403
0.466452
0.46637
0.466319
0.466282
0.466378
0.466412
0.466288
0.466416
0.466443
0.46659
0.466671
0.466814
0.466657
0.466772
0.466585
0.466777
0.466696
0.466709
0.466647
0.46651
0.466573
0.466428
0.466507
0.466529
0.466586
0.466686
0.466682
0.466632
0.466777
0.466733
0.466627
0.466635
0.466656
0.46658
0.466535
0.466456
0.466404
0.466343
