0.883065
0.699301
0.606793
0.578922
0.570584
0.556037
0.553331
0.541344
0.5315
0.53001
0.530836
0.53069
0.52864
0.528461
0.525483
0.525285
0.523726
0.522711
0.521132
0.521546
0.521043
0.521977
0.521703
0.522795
0.523831
0.525054
0.525189
0.525186
0.524797
0.523883
0.52389
0.524775
0.524821
0.524193
0.524282
0.524135
0.523329
0.522289
0.522642
0.523915
0.524542
0.525521
0.525192
0.526268
0.526494
0.525738
0.525679
0.525332
0.5254
0.5259
0.526629
0.525744
0.524877
0.524808
0.525325
0.525369
0.525993
0.526284
0.526296
0.526849
0.526889
0.526668
0.525764
0.526222
0.526466
0.526612
0.525936
0.525877
0.525433
0.525264
0.525292
0.525388
0.525296
0.525636
0.527054
0.527547
0.527338
0.527696
0.528394
0.528375
0.528782
0.529277
0.52857
0.528534
0.529328
0.529067
0.529828
0.530098
0.530302
0.530427
0.530432
0.530174
0.530403
0.531009
0.531153
0.531875
0.532034
0.532614
0.532546
0.532888
0.533109
0.533196
0.53314
0.533373
0.53372
0.534153
0.534238
0.534832
0.535281
0.535324
0.536093
0.535798
0.535842
0.536234
0.536203
0.536374
0.536593
0.536806
0.537557
0.537921
0.538331
0.538299
0.538141
0.537483
0.537385
0.5378
0.538013
0.538257
0.538459
0.538639
0.538992
0.539442
0.539467
0.539496
0.539105
0.539089
0.539414
0.539353
0.539164
0.539336
0.539205
0.539114
0.539271
0.539192
0.539501
0.539469
0.539306
0.539723
0.539619
0.539731
0.539727
0.539615
0.539686
0.539922
0.540321
0.540386
0.540891
0.540993
0.540828
0.540754
0.540701
0.540746
0.54083
0.540921
0.54079
0.54087
0.540768
0.540649
0.541003
0.540899
0.541158
0.541468
0.541575
0.541591
0.541956
0.542034
0.541996
0.542131
0.542204
0.542303
0.542386
0.542539
0.542587
0.542553
0.5428
0.542814
0.542767
0.542894
0.543104
0.543231
0.543415
0.543416
0.543625
0.543734
0.543636
0.543689
0.543634
0.543473
0.543672
0.54352
0.543548
0.543505
0.543483
0.543421
0.543549
0.543813
0.54397
0.543688
0.543612
0.543773
0.543902
0.543909
0.544114
0.54436
0.544272
0.544268
0.544155
0.544128
0.543977
0.543869
0.543778
0.543619
0.54361
0.54373
0.543605
0.543528
0.543258
0.543271
0.543367
0.543325
0.543675
0.54394
0.544047
0.544194
0.544286
0.54436
0.544431
0.544331
0.544358
0.544427
0.544542
0.544533
0.544599
0.544716
0.54458
0.544379
0.544343
0.544527
0.544558
0.544737
0.544715
0.544635
0.544784
0.54494
0.544986
0.544772
0.544693
0.544605
0.54471
0.544734
0.544804
0.544883
0.544907
0.544887
0.544878
0.544896
0.545205
0.545257
0.545106
0.54521
0.545061
0.545046
0.545087
0.545026
0.545064
0.545176
0.545087
0.544937
0.54502
0.545208
0.545076
0.545127
0.545165
0.545241
0.545212
0.54518
0.545234
0.545444
0.545507
0.545641
0.545579
0.545689
0.545579
0.545687
0.545656
0.545641
0.545612
0.54557
0.545543
0.545392
0.545275
0.545193
0.545089
0.544987
0.54514
0.545273
0.54517
0.545232
0.545041
0.545025
0.545093
0.544946
0.544931
0.545056
0.545144
0.545039
0.545147
0.545154
0.545271
0.545453
0.54552
0.545576
0.545473
0.545369
0.545264
0.545228
0.545232
0.545133
0.54503
0.545078
0.54507
0.5451
0.545
0.545049
0.544887
0.54471
0.544837
0.54495
0.545094
0.54513
0.544969
0.545061
0.545062
0.545231
0.545157
0.545126
0.545167
0.545173
0.545218
0.545261
0.545296
0.545288
0.545293
0.545312
0.545309
0.545367
0.545306
0.545493
0.545417
0.545281
0.545154
0.545226
0.545202
0.545237
0.545189
0.545215
0.545226
0.545245
0.545258
0.545214
0.545298
0.545329
0.545435
0.545492
0.545469
0.545452
0.545377
0.545383
0.545313
0.54526
0.545434
0.545384
0.54549
0.545447
0.545406
0.545461
0.545497
0.545404
0.545467
0.54545
0.5455
0.545642
0.545588
0.545674
0.545614
0.545624
0.545616
0.54563
0.545658
0.545578
0.545683
0.545743
0.545888
0.546035
0.546185
0.546177
0.54623
0.546316
0.546373
0.546418
0.546537
0.546616
0.546611
0.546557
0.546431
0.546382
0.546471
0.546475
0.546588
0.546542
0.546542
0.546489
0.546436
0.546464
0.546559
0.546661
0.546749
0.546624
0.546578
0.546634
0.546547
0.546525
0.546509
0.546397
0.546391
0.546436
0.546552
0.546512
0.546484
0.546421
0.546519
0.546506
0.546426
0.546422
0.546339
0.546432
0.546327
0.546228
0.546186
0.546267
0.546184
0.546248
0.546202
0.546257
0.546143
0.546054
0.545986
0.546042
0.546042
0.546081
0.545993
0.546
0.54597
0.545963
0.545901
0.546024
0.546083
0.546097
0.546131
0.546186
0.546246
0.546269
0.54635
0.546349
0.546325
0.546299
0.546371
0.546271
0.546348
0.546404
0.546437
0.546377
0.546356
0.546416
0.546488
0.546436
0.546473
0.546548
0.546465
0.546504
0.54645
0.546427
0.54649
0.546438
0.546475
0.546547
0.546432
0.546442
0.546492
