0.482517
0.464045
0.462509
0.458863
0.464191
0.474439
0.47976
0.483702
0.481645
0.482111
0.482676
0.485362
0.486081
0.486571
0.491674
0.493482
0.495092
0.494987
0.497218
0.497524
0.499477
0.5004
0.501289
0.503155
0.503596
0.503292
0.502645
0.502239
0.503156
0.504122
0.504341
0.505406
0.504534
0.505277
0.505824
0.505077
0.504339
0.504339
0.504398
0.505528
0.506198
0.505186
0.504218
0.504176
0.503791
0.50208
0.50187
0.501763
0.502421
0.502568
0.502302
0.501582
0.501636
0.502237
0.502119
0.502807
0.502818
0.503093
0.503317
0.503628
0.503643
0.503316
0.502737
0.502883
0.503281
0.503928
0.504587
0.505498
0.505535
0.505222
0.505199
0.506009
0.505623
0.505784
0.505648
0.505368
0.505513
0.505554
0.505404
0.505526
0.505689
0.505447
0.505501
0.505279
0.505833
0.505778
0.505701
0.505739
0.505738
0.505884
0.50613
0.505887
0.505817
0.505499
0.505182
0.505187
0.505213
0.505136
0.505297
0.505396
0.505385
0.504921
0.505203
0.505481
0.50548
0.505781
0.505797
0.505977
0.506488
0.506894
0.506652
0.506113
0.505846
0.505265
0.505238
0.505191
0.504648
0.504749
0.504821
0.504881
0.504497
0.504452
0.504184
0.504185
0.503905
0.503972
0.503873
0.504099
0.504059
0.504281
0.504233
0.504312
0.504635
0.504773
0.505106
0.5051
0.505281
0.505737
0.505427
0.50555
0.505729
0.505548
0.505504
0.505304
0.505099
0.50505
0.504888
0.504929
0.504962
0.504694
0.504765
0.505074
0.50509
0.505363
0.505172
0.505161
0.505262
0.505251
0.505549
0.505432
0.505547
0.505674
0.505368
0.50547
0.505144
0.505172
0.505315
0.505309
0.505453
0.505571
0.505384
0.505461
0.505182
0.505368
0.505418
0.5051
0.505208
0.50521
0.504953
0.505054
0.505142
0.505429
0.505588
0.505739
0.505839
0.505856
0.505989
0.506109
0.506189
0.506184
0.50617
0.506128
0.505997
0.506169
0.506234
0.506627
0.506587
0.506454
0.506495
0.506567
0.506628
0.50665
0.506829
0.506662
0.506631
0.506599
0.506767
0.506827
0.506668
0.506474
0.50627
0.506298
0.50635
0.506336
0.506291
0.50608
0.506003
0.505945
0.506067
0.505881
0.506073
0.506254
0.506212
0.506095
0.506214
0.506059
0.505979
0.505837
0.505888
0.505906
0.505818
0.505818
0.505845
0.505687
0.505662
0.505519
0.50536
0.505305
0.505204
0.505063
0.504868
0.505071
0.505226
0.505418
0.505341
0.505383
0.505254
0.505321
0.505462
0.505603
0.505582
0.505494
0.50546
0.505586
0.505624
0.505589
0.505662
0.505508
0.505452
0.505361
0.505286
0.505245
0.505292
0.505267
0.505367
0.505647
0.505663
0.505635
0.505966
0.506029
0.506072
0.506249
0.506281
0.506355
0.506352
0.506285
0.506365
0.506339
0.506361
0.506297
0.506287
0.506288
0.506188
0.506109
0.506068
0.505969
0.506001
0.506125
0.506126
0.50615
0.506167
0.506189
0.50619
0.506213
0.506307
0.506372
0.506272
0.506269
0.506085
0.506072
0.506187
0.506263
0.506264
0.506276
0.5064
0.506268
0.506281
0.506291
0.506346
0.506478
0.506567
0.506607
0.506531
0.506537
0.506643
0.506653
0.506649
0.506703
0.506745
0.506826
0.506829
0.506808
0.506784
0.506702
0.506831
0.506776
0.506906
0.506881
0.506683
0.506776
0.506767
0.506748
0.506763
0.506759
0.506664
0.506647
0.506565
0.506578
0.506568
0.506583
0.50667
0.50658
0.506526
0.506549
0.506432
0.506481
0.50642
0.506269
0.506201
0.506228
0.506169
0.506104
0.506157
0.5061
0.506046
0.506035
0.506019
0.505876
0.505706
0.505671
0.505805
0.505846
0.505818
0.505759
0.505779
0.505769
0.505672
0.505686
0.505794
0.505739
0.505753
0.505629
0.505729
0.505858
0.505794
0.505683
0.505802
0.505865
0.505876
0.505859
0.505853
0.505895
0.505881
0.506012
0.506101
0.506135
0.506096
0.506088
0.50599
0.506019
0.50593
0.505938
0.505912
0.505917
0.505938
0.505934
0.505885
0.505873
0.505877
0.505976
0.505973
0.505909
0.505899
0.505876
0.505927
0.505969
0.506009
0.506073
0.506085
0.506162
0.506159
0.506236
0.506212
0.506119
0.506129
0.506241
0.506366
0.506425
0.506367
0.506446
0.50635
0.506314
0.506314
0.506266
0.506242
0.506184
0.506272
0.506254
0.506203
0.506162
0.506117
0.506121
0.506104
0.506116
0.506109
0.506057
0.506056
0.505942
0.505924
0.505895
0.505866
0.506035
0.506019
0.505978
0.505826
0.505776
0.505812
0.505838
0.505778
0.505707
0.505735
0.505787
0.505849
0.505916
0.505944
0.505931
0.505946
0.505974
0.505983
0.50594
0.506123
0.506141
0.506157
0.506003
0.506051
0.506013
0.506061
0.506104
0.506098
0.50611
0.506042
0.506032
0.505997
0.506059
0.50602
0.506077
0.506183
0.506199
0.506227
0.506333
0.50629
0.506274
0.506259
0.506228
0.506261
0.506302
0.506262
0.506357
0.506405
