0.0218579
0.0196629
0.019305
0.0253353
0.0301974
0.0263415
0.0260943
0.0236162
0.0235602
0.0247642
0.0250417
0.0237217
0.0234531
0.0245074
0.0243454
0.0233275
0.0236686
0.0230117
0.0221876
0.0221721
0.0220455
0.0216556
0.0224566
0.0227573
0.0221367
0.0222014
0.0227342
0.0228351
0.0225499
0.0228298
0.0225958
0.0230501
0.0225959
0.0229145
0.0223731
0.0220967
0.0218016
0.0214803
0.0217242
0.0217245
0.0216867
0.022308
0.0225977
0.0234537
0.0232274
0.0234516
0.0233838
0.0231571
0.0227445
0.0229008
0.0225564
0.0225225
0.0223881
0.0223737
0.0225435
0.0223805
0.0222037
0.0222113
0.0226427
0.0229628
0.0229524
0.0232306
0.023341
0.0233293
0.0236115
0.0236105
0.0235719
0.0234909
0.0232264
0.023078
0.0228987
0.0232684
0.0232807
0.0235263
0.0233773
0.0233579
0.0232528
0.023003
0.0229971
0.0228734
0.022572
0.0222999
0.0220948
0.0218831
0.0217926
0.0218953
0.0217815
0.0217761
0.021598
0.0215436
0.021438
0.0212164
0.0210152
0.0208267
0.0211484
0.021582
0.0214486
0.021534
0.0214715
0.0214739
0.0214
0.0211986
0.0211033
0.0209872
0.0210343
0.0210144
0.0209221
0.0208372
0.0207577
0.0206737
0.0206941
0.0207179
0.0206567
0.0207476
0.0206689
0.0206793
0.0206897
0.0207249
0.0207027
0.0205141
0.0204426
0.0205261
0.0205388
0.0205564
0.0205002
0.0204895
0.0204148
0.0202708
0.0202961
0.020147
0.0202512
0.020254
0.0201809
0.0202874
0.020363
0.0204406
0.0203008
0.0201748
0.020205
0.0201298
0.0199839
0.0199229
0.0198886
0.0197572
0.0197185
0.0197999
0.0198746
0.0199047
0.0198344
0.0198561
0.0200577
0.0199563
0.0199117
0.0198622
0.0198711
0.0200734
0.0202067
0.0201015
0.0201769
0.0202553
0.0202838
0.0201792
0.0200423
0.0199796
0.0200569
0.0200831
0.0200501
0.0203204
0.0202753
0.0202244
0.0202856
0.0201633
0.0200521
0.0199494
0.0199136
0.0199952
0.0201127
0.0201204
0.0200763
0.0201319
0.0200661
0.0199619
0.0198611
0.0199383
0.02
0.0199412
0.019891
0.0199642
0.0199132
0.0198195
0.0199394
0.0198541
0.0198592
0.0199881
0.019947
0.0199634
0.0199722
0.0200341
0.0200011
0.0200137
0.0200168
0.0199686
0.0200448
0.0199523
0.0200557
0.0200667
0.0199785
0.0199837
0.0199889
0.0199929
0.01998
0.019996
0.0200089
0.0200138
0.0200679
0.0200255
0.0200897
0.0200544
0.0200155
0.0200058
0.0200622
0.0200343
0.0200494
0.0200473
0.0200038
0.0200141
0.0202091
0.0203218
0.0203439
0.0203441
0.0205479
0.0205454
0.0205039
0.02051
0.0206111
0.0205211
0.0205654
0.0206084
0.0206149
0.0206628
0.0207194
0.0207254
0.0207759
0.0208751
0.0208234
0.0207811
0.0208217
0.0207423
0.0206679
0.020633
0.0206347
0.0206742
0.0206757
0.0206432
0.0205648
0.0205642
0.0205772
0.0205109
0.0206012
0.0206908
0.0207687
0.0208621
0.0208553
0.0208115
0.0208509
0.0208158
0.0209804
0.0209468
0.0209835
0.0210626
0.0210952
0.0210176
0.0209853
0.0209499
0.0208923
0.0208559
0.02079
0.0207486
0.0207601
0.0207436
0.0206679
0.0206463
0.020617
0.0206868
0.020767
0.0206948
0.0206727
0.0207027
0.0207101
0.0208679
0.0208027
0.0209165
0.0208835
0.0208061
0.0208024
0.0207761
0.0209151
0.0208834
0.0208862
0.0208571
0.0209
0.0209012
0.0209143
0.0208884
0.0208604
0.0208625
0.0208275
0.0208355
0.0208391
0.0208434
0.0208032
0.020799
0.0209003
0.0208419
0.0208794
0.0208821
0.0208094
0.020754
0.0207962
0.0208389
0.0207728
0.020782
0.0208091
0.0207844
0.0207509
0.0207128
0.0207267
0.0206664
0.0205944
0.0205971
0.0205695
0.020567
0.020596
0.0206715
0.020666
0.0206679
0.0206179
0.0205675
0.0205934
0.0205948
0.0206263
0.0206276
0.0206028
0.020597
0.0206179
0.0205921
0.0206571
0.0206538
0.0208141
0.0207849
0.0207577
0.0208492
0.0208833
0.0209733
0.0209006
0.020901
0.0208977
0.0208682
0.0208998
0.0208451
0.0208154
0.0208093
0.0208161
0.0208143
0.0208938
0.0209259
0.0209603
0.020963
0.0209626
0.0209056
0.0209151
0.0208585
0.0209463
0.0208954
0.0209237
0.0209531
0.0209878
0.0209343
0.0208875
0.020952
0.0209236
0.0209239
0.0210152
0.0209677
0.020914
0.0209491
0.0209338
0.0209324
0.0209327
0.0209124
0.0209357
0.0209069
0.0208805
0.0209065
0.0208837
0.0208565
0.0209335
0.0209423
0.02091
0.0209227
0.0210312
0.0210636
0.0210431
0.0211052
0.0211581
0.0211264
0.0211284
0.0211383
0.0211649
0.0212159
0.0212338
0.0212361
0.0212871
0.0213345
0.0213702
0.0213661
0.0213429
0.0213198
0.0212973
0.0212984
0.02125
0.0213075
0.0212869
0.0212858
0.0212583
0.0212095
0.0212059
0.0211559
0.021152
0.0211883
0.0212188
0.0211861
0.0211858
0.0212613
0.0212661
0.0212839
0.0212672
0.0212171
0.0212693
0.0212236
0.0211973
0.0212481
0.0212002
0.0212302
0.0212221
0.0212269
0.0211677
0.0211546
0.0211549
0.0211877
0.0211726
0.0211152
0.0211383
0.0211371
0.0211595
0.0211809
0.021134
0.0210919
0.0210728
0.021029
0.0209785
0.0210247
0.0210385
0.0210429
0.0210704
0.0210526
0.0210133
0.0209924
0.021014
0.0210131
0.0209704
0.0209545
0.0209798
0.0209384
0.0209193
0.0209106
0.0208672
0.0209187
0.0209223
0.0209095
0.020936
0.0209432
0.0209263
0.020953
0.0209829
0.0209585
0.0209639
0.0209664
0.0209647
0.0209264
0.0209495
0.0209096
0.020909
0.0209612
0.02094
0.0209267
0.0209297
0.0209936
0.0209887
