0.6
0.560976
0.545098
0.504451
0.519324
0.499018
0.500824
0.509353
0.512853
0.519676
0.515317
0.525562
0.520078
0.522107
0.517364
0.515491
0.515327
0.51239
0.507728
0.508537
0.508006
0.507358
0.505037
0.506536
0.511716
0.509828
0.510498
0.50789
0.510795
0.508869
0.505411
0.502899
0.501803
0.502012
0.500981
0.501693
0.5
0.501857
0.500909
0.500893
0.502394
0.502131
0.502924
0.50163
0.503407
0.504355
0.502724
0.501727
0.500755
0.500741
0.499635
0.499461
0.501235
0.499132
0.498803
0.498985
0.497501
0.496711
0.498375
0.497759
0.497161
0.496266
0.497096
0.496695
0.495843
0.496338
0.497106
0.497426
0.499013
0.502086
0.503019
0.503525
0.50415
0.503443
0.502747
0.502708
0.503193
0.503782
0.504487
0.504809
0.504864
0.504691
0.505246
0.506106
0.506506
0.505861
0.506134
0.506852
0.506231
0.505182
0.504255
0.50324
0.504279
0.505805
0.505969
0.504872
0.50412
0.50449
0.504045
0.504014
0.503484
0.503158
0.502342
0.502712
0.502692
0.503051
0.502366
0.502535
0.502239
0.502221
0.502021
0.502371
0.503437
0.503048
0.503202
0.503355
0.503944
0.505399
0.505616
0.505142
0.504423
0.503632
0.503763
0.503412
0.50297
0.503688
0.503336
0.503552
0.502644
0.502545
0.502522
0.503212
0.503739
0.505413
0.505072
0.505326
0.50573
0.506062
0.505496
0.505688
0.50492
0.504665
0.505144
0.506185
0.505637
0.505674
0.505431
0.505815
0.505913
0.506371
0.506536
0.506018
0.50591
0.505881
0.505846
0.505616
0.505521
0.505686
0.505463
0.505952
0.506248
0.506269
0.506179
0.506475
0.506171
0.506451
0.506539
0.506196
0.505981
0.505827
0.505497
0.506089
0.505816
0.505473
0.506049
0.506729
0.507168
0.507597
0.50726
0.507282
0.507419
0.507852
0.50729
0.50708
0.507449
0.507063
0.506745
0.507044
0.507504
0.50723
0.507296
0.507769
0.507777
0.508063
0.507752
0.507925
0.508054
0.508447
0.507987
0.507854
0.50771
0.507671
0.508154
0.508166
0.508129
0.508302
0.508049
0.507711
0.508138
0.508717
0.508781
0.509129
0.509483
0.508988
0.508954
0.508765
0.508486
0.508453
0.507974
0.507986
0.507372
0.5072
0.507076
0.507474
0.50673
0.506649
0.506528
0.506446
0.506045
0.505829
0.505296
0.50532
0.505754
0.505549
0.505389
0.505364
0.505298
0.50546
0.505837
0.505811
0.506054
0.506334
0.506438
0.506331
0.506572
0.506574
0.506295
0.506661
0.506165
0.506572
0.506164
0.506145
0.505956
0.506228
0.506164
0.506517
0.506451
0.506305
0.506698
0.507293
0.507232
0.507246
0.507387
0.50695
0.507287
0.507307
0.507523
0.507534
0.507706
0.507245
0.507453
0.507226
0.506967
0.506948
0.507236
0.507058
0.50707
0.507509
0.50764
0.507877
0.507926
0.507857
0.507484
0.507836
0.507844
0.507852
0.507829
0.507762
0.507739
0.507609
0.507655
0.507738
0.507744
0.50775
0.507874
0.507776
0.508117
0.508125
0.508242
0.508718
0.508443
0.508602
0.50861
0.508977
0.509268
0.508923
0.508718
0.508902
0.509228
0.509271
0.509515
0.509931
0.509972
0.510156
0.510089
0.51034
0.510585
0.510418
0.51011
0.509769
0.509812
0.509875
0.509548
0.509289
0.509098
0.508935
0.508579
0.508619
0.508594
0.508628
0.508897
0.509102
0.509427
0.509363
0.509751
0.509918
0.509891
0.509768
0.509932
0.509774
0.50933
0.509434
0.509346
0.508912
0.508727
0.508324
0.508088
0.507852
0.508226
0.508574
0.508863
0.508684
0.508503
0.50821
0.508125
0.507978
0.507828
0.507865
0.507965
0.507975
0.50792
0.507936
0.508239
0.508578
0.50921
0.509036
0.508892
0.508776
0.508581
0.508242
0.508193
0.508347
0.50859
0.508508
0.508258
0.508211
0.508165
0.508429
0.508406
0.508609
0.508653
0.508887
0.509007
0.509012
0.508672
0.508506
0.508313
0.508293
0.508383
0.508752
0.508951
0.50926
0.509373
0.509655
0.509687
0.509608
0.509803
0.509662
0.509849
0.509907
0.510023
0.509947
0.510036
0.510222
0.510009
0.510195
0.509854
0.50972
0.509859
0.510069
0.510099
0.509991
0.510201
0.510234
0.510365
0.510336
0.510021
0.509918
0.509868
0.510028
0.509802
0.510209
0.510157
0.510262
0.510384
0.510508
0.510588
0.510657
0.510736
0.510412
0.510463
0.510468
0.510645
0.510219
0.510145
0.51003
0.510178
0.510179
0.510134
0.510115
0.510343
0.510267
0.510342
0.510266
0.510364
0.510342
0.510222
0.510321
0.510542
0.510738
0.510838
0.510668
0.510646
0.510526
0.510527
0.510548
0.510643
0.51048
0.510414
0.51049
0.510533
0.510551
0.510604
0.51091
0.511116
0.511094
0.511255
0.511439
0.511249
0.511141
0.510847
0.510936
0.51089
0.510777
0.510867
0.5108
0.510845
0.51098
0.51036
0.51043
0.510544
0.510381
0.510428
0.510143
0.510122
0.510213
0.509989
0.510099
0.510036
0.510173
0.509999
0.510065
0.510378
0.510463
0.510265
0.510398
0.510225
0.510508
0.510751
