 2.005952e-30   2.035823e-30   9.853273e-01
 1.788521e-30   2.201274e-30   8.124935e-01
 1.859172e-30   1.835690e-30   1.012792e+00
 1.711301e-30   1.647946e-30   1.038445e+00
 1.823647e-30   1.849793e-30   9.858651e-01
 1.407110e-30   1.358383e-30   1.035872e+00
 1.612514e-30   1.814142e-30   8.888576e-01
 2.439343e-30   1.724164e-30   1.414797e+00
 2.053263e-30   1.755861e-30   1.169377e+00
 2.319278e-30   2.059737e-30   1.126007e+00
 8.311603e-31   1.718454e-30   4.836676e-01
 2.193504e-30   1.587097e-30   1.382086e+00
 1.540842e-30   1.735402e-30   8.878877e-01
 1.827140e-30   1.854421e-30   9.852889e-01
 1.654052e-30   1.740560e-30   9.502992e-01
 1.837952e-30   1.845060e-30   9.961473e-01
 1.944319e-30   2.036512e-30   9.547296e-01
 1.713978e-30   1.397860e-30   1.226144e+00
 1.771714e-30   1.980651e-30   8.945107e-01
 1.709803e-30   1.359261e-30   1.257892e+00
 1.942428e-30   1.818243e-30   1.068299e+00
 1.614494e-30   2.031835e-30   7.945991e-01
-3.419256e-31   1.130440e-30  -3.024712e-01
 1.875619e-30   1.697438e-30   1.104971e+00
 1.849198e-30   1.858261e-30   9.951229e-01
 1.910836e-30   2.061951e-30   9.267127e-01
 1.986051e-30   2.032226e-30   9.772784e-01
 1.379085e-30   1.495571e-30   9.221129e-01
 2.296774e-30   1.642124e-30   1.398661e+00
 1.923511e-30   2.162055e-30   8.896678e-01
 1.855863e-30   1.712222e-30   1.083892e+00
 1.809338e-30   1.434333e-30   1.261449e+00
 1.156193e-30   1.623092e-30   7.123396e-01
 1.368617e-30   1.669874e-30   8.195930e-01
 1.715859e-30   1.749930e-30   9.805301e-01
 1.406784e-30   1.343478e-30   1.047121e+00
 2.412927e-30   1.457655e-30   1.655349e+00
 1.913406e-30   1.809976e-30   1.057144e+00
 1.763353e-30   1.766319e-30   9.983208e-01
 9.362500e-31   1.760561e-30   5.317906e-01
 1.878510e-30   1.885469e-30   9.963090e-01
 1.562901e-30   2.038416e-30   7.667232e-01
 1.576332e-30   1.736186e-30   9.079280e-01
 2.510855e-30   1.792900e-30   1.400444e+00
 1.490914e-30   1.415950e-30   1.052942e+00
 1.753723e-30   2.123941e-30   8.256928e-01
 2.796120e-30   1.772398e-30   1.577592e+00
 2.152909e-30   1.666270e-30   1.292053e+00
 1.479187e-30   1.725305e-30   8.573483e-01
 1.245924e-30   1.562856e-30   7.972097e-01
 2.236091e-30   1.953124e-30   1.144879e+00
 1.024965e-30   1.567945e-30   6.536997e-01
 1.669917e-30   1.581147e-30   1.056143e+00
 1.690047e-30   1.818448e-30   9.293897e-01
 1.694775e-30   1.640208e-30   1.033268e+00
 1.800802e-30   1.888807e-30   9.534070e-01
 1.841961e-30   1.805274e-30   1.020322e+00
 1.946209e-30   1.830594e-30   1.063157e+00
 1.461932e-30   1.674311e-30   8.731546e-01
 1.744008e-30   1.749505e-30   9.968578e-01
 1.817956e-30   1.837913e-30   9.891417e-01
 2.499180e-30   1.485237e-30   1.682681e+00
 2.304872e-30   1.581039e-30   1.457821e+00
 1.718763e-30   2.095651e-30   8.201574e-01
 1.858011e-30   1.665054e-30   1.115886e+00
 1.730910e-30   1.766532e-30   9.798351e-01
 2.845164e-30   1.523593e-30   1.867405e+00
 1.871223e-30   1.858322e-30   1.006942e+00
 9.018658e-31   1.311346e-30   6.877405e-01
 1.816576e-30   1.534304e-30   1.183974e+00
 2.025062e-30   2.128820e-30   9.512599e-01
 1.888348e-30   1.844936e-30   1.023530e+00
 1.538412e-30   1.605144e-30   9.584262e-01
 1.926757e-30   1.802921e-30   1.068686e+00
 1.644155e-30   1.500460e-30   1.095768e+00
 1.856654e-30   1.863488e-30   9.963328e-01
 1.553785e-30   1.753856e-30   8.859249e-01
 2.003504e-30   1.842321e-30   1.087489e+00
 1.768656e-30   2.281175e-30   7.753266e-01
 1.593203e-30   1.547865e-30   1.029291e+00
 1.627482e-30   1.757819e-30   9.258532e-01
 1.656341e-30   1.304329e-30   1.269880e+00
 2.363980e-30   1.713748e-30   1.379421e+00
 2.030293e-30   1.964297e-30   1.033598e+00
 1.567518e-30   1.871204e-30   8.377055e-01
 1.302320e-30   1.670581e-30   7.795611e-01
 1.813661e-30   1.852232e-30   9.791759e-01
 1.057067e-30   1.467549e-30   7.202940e-01
 1.779581e-30   1.845027e-30   9.645283e-01
 1.679517e-30   1.917347e-30   8.759587e-01
 1.464879e-30   1.451420e-30   1.009273e+00
 1.290914e-30   1.442513e-30   8.949067e-01
 1.591163e-30   1.772460e-30   8.977144e-01
 1.600517e-30   1.914755e-30   8.358858e-01
 2.164078e-30   1.765686e-30   1.225630e+00
 2.109517e-30   1.649074e-30   1.279213e+00
 2.067666e-30   2.087941e-30   9.902894e-01
 1.306608e-30   1.553172e-30   8.412515e-01
 2.160925e-30   1.652894e-30   1.307358e+00
 1.590715e-30   1.590552e-30   1.000103e+00
 1.567806e-30   1.455234e-30   1.077357e+00
 1.468251e-30   2.250868e-30   6.523046e-01
 2.364579e-30   2.501490e-30   9.452683e-01
 2.138981e-30   2.157044e-30   9.916261e-01
 2.227278e-30   1.633369e-30   1.363609e+00
 2.018783e-30   2.002404e-30   1.008180e+00
 1.520187e-30   1.375742e-30   1.104994e+00
 1.719397e-30   1.830515e-30   9.392968e-01
 1.254289e-30   1.563625e-30   8.021676e-01
 1.400115e-30   1.660505e-30   8.431862e-01
 1.554883e-30   1.508885e-30   1.030484e+00
 1.438038e-30   1.601764e-30   8.977840e-01
 1.786734e-30   1.755699e-30   1.017677e+00
 1.300082e-30   1.523074e-30   8.535908e-01
 1.222210e-30   1.639064e-30   7.456754e-01
 1.612434e-30   1.851065e-30   8.710846e-01
 1.671082e-30   1.980614e-30   8.437191e-01
 1.930927e-30   1.745285e-30   1.106368e+00
 1.808997e-30   2.079144e-30   8.700682e-01
 2.160672e-30   1.638351e-30   1.318809e+00
 1.544713e-30   1.573607e-30   9.816388e-01
 2.404939e-30   1.730866e-30   1.389442e+00
 2.059278e-30   2.446659e-30   8.416693e-01
 1.494360e-30   1.622891e-30   9.208009e-01
 1.996553e-30   1.967930e-30   1.014545e+00
 1.951416e-30   1.850090e-30   1.054768e+00
 1.364310e-30   1.516292e-30   8.997673e-01
 1.790926e-30   1.684935e-30   1.062905e+00
 2.147716e-30   1.816580e-30   1.182286e+00
 1.605789e-30   1.401740e-30   1.145568e+00
 1.183717e-30   1.550085e-30   7.636467e-01
 2.152673e-30   1.666209e-30   1.291959e+00
 1.670904e-30   1.642083e-30   1.017551e+00
 2.169167e-30   2.279293e-30   9.516845e-01
 1.579124e-30   1.504593e-30   1.049536e+00
 1.967786e-30   1.854681e-30   1.060983e+00
 1.993044e-30   1.986472e-30   1.003308e+00
 2.106534e-30   1.451079e-30   1.451702e+00
 1.848449e-30   1.780176e-30   1.038352e+00
 2.245216e-30   2.068922e-30   1.085211e+00
 1.244653e-30   1.612428e-30   7.719121e-01
 1.020636e-30   1.735500e-30   5.880934e-01
 1.895935e-30   1.824643e-30   1.039072e+00
 1.891438e-30   1.683911e-30   1.123241e+00
 1.502869e-30   1.600253e-30   9.391446e-01
 1.267175e-30   1.542435e-30   8.215418e-01
 1.489576e-30   1.785786e-30   8.341292e-01
 1.570077e-30   1.542042e-30   1.018181e+00
 1.357929e-30   1.327794e-30   1.022695e+00
 2.594268e-30   1.818712e-30   1.426431e+00
 1.456221e-30   1.349148e-30   1.079364e+00
 2.168624e-30   1.513440e-30   1.432911e+00
 1.465657e-30   1.625167e-30   9.018506e-01
 1.697982e-30   1.727707e-30   9.827951e-01
 1.998667e-30   1.770741e-30   1.128718e+00
 1.612329e-30   1.579655e-30   1.020684e+00
 1.513090e-30   1.852572e-30   8.167512e-01
 1.204429e-30   1.697828e-30   7.093941e-01
 1.290914e-30   1.442513e-30   8.949067e-01
 1.464946e-30   1.788362e-30   8.191549e-01
 1.453227e-30   1.715645e-30   8.470439e-01
 2.135418e-30   1.361112e-30   1.568877e+00
 2.542796e-30   2.013653e-30   1.262778e+00
 9.025037e-31   1.879461e-30   4.801927e-01
 1.593757e-30   1.796379e-30   8.872054e-01
 1.607777e-30   1.733733e-30   9.273498e-01
 1.909026e-30   1.861340e-30   1.025619e+00
 2.045816e-30   1.643109e-30   1.245088e+00
 2.026398e-30   1.538155e-30   1.317421e+00
 1.615325e-30   1.581199e-30   1.021582e+00
 1.761663e-30   1.509112e-30   1.167351e+00
 1.408644e-30   1.582820e-30   8.899583e-01
 1.635085e-30   1.688774e-30   9.682082e-01
 2.637154e-30   1.696188e-30   1.554754e+00
 2.014107e-30   1.489890e-30   1.351849e+00
 6.595966e-31   1.476122e-30   4.468444e-01
 1.608902e-30   1.504450e-30   1.069429e+00
 1.588387e-30   1.523408e-30   1.042653e+00
 1.728376e-30   1.884705e-30   9.170535e-01
 1.125686e-30   1.918514e-30   5.867491e-01
 1.482601e-30   1.934519e-30   7.663922e-01
 1.137073e-30   1.882219e-30   6.041134e-01
 2.172297e-30   1.838524e-30   1.181544e+00
 2.773496e-30   2.216996e-30   1.251015e+00
 1.248454e-30   1.358495e-30   9.189978e-01
 1.625316e-30   1.655974e-30   9.814862e-01
 1.993237e-30   2.104605e-30   9.470837e-01
 2.001586e-30   1.616750e-30   1.238030e+00
 1.897743e-30   1.942984e-30   9.767158e-01
 1.635822e-30   1.537262e-30   1.064114e+00
 1.730074e-30   1.686070e-30   1.026099e+00
 2.068546e-30   1.659575e-30   1.246431e+00
 1.172972e-30   1.430662e-30   8.198802e-01
 1.327958e-30   1.452116e-30   9.144989e-01
 1.094622e-30   1.366719e-30   8.009126e-01
 1.790108e-30   1.748589e-30   1.023744e+00
 1.504480e-30   1.635481e-30   9.199008e-01
 1.216584e-30   1.691524e-30   7.192238e-01
 1.832846e-30   1.908150e-30   9.605353e-01
 2.248581e-30   1.924780e-30   1.168228e+00
 1.323362e-30   1.654518e-30   7.998475e-01
 2.580864e-30   1.607534e-30   1.605480e+00
 1.680542e-30   1.691678e-30   9.934170e-01
 2.025982e-30   2.031005e-30   9.975271e-01
 1.882881e-30   2.092595e-30   8.997828e-01
 1.622864e-30   1.860516e-30   8.722657e-01
 1.747275e-30   1.685927e-30   1.036388e+00
 1.789914e-30   1.832480e-30   9.767717e-01
 2.039383e-30   1.711300e-30   1.191716e+00
 1.943912e-30   1.669378e-30   1.164453e+00
 1.627144e-30   1.950860e-30   8.340646e-01
 2.333713e-30   2.014589e-30   1.158407e+00
 1.677138e-30   1.533940e-30   1.093353e+00
 1.895896e-30   1.828174e-30   1.037044e+00
 1.760855e-30   1.885542e-30   9.338719e-01
 1.475310e-30   1.747666e-30   8.441603e-01
 1.536483e-30   1.685771e-30   9.114425e-01
 1.869559e-30   1.942414e-30   9.624925e-01
 1.705997e-30   1.662097e-30   1.026412e+00
 1.873378e-30   1.726909e-30   1.084815e+00
 7.893719e-31   1.750687e-30   4.508926e-01
 1.739427e-30   1.705221e-30   1.020059e+00
 1.714103e-30   1.962149e-30   8.735846e-01
 2.707950e-30   1.756948e-30   1.541281e+00
 1.563570e-30   1.529626e-30   1.022191e+00
 2.601107e-30   1.692320e-30   1.537007e+00
 1.824808e-30   1.654166e-30   1.103159e+00
 2.186665e-30   1.745831e-30   1.252506e+00
 1.373179e-30   1.581635e-30   8.682026e-01
 1.998873e-30   2.003998e-30   9.974426e-01
 1.958123e-30   1.899210e-30   1.031019e+00
 2.129577e-30   1.837423e-30   1.159002e+00
 1.335321e-30   1.650033e-30   8.092688e-01
 2.668529e-30   1.664280e-30   1.603414e+00
 1.598779e-30   1.506819e-30   1.061029e+00
 1.415104e-30   1.668791e-30   8.479812e-01
 1.940060e-30   2.020918e-30   9.599895e-01
 1.889142e-30   1.659265e-30   1.138541e+00
 2.528390e-30   2.038059e-30   1.240587e+00
 2.227095e-30   1.634384e-30   1.362652e+00
 1.974306e-30   2.097006e-30   9.414882e-01
 1.576515e-30   1.423139e-30   1.107774e+00
 1.445251e-30   1.373810e-30   1.052002e+00
 2.625611e-30   1.828008e-30   1.436324e+00
 1.486176e-30   1.478876e-30   1.004936e+00
 1.907497e-30   1.788532e-30   1.066515e+00
 1.604144e-30   1.530258e-30   1.048283e+00
 1.614285e-30   1.694140e-30   9.528642e-01
 1.735389e-30   1.623083e-30   1.069193e+00
 1.705042e-30   1.462206e-30   1.166075e+00
 1.782527e-30   1.827445e-30   9.754204e-01
 1.500236e-30   1.835555e-30   8.173202e-01
 2.473220e-30   1.814872e-30   1.362752e+00
 1.574719e-30   1.859215e-30   8.469806e-01
 1.646886e-30   1.923302e-30   8.562805e-01
 1.770501e-30   2.075591e-30   8.530104e-01
 1.656092e-30   1.541559e-30   1.074297e+00
 1.597298e-30   1.715225e-30   9.312470e-01
 2.645949e-30   2.018142e-30   1.311082e+00
 1.531261e-30   1.644226e-30   9.312955e-01
 2.167978e-30   1.746566e-30   1.241280e+00
 1.907481e-30   1.724874e-30   1.105867e+00
 2.024441e-30   1.988897e-30   1.017871e+00
 1.695727e-30   1.590607e-30   1.066088e+00
 2.165670e-30   2.148606e-30   1.007942e+00
 2.114983e-30   1.376069e-30   1.536974e+00
 1.980672e-30   1.896287e-30   1.044500e+00
 1.799452e-30   1.803766e-30   9.976082e-01
 2.133925e-30   2.109360e-30   1.011646e+00
 3.175249e-30   2.034637e-30   1.560598e+00
 1.266149e-30   1.413937e-30   8.954771e-01
 1.772274e-30   1.527195e-30   1.160476e+00
 2.169397e-30   1.623965e-30   1.335864e+00
 1.719097e-30   1.933234e-30   8.892336e-01
 1.663642e-30   1.713467e-30   9.709214e-01
 1.780671e-30   1.971383e-30   9.032601e-01
 2.154636e-30   1.714959e-30   1.256377e+00
 1.512285e-30   1.601727e-30   9.441587e-01
 1.428533e-30   1.595859e-30   8.951499e-01
 2.123252e-30   2.177278e-30   9.751865e-01
 1.793449e-30   1.456500e-30   1.231341e+00
 2.071164e-30   1.930217e-30   1.073021e+00
 2.030203e-30   1.772812e-30   1.145188e+00
 1.842776e-30   1.695916e-30   1.086596e+00
 1.477236e-30   1.511059e-30   9.776166e-01
 1.465869e-30   2.060003e-30   7.115861e-01
 1.515372e-30   1.508438e-30   1.004597e+00
 2.131670e-30   2.001503e-30   1.065034e+00
 1.544061e-30   1.719836e-30   8.977955e-01
 2.495518e-30   1.828287e-30   1.364949e+00
 1.815569e-30   1.617739e-30   1.122288e+00
 1.158528e-30   1.387459e-30   8.349999e-01
 1.376458e-30   1.755975e-30   7.838710e-01
 1.641493e-30   1.571185e-30   1.044749e+00
 2.021902e-30   1.913942e-30   1.056407e+00
 1.977014e-30   1.640712e-30   1.204973e+00
 8.187099e-31   1.345136e-30   6.086447e-01
 1.681107e-30   1.573214e-30   1.068581e+00
 1.418889e-30   1.440337e-30   9.851087e-01
 1.624112e-30   1.734767e-30   9.362131e-01
 2.132728e-30   2.091304e-30   1.019808e+00
 8.389990e-31   1.517539e-30   5.528682e-01
 1.552483e-30   1.932540e-30   8.033380e-01
 2.390427e-30   1.793089e-30   1.333134e+00
 2.102913e-30   1.797409e-30   1.169969e+00
 1.564639e-30   1.726157e-30   9.064290e-01
 1.910545e-30   1.383739e-30   1.380711e+00
 1.100515e-30   1.547524e-30   7.111455e-01
 2.135515e-30   2.194736e-30   9.730164e-01
 1.044475e-30   1.638696e-30   6.373819e-01
 1.459556e-30   1.617839e-30   9.021635e-01
 1.748581e-30   1.685867e-30   1.037200e+00
 1.875147e-30   1.646202e-30   1.139075e+00
 1.530569e-30   1.341083e-30   1.141293e+00
 1.353474e-30   1.655418e-30   8.176027e-01
 1.728551e-30   1.895086e-30   9.121226e-01
 1.528159e-30   1.727331e-30   8.846937e-01
 7.667497e-31   1.595892e-30   4.804523e-01
 1.935832e-30   1.988444e-30   9.735409e-01
 1.305915e-30   1.571880e-30   8.307981e-01
 2.293892e-30   2.108050e-30   1.088158e+00
 1.800533e-30   1.456446e-30   1.236251e+00
 1.831658e-30   1.687532e-30   1.085407e+00
 2.015682e-30   1.717358e-30   1.173712e+00
 2.754806e-30   1.775388e-30   1.551664e+00
 2.206767e-30   2.178693e-30   1.012886e+00
 1.460468e-30   1.643287e-30   8.887476e-01
 1.224807e-30   1.638210e-30   7.476498e-01
 2.087394e-30   1.950542e-30   1.070161e+00
 1.710604e-30   1.693656e-30   1.010007e+00
 1.851698e-30   1.696086e-30   1.091748e+00
 1.244653e-30   1.612428e-30   7.719121e-01
 1.586876e-30   1.475717e-30   1.075326e+00
 1.893980e-30   1.910045e-30   9.915892e-01
 1.833908e-30   1.468758e-30   1.248611e+00
 2.692869e-30   1.593461e-30   1.689950e+00
 2.292085e-30   1.792041e-30   1.279036e+00
 1.063772e-30   1.266553e-30   8.398956e-01
 2.106017e-30   2.194557e-30   9.596546e-01
 1.126077e-30   1.656113e-30   6.799515e-01
 1.641416e-30   1.571050e-30   1.044789e+00
 1.694357e-30   1.861009e-30   9.104508e-01
 1.676674e-30   1.530822e-30   1.095277e+00
 1.517766e-30   1.834039e-30   8.275541e-01
 1.478975e-30   1.767421e-30   8.367983e-01
 1.365287e-30   1.757544e-30   7.768155e-01
 2.114780e-30   2.063058e-30   1.025071e+00
 1.362840e-30   1.723708e-30   7.906445e-01
 1.478556e-30   1.783505e-30   8.290174e-01
 1.927206e-30   1.585179e-30   1.215765e+00
 1.393741e-30   1.670076e-30   8.345375e-01
 2.042535e-30   2.058600e-30   9.921965e-01
 2.243312e-30   1.619344e-30   1.385321e+00
 1.712545e-30   1.649238e-30   1.038386e+00
 2.033043e-30   1.749206e-30   1.162267e+00
 2.031209e-30   1.926990e-30   1.054084e+00
 1.748853e-30   1.880728e-30   9.298806e-01
 2.031719e-30   1.891744e-30   1.073992e+00
 1.775362e-30   1.952423e-30   9.093121e-01
 2.442036e-30   1.996426e-30   1.223204e+00
 2.045395e-30   1.650924e-30   1.238940e+00
 1.544079e-30   1.650709e-30   9.354034e-01
 1.694775e-30   1.640208e-30   1.033268e+00
 2.473585e-30   2.016939e-30   1.226405e+00
 1.691136e-30   1.519401e-30   1.113028e+00
 1.734692e-30   1.992322e-30   8.706885e-01
 1.794306e-30   1.673436e-30   1.072229e+00
 2.335850e-30   1.695224e-30   1.377900e+00
 1.577140e-30   1.605552e-30   9.823038e-01
 1.585424e-30   1.535198e-30   1.032716e+00
 2.230454e-30   1.302552e-30   1.712372e+00
 1.591999e-30   1.855281e-30   8.580903e-01
 1.917649e-30   1.749766e-30   1.095946e+00
 2.451256e-30   1.617291e-30   1.515656e+00
 1.814184e-30   2.108267e-30   8.605096e-01
 2.689187e-30   2.108217e-30   1.275574e+00
 1.855949e-30   1.863316e-30   9.960460e-01
 1.835485e-30   1.836849e-30   9.992576e-01
 2.366658e-30   1.977942e-30   1.196525e+00
 2.055890e-30   2.097319e-30   9.802466e-01
 9.025037e-31   1.879461e-30   4.801927e-01
 1.790012e-30   1.592974e-30   1.123692e+00
 2.672546e-30   1.596321e-30   1.674191e+00
 1.809529e-30   1.582193e-30   1.143685e+00
 2.140905e-30   1.610985e-30   1.328942e+00
 2.396891e-30   1.880151e-30   1.274840e+00
 1.406983e-30   1.742997e-30   8.072208e-01
 1.566059e-30   1.499366e-30   1.044480e+00
 1.793381e-30   1.671590e-30   1.072859e+00
 2.212917e-30   2.384922e-30   9.278782e-01
 2.313668e-30   1.384236e-30   1.671440e+00
 2.358469e-30   1.969262e-30   1.197641e+00
 1.560786e-30   1.723351e-30   9.056692e-01
 2.167719e-30   1.992465e-30   1.087958e+00
 1.481853e-30   1.548198e-30   9.571472e-01
 8.889861e-31   1.450972e-30   6.126830e-01
 2.207437e-30   1.624383e-30   1.358939e+00
 2.327931e-30   2.375690e-30   9.798967e-01
 1.658568e-30   1.936014e-30   8.566922e-01
 2.558846e-30   1.772211e-30   1.443872e+00
 1.443055e-30   1.718289e-30   8.398210e-01
 2.884473e-30   1.490904e-30   1.934714e+00
 2.655590e-30   2.213380e-30   1.199790e+00
 1.052404e-30   1.360326e-30   7.736409e-01
 2.149158e-30   2.138140e-30   1.005153e+00
 1.980204e-30   2.006871e-30   9.867123e-01
 1.805462e-30   1.995961e-30   9.045576e-01
 2.019007e-30   1.971053e-30   1.024329e+00
 1.983620e-30   2.417960e-30   8.203693e-01
 2.698259e-30   1.793806e-30   1.504209e+00
 1.804097e-30   1.497105e-30   1.205057e+00
 1.933452e-30   1.974769e-30   9.790777e-01
 1.699261e-30   1.859293e-30   9.139282e-01
 1.810399e-30   1.793486e-30   1.009430e+00
 1.519962e-30   1.417792e-30   1.072063e+00
 1.546176e-30   1.871658e-30   8.260996e-01
 2.254674e-30   1.355315e-30   1.663580e+00
 8.889861e-31   1.450972e-30   6.126830e-01
 1.721647e-30   1.426531e-30   1.206877e+00
 1.496412e-30   1.338406e-30   1.118055e+00
 2.411823e-30   1.974236e-30   1.221649e+00
 1.317662e-30   1.536380e-30   8.576406e-01
 1.106944e-30   1.471702e-30   7.521523e-01
 1.700503e-30   1.685657e-30   1.008807e+00
 2.010985e-30   1.880988e-30   1.069111e+00
 1.570218e-30   1.580571e-30   9.934499e-01
 1.719491e-30   1.716730e-30   1.001608e+00
 1.634704e-30   1.419945e-30   1.151244e+00
 1.525285e-30   1.721721e-30   8.859070e-01
 2.317775e-30   1.712804e-30   1.353205e+00
 1.030075e-30   1.567942e-30   6.569596e-01
 2.115143e-30   1.890699e-30   1.118710e+00
 1.675381e-30   1.488859e-30   1.125278e+00
 1.960437e-30   2.080676e-30   9.422118e-01
 1.951799e-30   1.726011e-30   1.130815e+00
 1.998233e-30   1.758467e-30   1.136350e+00
 1.655621e-30   1.603096e-30   1.032765e+00
 1.761824e-30   2.053392e-30   8.580064e-01
 1.809550e-30   1.800235e-30   1.005174e+00
 1.962077e-30   2.503608e-30   7.836997e-01
 2.301682e-30   2.339720e-30   9.837426e-01
 1.515491e-30   1.455691e-30   1.041080e+00
 1.591176e-30   2.087212e-30   7.623453e-01
 1.243166e-30   1.449808e-30   8.574694e-01
 1.308179e-30   1.307100e-30   1.000826e+00
 1.085587e-30   1.440425e-30   7.536575e-01
 1.538219e-30   1.828133e-30   8.414155e-01
 2.645274e-30   2.111415e-30   1.252844e+00
 1.325262e-30   1.506810e-30   8.795149e-01
 2.050298e-30   1.678986e-30   1.221152e+00
 1.766544e-30   1.613562e-30   1.094810e+00
 1.551533e-30   1.630839e-30   9.513710e-01
 1.102333e-30   1.471316e-30   7.492153e-01
 1.789274e-30   1.912026e-30   9.358000e-01
 1.457054e-30   1.480064e-30   9.844537e-01
 1.991157e-30   1.958666e-30   1.016588e+00
 2.074215e-30   2.164376e-30   9.583434e-01
 1.515480e-30   1.550300e-30   9.775399e-01
 2.618718e-30   1.701076e-30   1.539448e+00
 2.137563e-30   1.897047e-30   1.126784e+00
 2.412927e-30   1.457655e-30   1.655349e+00
 1.602066e-30   1.533608e-30   1.044638e+00
 1.718558e-30   1.867181e-30   9.204025e-01
 1.907327e-30   1.763684e-30   1.081445e+00
 1.543078e-30   1.539294e-30   1.002459e+00
 1.367371e-30   1.719277e-30   7.953177e-01
 2.054752e-30   2.104415e-30   9.764010e-01
 1.882196e-30   1.475359e-30   1.275755e+00
 1.920625e-30   1.926982e-30   9.967011e-01
 1.674059e-30   1.671318e-30   1.001640e+00
 1.417301e-30   1.826991e-30   7.757567e-01
 1.890394e-30   2.393529e-30   7.897936e-01
 2.430216e-30   1.964444e-30   1.237101e+00
 1.781296e-30   1.734279e-30   1.027110e+00
 1.721259e-30   1.529599e-30   1.125300e+00
 1.765427e-30   1.847083e-30   9.557919e-01
 1.737886e-30   1.564522e-30   1.110809e+00
 2.669080e-30   1.700181e-30   1.569880e+00
 1.705622e-30   1.569085e-30   1.087016e+00
 1.509391e-30   1.429384e-30   1.055973e+00
 1.576241e-30   1.505642e-30   1.046890e+00
 2.252921e-30   2.216190e-30   1.016574e+00
 1.565009e-30   1.617289e-30   9.676749e-01
 1.409039e-30   1.403982e-30   1.003602e+00
 2.041451e-30   2.129199e-30   9.587880e-01
 1.834638e-30   1.839614e-30   9.972952e-01
 1.624548e-30   1.818393e-30   8.933977e-01
 2.092891e-30   2.281597e-30   9.172920e-01
 1.936030e-30   1.799371e-30   1.075948e+00
 1.820935e-30   1.895459e-30   9.606832e-01
 1.887767e-30   1.833945e-30   1.029348e+00
 2.038985e-30   1.828384e-30   1.115185e+00
 2.802057e-30   1.830558e-30   1.530712e+00
 2.014266e-30   2.079073e-30   9.688291e-01
 2.004665e-30   1.827525e-30   1.096929e+00
 1.712083e-30   1.736352e-30   9.860231e-01
 2.079518e-30   1.777959e-30   1.169610e+00
 2.106025e-30   2.222163e-30   9.477366e-01
 1.777571e-30   1.952628e-30   9.103478e-01
 1.220049e-30   1.651996e-30   7.385304e-01
 1.689260e-30   1.797512e-30   9.397769e-01
 1.486492e-30   1.545403e-30   9.618801e-01
 1.531026e-30   2.071440e-30   7.391119e-01
 8.089799e-31   1.478659e-30   5.471038e-01
 2.207725e-30   1.396642e-30   1.580738e+00
 2.058265e-30   1.457912e-30   1.411790e+00
 2.309546e-30   1.641664e-30   1.406832e+00
 1.563968e-30   1.498376e-30   1.043776e+00
 1.960885e-30   1.905846e-30   1.028879e+00
 1.314733e-30   1.884245e-30   6.977506e-01
 1.816209e-30   1.654282e-30   1.097884e+00
 1.748450e-30   2.102306e-30   8.316820e-01
 1.888851e-30   1.678830e-30   1.125100e+00
 2.049051e-30   2.281893e-30   8.979608e-01
 2.141370e-30   1.963179e-30   1.090766e+00
 1.913870e-30   1.914667e-30   9.995837e-01
 1.771350e-30   1.828592e-30   9.686963e-01
 1.746672e-30   1.525835e-30   1.144732e+00
 1.540624e-30   1.622135e-30   9.497513e-01
 1.650668e-30   1.601281e-30   1.030843e+00
 1.607619e-30   1.779795e-30   9.032611e-01
 1.975942e-30   2.080640e-30   9.496800e-01
 2.442652e-30   1.572576e-30   1.553281e+00
 1.725447e-30   2.065047e-30   8.355487e-01
 1.247653e-30   1.679142e-30   7.430304e-01
 2.554583e-30   1.914057e-30   1.334643e+00
 1.882373e-30   1.829412e-30   1.028950e+00
 1.220181e-30   1.717529e-30   7.104285e-01
 2.182918e-30   2.062159e-30   1.058560e+00
 3.129322e-30   1.772343e-30   1.765641e+00
 8.712060e-31   1.773896e-30   4.911258e-01
 1.974648e-30   1.820708e-30   1.084549e+00
 1.760004e-30   1.724789e-30   1.020417e+00
 1.388037e-30   1.579144e-30   8.789802e-01
 2.066691e-30   1.728318e-30   1.195782e+00
 1.868038e-30   1.803259e-30   1.035923e+00
 2.673407e-30   2.135045e-30   1.252154e+00
 2.209952e-30   1.809350e-30   1.221407e+00
 2.026895e-30   1.583657e-30   1.279883e+00
 2.091471e-30   1.824567e-30   1.146284e+00
 1.671310e-30   1.333907e-30   1.252943e+00
 1.604406e-30   1.901940e-30   8.435631e-01
 1.608374e-30   1.620763e-30   9.923565e-01
 1.781858e-30   1.517129e-30   1.174493e+00
 9.654525e-31   1.651468e-30   5.846025e-01
 1.437443e-30   1.544872e-30   9.304610e-01
 2.547522e-30   2.171640e-30   1.173087e+00
 1.279105e-30   1.895094e-30   6.749558e-01
 1.930692e-30   1.746083e-30   1.105728e+00
 8.243655e-31   1.380257e-30   5.972549e-01
 1.495015e-30   1.574134e-30   9.497381e-01
 1.174632e-30   1.130455e-30   1.039079e+00
 2.020421e-30   1.854760e-30   1.089317e+00
 2.022531e-30   1.713045e-30   1.180664e+00
 1.729052e-30   1.805328e-30   9.577493e-01
 1.317941e-30   2.008556e-30   6.561634e-01
 1.859845e-30   2.168034e-30   8.578486e-01
 2.049634e-30   2.038335e-30   1.005543e+00
 1.676638e-30   2.317079e-30   7.235997e-01
 1.667501e-30   1.717572e-30   9.708478e-01
 1.480314e-30   1.632189e-30   9.069500e-01
 2.027682e-30   2.039059e-30   9.944204e-01
 1.429549e-30   2.083783e-30   6.860353e-01
 1.215755e-30   1.430817e-30   8.496929e-01
 1.959125e-30   2.467132e-30   7.940901e-01
 1.504011e-30   1.820638e-30   8.260901e-01
 1.591114e-30   1.502070e-30   1.059281e+00
 1.609148e-30   1.854268e-30   8.678075e-01
 1.003267e-30   1.519691e-30   6.601783e-01
 2.006077e-30   1.765458e-30   1.136293e+00
 1.877287e-30   1.855465e-30   1.011760e+00
 1.838687e-30   1.844315e-30   9.969489e-01
 1.125327e-30   1.418318e-30   7.934240e-01
 2.067960e-30   2.200521e-30   9.397594e-01
 1.688655e-30   1.784157e-30   9.464721e-01
 1.809268e-30   1.785494e-30   1.013315e+00
 2.435135e-30   1.405769e-30   1.732244e+00
 2.004731e-30   1.653768e-30   1.212221e+00
 1.830299e-30   1.615504e-30   1.132958e+00
 1.977359e-30   1.804235e-30   1.095954e+00
 1.929367e-30   1.898009e-30   1.016522e+00
 2.228531e-30   2.186181e-30   1.019371e+00
 1.725538e-30   1.890318e-30   9.128293e-01
 1.975505e-30   1.749755e-30   1.129018e+00
 1.932449e-30   1.849499e-30   1.044850e+00
 1.696695e-30   1.471705e-30   1.152877e+00
 1.657761e-30   1.605794e-30   1.032362e+00
 1.399071e-30   1.392887e-30   1.004439e+00
 2.218215e-30   1.672029e-30   1.326661e+00
 1.990149e-30   1.799228e-30   1.106113e+00
 1.922561e-30   1.780110e-30   1.080024e+00
 1.822193e-30   1.819104e-30   1.001698e+00
 2.138802e-30   2.306710e-30   9.272090e-01
 1.742667e-30   1.449840e-30   1.201972e+00
 1.936182e-30   2.327054e-30   8.320311e-01
 1.838621e-30   1.711510e-30   1.074269e+00
 2.156243e-30   2.180563e-30   9.888467e-01
 1.425191e-30   1.691272e-30   8.426739e-01
 1.990526e-30   1.740406e-30   1.143714e+00
 1.911844e-30   1.917015e-30   9.973026e-01
 1.766812e-30   1.581476e-30   1.117192e+00
 1.121966e-30   1.381350e-30   8.122243e-01
 1.348517e-30   1.541140e-30   8.750128e-01
 1.472500e-30   1.867924e-30   7.883083e-01
 2.072037e-30   2.164048e-30   9.574822e-01
 2.312659e-30   1.759051e-30   1.314720e+00
 1.810136e-30   1.869534e-30   9.682285e-01
 1.293166e-30   1.565761e-30   8.259027e-01
 1.354344e-30   1.597334e-30   8.478776e-01
 2.319105e-30   1.801862e-30   1.287060e+00
 2.150673e-30   1.799901e-30   1.194884e+00
 2.014648e-30   2.165703e-30   9.302513e-01
 1.383066e-30   1.759010e-30   7.862755e-01
 1.814155e-30   1.802091e-30   1.006695e+00
 1.859615e-30   1.490651e-30   1.247518e+00
 2.318608e-30   1.713852e-30   1.352864e+00
 1.665847e-30   1.807527e-30   9.216165e-01
 1.903956e-30   1.317779e-30   1.444822e+00
 1.553512e-30   1.705893e-30   9.106736e-01
 1.591369e-30   1.584923e-30   1.004067e+00
 1.659922e-30   1.571051e-30   1.056568e+00
 1.811881e-30   1.862193e-30   9.729824e-01
 9.126163e-31   1.684102e-30   5.419010e-01
 1.578304e-30   1.541136e-30   1.024117e+00
 2.187749e-30   2.009920e-30   1.088476e+00
 1.997423e-30   1.853948e-30   1.077389e+00
 2.190675e-30   1.421269e-30   1.541352e+00
 1.568970e-30   1.744337e-30   8.994649e-01
 2.103068e-30   1.585757e-30   1.326224e+00
 1.665309e-30   1.662801e-30   1.001508e+00
 1.607673e-30   1.625948e-30   9.887608e-01
 1.504055e-30   1.748980e-30   8.599611e-01
 1.465710e-30   1.387786e-30   1.056150e+00
 2.045382e-30   2.030899e-30   1.007131e+00
 1.685792e-30   1.579082e-30   1.067577e+00
 1.373054e-30   1.668654e-30   8.228513e-01
 2.078588e-30   1.535202e-30   1.353951e+00
 1.622020e-30   1.743000e-30   9.305911e-01
 1.956691e-30   1.990971e-30   9.827819e-01
 1.635709e-30   1.621396e-30   1.008828e+00
 1.719116e-30   1.595332e-30   1.077591e+00
 1.176494e-30   1.680405e-30   7.001255e-01
 1.703097e-30   1.825240e-30   9.330807e-01
 1.747331e-30   1.730071e-30   1.009977e+00
 2.325157e-30   1.775714e-30   1.309421e+00
 1.427349e-30   1.437627e-30   9.928507e-01
 2.036139e-30   1.861394e-30   1.093879e+00
 1.631912e-30   1.886444e-30   8.650733e-01
 1.964884e-30   1.639103e-30   1.198755e+00
 2.707338e-30   1.830321e-30   1.479160e+00
 1.646259e-30   1.717879e-30   9.583092e-01
 1.860676e-30   1.665288e-30   1.117330e+00
 2.314502e-30   1.582761e-30   1.462320e+00
 2.073988e-30   1.622500e-30   1.278267e+00
 1.318049e-30   1.282708e-30   1.027552e+00
 1.456677e-30   1.333115e-30   1.092687e+00
 1.171845e-30   1.718602e-30   6.818590e-01
 1.860314e-30   1.831748e-30   1.015595e+00
 1.744655e-30   1.758985e-30   9.918534e-01
 1.772089e-30   1.675238e-30   1.057813e+00
 2.731665e-30   1.777760e-30   1.536577e+00
 1.599722e-30   1.689209e-30   9.470245e-01
 1.774647e-30   1.756855e-30   1.010127e+00
 1.790930e-30   1.929465e-30   9.282004e-01
 1.291492e-30   1.612227e-30   8.010608e-01
 1.678332e-30   1.636953e-30   1.025278e+00
 1.371519e-30   1.773464e-30   7.733559e-01
 1.453713e-30   1.587003e-30   9.160119e-01
 1.505492e-30   1.599652e-30   9.411372e-01
 1.773060e-30   1.815719e-30   9.765056e-01
 1.781570e-30   1.797389e-30   9.911989e-01
 1.614648e-30   1.569856e-30   1.028533e+00
 1.959255e-30   1.991008e-30   9.840517e-01
 1.642429e-30   2.004096e-30   8.195361e-01
 1.472110e-30   1.589812e-30   9.259647e-01
 1.862963e-30   1.654406e-30   1.126061e+00
 1.893942e-30   1.889250e-30   1.002484e+00
 1.469423e-30   1.621339e-30   9.063019e-01
 1.962331e-30   2.077674e-30   9.444845e-01
 2.537664e-30   1.714076e-30   1.480485e+00
 1.482326e-30   1.834670e-30   8.079527e-01
 1.931760e-30   2.028396e-30   9.523582e-01
 1.357761e-30   1.547121e-30   8.776050e-01
 1.773527e-30   1.741093e-30   1.018629e+00
 2.451811e-30   1.404115e-30   1.746161e+00
 1.742826e-30   1.686883e-30   1.033163e+00
 1.738129e-30   1.608237e-30   1.080767e+00
 9.635551e-31   1.529002e-30   6.301856e-01
 1.871160e-30   1.815380e-30   1.030727e+00
 1.732998e-30   1.634610e-30   1.060190e+00
 1.376604e-30   1.427254e-30   9.645126e-01
 1.986732e-30   1.676069e-30   1.185352e+00
 1.810006e-30   1.687088e-30   1.072858e+00
 1.625853e-30   1.620543e-30   1.003277e+00
 2.371672e-30   1.790296e-30   1.324737e+00
 1.941953e-30   1.688619e-30   1.150024e+00
 1.762041e-30   1.569090e-30   1.122970e+00
 1.546014e-30   1.510368e-30   1.023601e+00
 1.781338e-30   1.734283e-30   1.027133e+00
 1.766170e-30   1.789690e-30   9.868582e-01
 2.566166e-30   1.585466e-30   1.618556e+00
 2.126482e-30   1.863380e-30   1.141196e+00
 1.263211e-30   1.367637e-30   9.236447e-01
 2.287645e-30   1.448441e-30   1.579384e+00
 1.355908e-30   1.419152e-30   9.554353e-01
 2.135418e-30   1.361112e-30   1.568877e+00
 1.693286e-30   1.653184e-30   1.024257e+00
 1.629350e-30   1.568748e-30   1.038631e+00
 1.608146e-30   1.602390e-30   1.003592e+00
 1.707237e-30   1.694630e-30   1.007439e+00
 1.298078e-30   1.716438e-30   7.562627e-01
 1.556170e-30   2.135566e-30   7.286920e-01
 1.604653e-30   1.680185e-30   9.550452e-01
 1.355344e-30   1.822265e-30   7.437684e-01
 1.639178e-30   1.551834e-30   1.056285e+00
 1.690047e-30   1.818448e-30   9.293897e-01
 1.840514e-30   1.826259e-30   1.007806e+00
 2.238552e-30   1.691895e-30   1.323104e+00
 1.826264e-30   1.799556e-30   1.014841e+00
 1.930772e-30   1.673029e-30   1.154058e+00
 2.404559e-30   1.551732e-30   1.549597e+00
 2.227708e-30   1.696144e-30   1.313396e+00
 2.185947e-30   1.745576e-30   1.252279e+00
 1.080738e-30   1.557565e-30   6.938642e-01
 2.476977e-30   1.735773e-30   1.427017e+00
 1.296313e-30   1.621912e-30   7.992496e-01
 9.761996e-31   1.699574e-30   5.743789e-01
 2.014107e-30   1.489890e-30   1.351849e+00
 2.560259e-30   2.501270e-30   1.023584e+00
 1.714579e-30   1.908199e-30   8.985326e-01
 1.956851e-30   1.955246e-30   1.000821e+00
 1.612329e-30   1.579655e-30   1.020684e+00
 1.832496e-30   1.643784e-30   1.114804e+00
 1.595680e-30   1.658347e-30   9.622111e-01
 1.635221e-30   1.517912e-30   1.077283e+00
 1.100104e-30   1.367555e-30   8.044312e-01
 2.310398e-30   1.671801e-30   1.381982e+00
 1.292398e-30   1.583710e-30   8.160574e-01
 1.789809e-30   1.930643e-30   9.270531e-01
 1.874974e-30   1.646449e-30   1.138799e+00
 2.130484e-30   1.663785e-30   1.280504e+00
 2.190867e-30   2.074610e-30   1.056038e+00
 2.001426e-30   2.206737e-30   9.069621e-01
 2.254167e-30   2.266618e-30   9.945066e-01
 1.193345e-30   1.749107e-30   6.822595e-01
 1.154467e-30   1.500855e-30   7.692063e-01
 1.750918e-30   1.609289e-30   1.088008e+00
 2.205702e-30   1.273780e-30   1.731620e+00
 1.475490e-30   1.544746e-30   9.551670e-01
 2.373551e-30   1.505930e-30   1.576136e+00
 1.824571e-30   2.204314e-30   8.277273e-01
 2.209134e-30   2.026198e-30   1.090286e+00
 1.872669e-30   1.657958e-30   1.129503e+00
 2.640455e-30   1.772851e-30   1.489383e+00
 1.753545e-30   1.596261e-30   1.098533e+00
 1.387404e-30   1.797465e-30   7.718669e-01
 1.083913e-30   1.696678e-30   6.388441e-01
 1.437450e-30   1.565518e-30   9.181947e-01
 1.593514e-30   1.739521e-30   9.160652e-01
 1.296859e-30   1.584010e-30   8.187191e-01
 2.085052e-30   2.185488e-30   9.540442e-01
 2.052713e-30   1.696882e-30   1.209697e+00
 1.817900e-30   1.807642e-30   1.005675e+00
 1.845740e-30   1.889150e-30   9.770214e-01
 2.245774e-30   1.456245e-30   1.542167e+00
 1.056655e-30   1.621269e-30   6.517457e-01
 1.915053e-30   1.926923e-30   9.938403e-01
 1.974670e-30   1.588541e-30   1.243071e+00
 2.647696e-30   2.510873e-30   1.054492e+00
 2.923667e-30   1.904513e-30   1.535125e+00
 1.842259e-30   1.880893e-30   9.794596e-01
 1.005992e-30   1.678672e-30   5.992788e-01
 2.277655e-30   1.930410e-30   1.179882e+00
 1.881106e-30   1.960280e-30   9.596109e-01
 2.112189e-30   1.824630e-30   1.157599e+00
 1.610147e-30   1.651601e-30   9.749007e-01
 2.696469e-30   1.664456e-30   1.620030e+00
 1.244182e-30   1.785892e-30   6.966723e-01
 1.664085e-30   1.640736e-30   1.014230e+00
 1.476138e-30   1.551090e-30   9.516779e-01
 1.494672e-30   1.601650e-30   9.332078e-01
 2.147538e-30   1.386539e-30   1.548848e+00
 1.738905e-30   1.773189e-30   9.806654e-01
 2.167758e-30   1.521757e-30   1.424510e+00
 1.628185e-30   1.593825e-30   1.021558e+00
 2.259774e-30   1.763353e-30   1.281521e+00
 2.244409e-30   1.608982e-30   1.394925e+00
 1.342363e-30   1.382422e-30   9.710223e-01
 1.837187e-30   1.620116e-30   1.133985e+00
 2.426190e-30   1.831322e-30   1.324830e+00
 1.434303e-30   1.687152e-30   8.501327e-01
 1.839663e-30   1.836850e-30   1.001531e+00
 1.856625e-30   1.694349e-30   1.095775e+00
 9.569933e-31   1.500072e-30   6.379650e-01
 1.588443e-30   1.522742e-30   1.043146e+00
 1.836103e-30   1.637776e-30   1.121095e+00
 1.427325e-30   1.553689e-30   9.186689e-01
 1.488725e-30   1.747313e-30   8.520081e-01
 2.072208e-30   2.114952e-30   9.797897e-01
 2.056956e-30   2.029421e-30   1.013567e+00
 1.754070e-30   1.961082e-30   8.944395e-01
 1.339304e-30   1.763804e-30   7.593271e-01
 2.795775e-30   1.824982e-30   1.531947e+00
 1.662551e-30   1.827396e-30   9.097924e-01
 1.576598e-30   1.506712e-30   1.046383e+00
 1.470533e-30   1.889135e-30   7.784159e-01
 1.552192e-30   1.697081e-30   9.146244e-01
 1.347693e-30   1.762807e-30   7.645156e-01
 2.244409e-30   1.608982e-30   1.394925e+00
 1.772351e-30   1.755103e-30   1.009828e+00
 1.488703e-30   1.844875e-30   8.069399e-01
 1.352714e-30   1.529086e-30   8.846556e-01
 2.633251e-30   1.741893e-30   1.511718e+00
 1.445089e-30   1.535775e-30   9.409511e-01
 1.992424e-30   1.727277e-30   1.153506e+00
 1.781622e-30   1.694310e-30   1.051533e+00
 1.428689e-30   1.579726e-30   9.043902e-01
 1.757045e-30   1.605750e-30   1.094221e+00
 1.719597e-30   1.963934e-30   8.755880e-01
 2.042784e-30   1.786534e-30   1.143434e+00
 1.734927e-30   1.714929e-30   1.011661e+00
 1.088413e-30   1.353015e-30   8.044348e-01
 2.153064e-30   1.449556e-30   1.485327e+00
 1.850313e-30   1.802724e-30   1.026399e+00
 1.245924e-30   1.562856e-30   7.972097e-01
 1.704144e-30   1.754877e-30   9.710906e-01
 2.058300e-30   1.899269e-30   1.083733e+00
 2.022675e-30   1.620182e-30   1.248425e+00
 1.847786e-30   1.389052e-30   1.330250e+00
 2.063597e-30   1.479086e-30   1.395184e+00
 1.425375e-30   1.536318e-30   9.277861e-01
 1.618385e-30   1.827907e-30   8.853759e-01
 1.706415e-30   1.920653e-30   8.884556e-01
 2.414602e-30   1.933853e-30   1.248596e+00
 1.539267e-30   1.472442e-30   1.045384e+00
 1.931703e-30   1.694487e-30   1.139993e+00
 2.121535e-30   1.840025e-30   1.152992e+00
 1.817403e-30   1.852471e-30   9.810696e-01
 1.947982e-30   1.681655e-30   1.158372e+00
 1.239147e-30   1.552358e-30   7.982350e-01
 1.259891e-30   1.681939e-30   7.490704e-01
 1.524261e-30   2.104090e-30   7.244274e-01
 1.588387e-30   1.523408e-30   1.042653e+00
 1.856710e-30   1.758262e-30   1.055992e+00
 1.510324e-30   1.458852e-30   1.035282e+00
 1.743727e-30   1.940620e-30   8.985408e-01
 1.739260e-30   1.642198e-30   1.059105e+00
 2.298084e-30   1.802284e-30   1.275095e+00
 1.925268e-30   2.271057e-30   8.477409e-01
 1.624632e-30   1.640730e-30   9.901890e-01
 1.943940e-30   1.861350e-30   1.044371e+00
 2.146020e-30   2.335940e-30   9.186963e-01
 2.263565e-30   2.083481e-30   1.086434e+00
 1.917270e-30   2.067667e-30   9.272627e-01
 2.548882e-30   1.347785e-30   1.891163e+00
 2.291838e-30   2.121668e-30   1.080206e+00
 1.921330e-30   1.941962e-30   9.893759e-01
 1.220019e-30   1.652334e-30   7.383611e-01
 1.803778e-30   1.602460e-30   1.125631e+00
 2.008585e-30   2.077339e-30   9.669030e-01
 1.440211e-30   1.431328e-30   1.006206e+00
 2.899097e-30   2.290092e-30   1.265931e+00
 2.399271e-30   1.606869e-30   1.493134e+00
 1.697845e-30   2.190274e-30   7.751748e-01
 2.036556e-30   1.540967e-30   1.321610e+00
 2.223901e-30   1.816001e-30   1.224614e+00
 2.002482e-30   2.014814e-30   9.938794e-01
 1.401319e-30   1.357031e-30   1.032636e+00
 1.641416e-30   1.571050e-30   1.044789e+00
 1.435529e-30   1.379827e-30   1.040369e+00
 2.102812e-30   2.210723e-30   9.511877e-01
 2.249862e-30   2.052841e-30   1.095975e+00
 1.077984e-30   1.428417e-30   7.546705e-01
 1.781661e-30   1.576553e-30   1.130099e+00
 2.933088e-30   1.602419e-30   1.830413e+00
 1.605845e-30   1.984831e-30   8.090586e-01
 2.388204e-30   2.019038e-30   1.182842e+00
 1.604241e-30   1.981413e-30   8.096445e-01
 2.013161e-30   2.328322e-30   8.646401e-01
 1.856478e-30   1.298560e-30   1.429643e+00
 1.612707e-30   1.573639e-30   1.024826e+00
 1.736947e-30   1.801064e-30   9.644001e-01
 1.235115e-30   1.437586e-30   8.591585e-01
 1.284191e-30   1.507122e-30   8.520821e-01
 1.450831e-30   1.697642e-30   8.546158e-01
 1.687068e-30   1.672261e-30   1.008855e+00
 1.459675e-30   1.417568e-30   1.029704e+00
 2.141192e-30   2.359801e-30   9.073611e-01
 1.332833e-30   1.864288e-30   7.149291e-01
 2.174528e-30   1.778470e-30   1.222696e+00
 1.203957e-30   1.644288e-30   7.322059e-01
 1.848271e-30   1.814769e-30   1.018461e+00
 1.830442e-30   1.962584e-30   9.326691e-01
 2.428211e-30   1.886352e-30   1.287253e+00
 2.136072e-30   2.050602e-30   1.041680e+00
 1.726942e-30   1.174290e-30   1.470626e+00
 2.401350e-30   1.677685e-30   1.431348e+00
 2.627650e-30   1.986118e-30   1.323008e+00
 2.555722e-30   1.713841e-30   1.491225e+00
 1.313850e-30   1.616176e-30   8.129372e-01
 2.072830e-30   1.824790e-30   1.135928e+00
 2.634174e-30   2.039853e-30   1.291355e+00
 1.894706e-30   1.540641e-30   1.229817e+00
 2.039248e-30   2.017965e-30   1.010546e+00
 2.407738e-30   1.972722e-30   1.220516e+00
 1.278199e-30   1.583066e-30   8.074199e-01
 1.781675e-30   1.576558e-30   1.130105e+00
 1.464381e-30   1.876206e-30   7.805014e-01
 1.757433e-30   1.824468e-30   9.632580e-01
 3.129322e-30   1.772343e-30   1.765641e+00
 1.607777e-30   1.733733e-30   9.273498e-01
 1.398678e-30   1.419530e-30   9.853106e-01
 1.298052e-30   1.356364e-30   9.570084e-01
 2.268243e-30   1.667410e-30   1.360339e+00
 1.870936e-30   1.978507e-30   9.456303e-01
 2.093856e-30   1.403454e-30   1.491930e+00
 1.899027e-30   1.598729e-30   1.187835e+00
 1.480149e-30   1.475531e-30   1.003130e+00
 2.474507e-30   1.936935e-30   1.277537e+00
 1.684145e-30   1.570227e-30   1.072548e+00
 1.088413e-30   1.353016e-30   8.044348e-01
 2.197540e-30   1.919811e-30   1.144665e+00
 3.235776e-30   1.968159e-30   1.644063e+00
 2.122283e-30   1.896245e-30   1.119203e+00
 1.709829e-30   1.915108e-30   8.928108e-01
 1.244448e-30   1.443571e-30   8.620624e-01
 1.093939e-30   1.718048e-30   6.367337e-01
 1.564941e-30   1.476262e-30   1.060070e+00
 1.950473e-30   1.988238e-30   9.810062e-01
 1.002130e-30   1.638552e-30   6.115951e-01
 1.280499e-30   1.658935e-30   7.718799e-01
 1.866076e-30   1.710752e-30   1.090793e+00
 2.809423e-30   2.273581e-30   1.235682e+00
 1.814789e-30   1.802045e-30   1.007072e+00
 2.367205e-30   1.432485e-30   1.652517e+00
 1.734674e-30   1.695505e-30   1.023102e+00
 1.854940e-30   1.828861e-30   1.014260e+00
 1.005992e-30   1.678672e-30   5.992788e-01
 1.169133e-30   1.482357e-30   7.886983e-01
 1.959956e-30   2.010477e-30   9.748712e-01
 1.944478e-30   1.915455e-30   1.015152e+00
 2.667475e-30   1.748452e-30   1.525621e+00
 1.938296e-30   2.064421e-30   9.389056e-01
 1.122044e-30   1.712316e-30   6.552789e-01
 1.680050e-30   1.802688e-30   9.319696e-01
 1.624306e-30   1.552497e-30   1.046254e+00
 1.685885e-30   1.650127e-30   1.021670e+00
 1.293221e-30   1.565752e-30   8.259422e-01
 1.539038e-30   1.597861e-30   9.631869e-01
 1.808820e-30   1.851837e-30   9.767706e-01
 2.300237e-30   1.698531e-30   1.354251e+00
 2.614396e-30   1.526226e-30   1.712981e+00
 1.614146e-30   1.568147e-30   1.029334e+00
 1.912449e-30   1.840601e-30   1.039035e+00
 1.959066e-30   1.571010e-30   1.247010e+00
 1.491450e-30   2.001880e-30   7.450246e-01
 1.435937e-30   1.604160e-30   8.951331e-01
 1.392268e-30   1.832767e-30   7.596533e-01
 2.078730e-30   1.597756e-30   1.301031e+00
 1.364274e-30   1.516303e-30   8.997365e-01
 2.235950e-30   1.705981e-30   1.310653e+00
 2.459846e-30   2.245735e-30   1.095341e+00
 1.837747e-30   1.882135e-30   9.764164e-01
 2.699253e-30   1.754392e-30   1.538569e+00
 1.491258e-30   1.698455e-30   8.780083e-01
 1.504717e-30   1.714919e-30   8.774277e-01
 2.255075e-30   1.900696e-30   1.186447e+00
 1.562246e-30   1.452319e-30   1.075691e+00
 1.960222e-30   2.177738e-30   9.001184e-01
 1.737309e-30   1.712019e-30   1.014772e+00
 2.113419e-30   1.622109e-30   1.302883e+00
 1.564639e-30   1.726157e-30   9.064290e-01
 1.850645e-30   1.729557e-30   1.070011e+00
 1.748450e-30   2.102306e-30   8.316820e-01
 9.370565e-31   1.790999e-30   5.232033e-01
 2.209782e-30   1.548988e-30   1.426597e+00
 2.340018e-30   1.760339e-30   1.329299e+00
 2.014643e-30   2.372279e-30   8.492440e-01
 1.734809e-30   2.023533e-30   8.573170e-01
 1.908835e-30   1.928764e-30   9.896676e-01
 1.564534e-30   1.501838e-30   1.041746e+00
 1.528587e-30   1.889604e-30   8.089456e-01
 1.482221e-30   1.689104e-30   8.775192e-01
 2.040192e-30   1.720491e-30   1.185820e+00
 2.026091e-30   2.083170e-30   9.726002e-01
 1.570218e-30   1.580571e-30   9.934499e-01
 1.629496e-30   1.648525e-30   9.884567e-01
 1.567642e-30   1.718275e-30   9.123350e-01
 2.476502e-30   1.833762e-30   1.350504e+00
 1.667501e-30   1.717572e-30   9.708478e-01
 1.359539e-30   1.493483e-30   9.103142e-01
 1.906353e-30   1.632546e-30   1.167717e+00
 1.004906e-30   1.712129e-30   5.869336e-01
 1.368643e-30   1.579065e-30   8.667430e-01
 2.304078e-30   2.087933e-30   1.103521e+00
 1.398316e-30   1.500761e-30   9.317380e-01
 1.493553e-30   1.974505e-30   7.564188e-01
 1.943662e-30   1.979392e-30   9.819488e-01
 1.244603e-30   1.549413e-30   8.032738e-01
 1.719079e-30   1.869007e-30   9.197819e-01
