 5.895836e-30   3.084769e-30   1.911273e+00
 5.531754e-30   3.341661e-30   1.655390e+00
 5.714598e-30   2.759799e-30   2.070657e+00
 5.812764e-30   2.489658e-30   2.334764e+00
 5.775506e-30   2.792141e-30   2.068486e+00
 5.612369e-30   2.048655e-30   2.739539e+00
 5.371893e-30   2.757168e-30   1.948337e+00
 7.015935e-30   2.573696e-30   2.726016e+00
 6.271603e-30   2.708479e-30   2.315544e+00
 6.918146e-30   3.115563e-30   2.220512e+00
 6.031093e-30   2.605155e-30   2.315061e+00
 6.984520e-30   2.401215e-30   2.908744e+00
 5.165001e-30   2.658404e-30   1.942895e+00
 5.804229e-30   2.802763e-30   2.070895e+00
 5.917988e-30   2.646509e-30   2.236149e+00
 5.771910e-30   2.788814e-30   2.069665e+00
 5.695713e-30   3.130911e-30   1.819187e+00
 5.463924e-30   2.096766e-30   2.605882e+00
 5.552746e-30   2.999476e-30   1.851239e+00
 6.877292e-30   2.057398e-30   3.342713e+00
 5.909330e-30   2.740999e-30   2.155904e+00
 6.214082e-30   3.064414e-30   2.027821e+00
 3.417794e-30   1.760914e-30   1.940920e+00
 5.250353e-30   2.581680e-30   2.033696e+00
 5.716646e-30   2.810023e-30   2.034377e+00
 5.690145e-30   3.125326e-30   1.820657e+00
 5.842627e-30   3.051135e-30   1.914903e+00
 5.813858e-30   2.245800e-30   2.588769e+00
 6.074687e-30   2.435836e-30   2.493882e+00
 6.216780e-30   3.235355e-30   1.921514e+00
 6.150057e-30   2.591241e-30   2.373402e+00
 8.040676e-30   2.130898e-30   3.773375e+00
 4.532621e-30   2.495761e-30   1.816128e+00
 6.086277e-30   2.502042e-30   2.432523e+00
 5.885427e-30   2.642825e-30   2.226946e+00
 5.822888e-30   2.039867e-30   2.854543e+00
 7.757865e-30   2.199564e-30   3.527001e+00
 5.871340e-30   2.741122e-30   2.141948e+00
 5.574243e-30   2.672635e-30   2.085673e+00
 4.309724e-30   2.704445e-30   1.593570e+00
 5.780664e-30   2.850013e-30   2.028293e+00
 6.421580e-30   3.069100e-30   2.092333e+00
 5.926534e-30   2.627083e-30   2.255937e+00
 7.712211e-30   2.712443e-30   2.843271e+00
 5.943921e-30   2.141214e-30   2.775959e+00
 5.257647e-30   3.228543e-30   1.628489e+00
 7.898442e-30   2.661076e-30   2.968138e+00
 6.909487e-30   2.510555e-30   2.752175e+00
 6.074538e-30   2.599279e-30   2.337009e+00
 6.196166e-30   2.351296e-30   2.635212e+00
 6.469921e-30   2.925426e-30   2.211616e+00
 6.346896e-30   2.388999e-30   2.656717e+00
 5.540769e-30   2.394605e-30   2.313855e+00
 5.728956e-30   2.748732e-30   2.084218e+00
 5.760166e-30   2.478457e-30   2.324093e+00
 6.277630e-30   2.820044e-30   2.226075e+00
 5.947020e-30   2.726390e-30   2.181280e+00
 6.000249e-30   2.769886e-30   2.166244e+00
 6.062171e-30   2.524486e-30   2.401348e+00
 5.778133e-30   2.645842e-30   2.183855e+00
 5.756269e-30   2.784184e-30   2.067488e+00
 7.855378e-30   2.237520e-30   3.510752e+00
 7.879564e-30   2.391526e-30   3.294785e+00
 5.871276e-30   3.198362e-30   1.835714e+00
 5.603205e-30   2.542200e-30   2.204077e+00
 5.650478e-30   2.672737e-30   2.114116e+00
 7.785192e-30   2.292473e-30   3.395980e+00
 6.012122e-30   2.754452e-30   2.182693e+00
 4.666231e-30   2.012278e-30   2.318880e+00
 6.331265e-30   2.317658e-30   2.731752e+00
 5.656894e-30   3.225601e-30   1.753749e+00
 5.628491e-30   2.793276e-30   2.015015e+00
 6.676554e-30   2.397104e-30   2.785259e+00
 5.234068e-30   2.761152e-30   1.895610e+00
 5.732912e-30   2.268004e-30   2.527734e+00
 5.773026e-30   2.816514e-30   2.049706e+00
 5.653019e-30   2.656429e-30   2.128052e+00
 5.879300e-30   2.762709e-30   2.128093e+00
 4.642691e-30   3.512367e-30   1.321813e+00
 6.250935e-30   2.373177e-30   2.633994e+00
 4.976358e-30   2.688589e-30   1.850918e+00
 5.607217e-30   1.966201e-30   2.851803e+00
 8.512691e-30   2.577044e-30   3.303277e+00
 5.712025e-30   2.978355e-30   1.917846e+00
 6.079009e-30   2.816399e-30   2.158433e+00
 4.958403e-30   2.554346e-30   1.941163e+00
 5.736947e-30   2.797330e-30   2.050865e+00
 5.059087e-30   2.227184e-30   2.271517e+00
 5.581656e-30   2.781595e-30   2.006639e+00
 5.987342e-30   2.907171e-30   2.059508e+00
 5.742723e-30   2.191130e-30   2.620896e+00
 5.429986e-30   2.186944e-30   2.482910e+00
 5.785368e-30   2.678299e-30   2.160090e+00
 5.027318e-30   2.882066e-30   1.744345e+00
 6.405449e-30   2.665141e-30   2.403418e+00
 6.390166e-30   2.488240e-30   2.568147e+00
 5.807569e-30   3.164264e-30   1.835362e+00
 4.961236e-30   2.370953e-30   2.092507e+00
 5.966345e-30   2.511285e-30   2.375813e+00
 5.844468e-30   2.405159e-30   2.429971e+00
 5.666870e-30   2.198220e-30   2.577935e+00
 5.918877e-30   3.435713e-30   1.722751e+00
 5.980958e-30   3.779496e-30   1.582475e+00
 5.686586e-30   3.261516e-30   1.743541e+00
 7.690130e-30   2.462801e-30   3.122514e+00
 5.823324e-30   3.011628e-30   1.933613e+00
 5.693113e-30   2.059988e-30   2.763664e+00
 5.268073e-30   2.785297e-30   1.891386e+00
 5.049645e-30   2.377127e-30   2.124264e+00
 5.878712e-30   2.511795e-30   2.340443e+00
 4.762676e-30   2.309631e-30   2.062094e+00
 5.831585e-30   2.418150e-30   2.411589e+00
 5.803624e-30   2.655708e-30   2.185340e+00
 5.032789e-30   2.325581e-30   2.164099e+00
 5.015224e-30   2.505215e-30   2.001914e+00
 5.322531e-30   2.806839e-30   1.896272e+00
 5.026550e-30   2.995190e-30   1.678207e+00
 5.591142e-30   2.662228e-30   2.100174e+00
 5.934330e-30   3.153973e-30   1.881541e+00
 6.020539e-30   2.472887e-30   2.434619e+00
 5.884526e-30   2.383058e-30   2.469317e+00
 6.606023e-30   2.607719e-30   2.533257e+00
 5.869094e-30   3.701775e-30   1.585481e+00
 5.365020e-30   2.457178e-30   2.183407e+00
 5.820528e-30   2.970544e-30   1.959415e+00
 6.088611e-30   2.807676e-30   2.168559e+00
 4.803943e-30   2.315302e-30   2.074867e+00
 5.814544e-30   2.538723e-30   2.290342e+00
 6.578102e-30   2.745211e-30   2.396210e+00
 5.976129e-30   2.119848e-30   2.819131e+00
 4.932385e-30   2.370024e-30   2.081155e+00
 6.910259e-30   2.510443e-30   2.752606e+00
 7.324759e-30   2.497752e-30   2.932541e+00
 6.182752e-30   3.451329e-30   1.791412e+00
 5.687160e-30   2.274653e-30   2.500232e+00
 7.071210e-30   2.793852e-30   2.530990e+00
 5.669462e-30   3.006594e-30   1.885676e+00
 7.270820e-30   2.192264e-30   3.316581e+00
 5.990022e-30   2.668498e-30   2.244716e+00
 5.266418e-30   3.153168e-30   1.670199e+00
 4.941537e-30   2.477393e-30   1.994652e+00
 3.498383e-30   2.704757e-30   1.293419e+00
 6.184262e-30   2.744945e-30   2.252964e+00
 5.264829e-30   2.511491e-30   2.096296e+00
 5.490160e-30   2.424902e-30   2.264075e+00
 5.046137e-30   2.373828e-30   2.125739e+00
 5.437117e-30   2.698363e-30   2.014969e+00
 5.751903e-30   2.326038e-30   2.472833e+00
 5.694557e-30   2.001945e-30   2.844513e+00
 7.480912e-30   2.748630e-30   2.721687e+00
 5.925816e-30   2.030066e-30   2.919026e+00
 6.915749e-30   2.284513e-30   3.027231e+00
 5.963489e-30   2.447022e-30   2.437039e+00
 5.792335e-30   2.594297e-30   2.232718e+00
 6.259088e-30   2.658748e-30   2.354149e+00
 5.468315e-30   2.391187e-30   2.286862e+00
 5.109091e-30   2.820248e-30   1.811575e+00
 5.767649e-30   2.534947e-30   2.275255e+00
 5.429986e-30   2.186944e-30   2.482910e+00
 5.022184e-30   2.732279e-30   1.838093e+00
 5.619317e-30   2.607424e-30   2.155122e+00
 5.611069e-30   1.990093e-30   2.819501e+00
 7.225234e-30   3.041966e-30   2.375185e+00
 4.153288e-30   2.877131e-30   1.443552e+00
 5.762925e-30   2.715865e-30   2.121948e+00
 5.597152e-30   2.685369e-30   2.084314e+00
 5.739583e-30   2.826903e-30   2.030343e+00
 5.765820e-30   2.480176e-30   2.324763e+00
 7.028892e-30   2.323586e-30   3.025019e+00
 5.705349e-30   2.389661e-30   2.387514e+00
 6.397352e-30   2.291929e-30   2.791253e+00
 7.384609e-30   2.330074e-30   3.169259e+00
 5.962114e-30   2.555549e-30   2.333008e+00
 7.599253e-30   2.535652e-30   2.996963e+00
 5.785301e-30   2.251108e-30   2.569980e+00
 5.092533e-30   2.253989e-30   2.259343e+00
 5.805256e-30   2.274422e-30   2.552409e+00
 5.743465e-30   2.300784e-30   2.496308e+00
 5.612696e-30   2.848431e-30   1.970451e+00
 4.710232e-30   2.913269e-30   1.616820e+00
 6.629292e-30   2.921567e-30   2.269088e+00
 5.699911e-30   2.864459e-30   1.989873e+00
 6.116238e-30   2.737468e-30   2.234268e+00
 8.198852e-30   3.339868e-30   2.454843e+00
 5.807934e-30   2.050514e-30   2.832428e+00
 5.916977e-30   2.499059e-30   2.367682e+00
 5.726830e-30   3.166830e-30   1.808380e+00
 6.205652e-30   2.424014e-30   2.560072e+00
 5.809720e-30   2.941769e-30   1.974907e+00
 5.821480e-30   2.323487e-30   2.505492e+00
 5.739503e-30   2.550795e-30   2.250084e+00
 5.830249e-30   2.515050e-30   2.318144e+00
 5.707437e-30   2.161574e-30   2.640409e+00
 5.971398e-30   2.190212e-30   2.726403e+00
 5.057643e-30   2.078320e-30   2.433524e+00
 6.579701e-30   2.626801e-30   2.504834e+00
 5.948374e-30   2.467392e-30   2.410795e+00
 6.327376e-30   2.513280e-30   2.517577e+00
 5.907862e-30   2.881881e-30   2.050002e+00
 6.144846e-30   2.909340e-30   2.112110e+00
 5.633561e-30   2.506042e-30   2.247992e+00
 8.033997e-30   2.432060e-30   3.303371e+00
 5.910822e-30   2.563732e-30   2.305554e+00
 5.900535e-30   3.049019e-30   1.935224e+00
 6.765851e-30   3.199791e-30   2.114466e+00
 5.371110e-30   2.809563e-30   1.911725e+00
 5.809721e-30   2.544940e-30   2.282851e+00
 5.834663e-30   2.767069e-30   2.108607e+00
 6.163117e-30   2.564610e-30   2.403141e+00
 5.961518e-30   2.535172e-30   2.351524e+00
 6.144524e-30   2.949838e-30   2.083004e+00
 6.315426e-30   3.054639e-30   2.067487e+00
 6.542254e-30   2.319844e-30   2.820127e+00
 6.757059e-30   2.764383e-30   2.444328e+00
 5.503786e-30   2.853445e-30   1.928821e+00
 5.046828e-30   2.665342e-30   1.893501e+00
 5.828445e-30   2.543558e-30   2.291454e+00
 5.526190e-30   2.952116e-30   1.871942e+00
 6.066061e-30   2.517677e-30   2.409388e+00
 5.966540e-30   2.598654e-30   2.296011e+00
 5.689546e-30   2.628482e-30   2.164575e+00
 5.747977e-30   2.577020e-30   2.230474e+00
 5.643298e-30   2.968534e-30   1.901039e+00
 7.903581e-30   2.699135e-30   2.928191e+00
 5.851555e-30   2.308720e-30   2.534545e+00
 7.519995e-30   2.545298e-30   2.954465e+00
 6.071998e-30   2.495542e-30   2.433138e+00
 6.782701e-30   2.646722e-30   2.562680e+00
 6.151279e-30   2.382517e-30   2.581841e+00
 5.650826e-30   3.032957e-30   1.863141e+00
 5.910904e-30   2.886281e-30   2.047931e+00
 5.671262e-30   2.763397e-30   2.052279e+00
 5.216406e-30   2.512084e-30   2.076525e+00
 7.673579e-30   2.511554e-30   3.055311e+00
 5.851404e-30   2.274383e-30   2.572743e+00
 4.616197e-30   2.540041e-30   1.817371e+00
 5.882901e-30   3.070236e-30   1.916107e+00
 6.259661e-30   2.505095e-30   2.498772e+00
 5.790002e-30   3.056147e-30   1.894543e+00
 7.333601e-30   2.472108e-30   2.966538e+00
 5.914993e-30   3.177243e-30   1.861675e+00
 6.117665e-30   2.130455e-30   2.871530e+00
 5.947542e-30   2.066458e-30   2.878134e+00
 7.553503e-30   2.753484e-30   2.743253e+00
 5.115631e-30   2.219352e-30   2.305012e+00
 4.694975e-30   2.748014e-30   1.708497e+00
 5.758830e-30   2.312195e-30   2.490633e+00
 5.659864e-30   2.546041e-30   2.223006e+00
 5.209022e-30   2.472808e-30   2.106521e+00
 6.142555e-30   2.181592e-30   2.815630e+00
 5.712030e-30   2.762262e-30   2.067881e+00
 6.243221e-30   2.762011e-30   2.260389e+00
 7.240468e-30   2.736533e-30   2.645855e+00
 5.096400e-30   2.816765e-30   1.809310e+00
 5.364767e-30   2.902137e-30   1.848557e+00
 6.458720e-30   3.162651e-30   2.042186e+00
 5.564152e-30   2.331646e-30   2.386362e+00
 5.253538e-30   2.587982e-30   2.029975e+00
 5.373953e-30   3.066886e-30   1.752251e+00
 5.458786e-30   2.491505e-30   2.190959e+00
 6.340408e-30   2.623274e-30   2.416983e+00
 6.320178e-30   2.607948e-30   2.423430e+00
 6.323386e-30   2.959036e-30   2.136975e+00
 5.985438e-30   2.402441e-30   2.491399e+00
 6.173667e-30   3.258861e-30   1.894425e+00
 7.231258e-30   2.079187e-30   3.477925e+00
 5.950422e-30   2.865532e-30   2.076550e+00
 6.030341e-30   2.742970e-30   2.198471e+00
 5.730217e-30   3.199177e-30   1.791154e+00
 6.976115e-30   3.001689e-30   2.324063e+00
 5.632100e-30   2.104852e-30   2.675770e+00
 6.867061e-30   2.301127e-30   2.984217e+00
 6.451234e-30   2.393196e-30   2.695656e+00
 5.655861e-30   2.923899e-30   1.934356e+00
 5.290392e-30   2.598304e-30   2.036094e+00
 6.036337e-30   2.975462e-30   2.028706e+00
 6.539236e-30   2.573451e-30   2.541038e+00
 6.644779e-30   2.393154e-30   2.776578e+00
 5.324788e-30   2.419936e-30   2.200384e+00
 5.653857e-30   3.299242e-30   1.713684e+00
 6.135875e-30   2.206865e-30   2.780358e+00
 6.288123e-30   2.925566e-30   2.149369e+00
 5.286133e-30   2.698577e-30   1.958860e+00
 6.058291e-30   2.567250e-30   2.359837e+00
 6.073727e-30   2.268727e-30   2.677152e+00
 5.037082e-30   3.129989e-30   1.609297e+00
 5.754616e-30   2.276660e-30   2.527657e+00
 5.974566e-30   3.006844e-30   1.986989e+00
 5.597116e-30   2.594985e-30   2.156898e+00
 6.776532e-30   2.756320e-30   2.458544e+00
 5.537234e-30   2.437795e-30   2.271411e+00
 5.394931e-30   2.112051e-30   2.554356e+00
 5.085855e-30   2.675495e-30   1.900903e+00
 5.738157e-30   2.374689e-30   2.416382e+00
 6.323752e-30   2.894662e-30   2.184625e+00
 6.453962e-30   2.472948e-30   2.609825e+00
 4.931107e-30   2.054008e-30   2.400724e+00
 5.702170e-30   2.376346e-30   2.399554e+00
 5.274387e-30   2.205884e-30   2.391053e+00
 5.740709e-30   2.616698e-30   2.193875e+00
 6.286512e-30   3.184312e-30   1.974214e+00
 4.507138e-30   2.324098e-30   1.939307e+00
 5.455268e-30   2.931843e-30   1.860696e+00
 7.372181e-30   2.709370e-30   2.720995e+00
 6.615377e-30   2.680808e-30   2.467680e+00
 5.649133e-30   2.602972e-30   2.170262e+00
 7.031029e-30   2.092017e-30   3.360885e+00
 5.373679e-30   2.344738e-30   2.291803e+00
 5.919882e-30   3.322162e-30   1.781936e+00
 5.713043e-30   2.480854e-30   2.302853e+00
 5.720028e-30   2.427648e-30   2.356201e+00
 5.760616e-30   2.537646e-30   2.270062e+00
 5.276626e-30   2.502854e-30   2.108244e+00
 5.952062e-30   2.021555e-30   2.944298e+00
 5.383803e-30   2.511233e-30   2.143888e+00
 5.864142e-30   2.856325e-30   2.053037e+00
 6.019470e-30   2.540796e-30   2.369127e+00
 5.098433e-30   2.423579e-30   2.103679e+00
 5.830833e-30   3.005344e-30   1.940155e+00
 4.862827e-30   2.401623e-30   2.024809e+00
 5.682222e-30   3.193220e-30   1.779465e+00
 6.142121e-30   2.206893e-30   2.783154e+00
 5.881056e-30   2.555534e-30   2.301302e+00
 7.322135e-30   2.593824e-30   2.822911e+00
 7.797111e-30   2.676125e-30   2.913583e+00
 6.151515e-30   3.294898e-30   1.866982e+00
 5.329016e-30   2.498171e-30   2.133167e+00
 5.011692e-30   2.503980e-30   2.001490e+00
 5.387810e-30   2.974320e-30   1.811442e+00
 5.757090e-30   2.559621e-30   2.249196e+00
 6.059900e-30   2.563271e-30   2.364127e+00
 4.941537e-30   2.477393e-30   1.994652e+00
 5.884390e-30   2.227605e-30   2.641577e+00
 5.787291e-30   2.887899e-30   2.003979e+00
 6.826697e-30   2.227960e-30   3.064102e+00
 7.344894e-30   2.391633e-30   3.071079e+00
 7.106926e-30   2.710903e-30   2.621609e+00
 5.086389e-30   1.930403e-30   2.634885e+00
 5.817943e-30   3.319488e-30   1.752663e+00
 5.513369e-30   2.498585e-30   2.206597e+00
 5.734198e-30   2.374470e-30   2.414938e+00
 5.482576e-30   2.814892e-30   1.947704e+00
 5.706664e-30   2.298094e-30   2.483216e+00
 5.392508e-30   2.781102e-30   1.938982e+00
 5.875985e-30   2.663047e-30   2.206489e+00
 5.213563e-30   2.738389e-30   1.903880e+00
 5.652514e-30   3.112682e-30   1.815962e+00
 5.114327e-30   2.625521e-30   1.947928e+00
 5.542572e-30   2.708112e-30   2.046656e+00
 5.990119e-30   2.377858e-30   2.519124e+00
 5.279364e-30   2.533804e-30   2.083572e+00
 5.912050e-30   3.113328e-30   1.898949e+00
 5.391305e-30   2.451198e-30   2.199457e+00
 5.813254e-30   2.491536e-30   2.333201e+00
 5.867580e-30   2.653624e-30   2.211157e+00
 6.324385e-30   2.914420e-30   2.170032e+00
 5.764535e-30   2.859014e-30   2.016267e+00
 6.195347e-30   2.865836e-30   2.161794e+00
 6.279090e-30   2.934213e-30   2.139957e+00
 6.282544e-30   3.009951e-30   2.087258e+00
 7.094880e-30   2.496435e-30   2.842004e+00
 5.705407e-30   2.505335e-30   2.277304e+00
 5.760166e-30   2.478457e-30   2.324093e+00
 7.144835e-30   3.048312e-30   2.343867e+00
 7.168611e-30   2.288691e-30   3.132189e+00
 5.600825e-30   3.010582e-30   1.860380e+00
 6.329667e-30   2.530078e-30   2.501768e+00
 7.912436e-30   2.555499e-30   3.096239e+00
 5.629459e-30   2.426965e-30   2.319547e+00
 5.733115e-30   2.320361e-30   2.470786e+00
 8.906059e-30   1.966571e-30   4.528725e+00
 5.351425e-30   2.817813e-30   1.899141e+00
 6.195759e-30   2.640402e-30   2.346521e+00
 6.053480e-30   2.457715e-30   2.463052e+00
 5.360019e-30   3.196543e-30   1.676817e+00
 7.357164e-30   3.187660e-30   2.308014e+00
 5.771151e-30   2.816408e-30   2.049117e+00
 5.776523e-30   2.775647e-30   2.081145e+00
 7.211307e-30   2.990016e-30   2.411795e+00
 5.845028e-30   3.164429e-30   1.847104e+00
 4.153288e-30   2.877131e-30   1.443552e+00
 6.093794e-30   2.383197e-30   2.556983e+00
 7.449244e-30   2.420185e-30   3.077965e+00
 6.338394e-30   2.391334e-30   2.650568e+00
 7.721981e-30   2.418749e-30   3.192551e+00
 7.571397e-30   2.852725e-30   2.654093e+00
 5.860553e-30   2.647093e-30   2.213958e+00
 5.707835e-30   2.265345e-30   2.519632e+00
 5.684718e-30   2.527020e-30   2.249574e+00
 5.742012e-30   3.609984e-30   1.590592e+00
 7.616126e-30   2.070943e-30   3.677612e+00
 7.205588e-30   2.962263e-30   2.432461e+00
 6.257774e-30   2.598865e-30   2.407887e+00
 6.680362e-30   3.031516e-30   2.203637e+00
 5.208007e-30   2.356302e-30   2.210246e+00
 4.724190e-30   2.176131e-30   2.170913e+00
 6.958556e-30   2.447633e-30   2.842974e+00
 5.918649e-30   3.587366e-30   1.649859e+00
 5.697562e-30   2.919447e-30   1.951589e+00
 7.410022e-30   2.674246e-30   2.770883e+00
 5.868252e-30   2.603483e-30   2.254001e+00
 6.974730e-30   2.247215e-30   3.103722e+00
 6.297386e-30   3.371795e-30   1.867666e+00
 5.690097e-30   2.063010e-30   2.758152e+00
 5.541057e-30   3.229322e-30   1.715858e+00
 5.801279e-30   3.032610e-30   1.912966e+00
 5.957897e-30   3.016247e-30   1.975268e+00
 5.800264e-30   2.976375e-30   1.948768e+00
 6.317139e-30   3.649238e-30   1.731085e+00
 7.593268e-30   2.699055e-30   2.813306e+00
 6.364377e-30   2.261793e-30   2.813864e+00
 5.651154e-30   2.983030e-30   1.894434e+00
 6.028858e-30   2.807835e-30   2.147155e+00
 5.769216e-30   2.711783e-30   2.127462e+00
 5.985959e-30   2.145421e-30   2.790109e+00
 5.306206e-30   2.829550e-30   1.875283e+00
 7.958201e-30   2.033234e-30   3.914060e+00
 4.724190e-30   2.176131e-30   2.170913e+00
 6.528816e-30   2.150987e-30   3.035265e+00
 5.139750e-30   2.059799e-30   2.495268e+00
 6.654907e-30   3.002955e-30   2.216119e+00
 5.317983e-30   2.328012e-30   2.284346e+00
 4.441184e-30   2.242082e-30   1.980831e+00
 5.689466e-30   2.548271e-30   2.232677e+00
 6.284481e-30   2.832722e-30   2.218531e+00
 5.753214e-30   2.386637e-30   2.410595e+00
 5.759526e-30   2.590488e-30   2.223336e+00
 6.142396e-30   2.150570e-30   2.856170e+00
 5.449156e-30   2.607605e-30   2.089717e+00
 6.481794e-30   2.582747e-30   2.509651e+00
 6.351045e-30   2.389008e-30   2.658444e+00
 6.302990e-30   2.863496e-30   2.201152e+00
 6.187743e-30   2.250130e-30   2.749949e+00
 5.623077e-30   3.152492e-30   1.783693e+00
 5.721980e-30   2.572506e-30   2.224282e+00
 6.688706e-30   2.644454e-30   2.529334e+00
 5.762972e-30   2.421654e-30   2.379767e+00
 5.942218e-30   3.092770e-30   1.921325e+00
 5.860441e-30   2.732811e-30   2.144474e+00
 5.273024e-30   3.808895e-30   1.384397e+00
 5.563163e-30   3.558834e-30   1.563198e+00
 5.722033e-30   2.198672e-30   2.602495e+00
 5.136623e-30   3.202728e-30   1.603827e+00
 4.982052e-30   2.214483e-30   2.249759e+00
 6.293610e-30   1.973211e-30   3.189527e+00
 5.876273e-30   2.162383e-30   2.717499e+00
 5.157737e-30   2.778667e-30   1.856191e+00
 7.694643e-30   3.193808e-30   2.409237e+00
 6.126647e-30   2.274635e-30   2.693464e+00
 6.449031e-30   2.512047e-30   2.567241e+00
 5.543779e-30   2.450618e-30   2.262197e+00
 5.410906e-30   2.465645e-30   2.194519e+00
 4.435861e-30   2.241650e-30   1.978838e+00
 5.322345e-30   2.887886e-30   1.842990e+00
 5.926577e-30   2.241641e-30   2.643856e+00
 5.788515e-30   2.950667e-30   1.961765e+00
 5.835350e-30   3.273820e-30   1.782428e+00
 5.578775e-30   2.339960e-30   2.384132e+00
 7.211109e-30   2.556013e-30   2.821234e+00
 4.934340e-30   2.797287e-30   1.763973e+00
 7.757865e-30   2.199564e-30   3.527001e+00
 5.646806e-30   2.317070e-30   2.437046e+00
 6.067110e-30   2.823353e-30   2.148902e+00
 5.668268e-30   2.667972e-30   2.124561e+00
 5.836113e-30   2.322844e-30   2.512486e+00
 5.047783e-30   2.621027e-30   1.925880e+00
 5.669320e-30   3.190490e-30   1.776943e+00
 5.663277e-30   2.229734e-30   2.539889e+00
 5.746071e-30   2.914473e-30   1.971565e+00
 5.738814e-30   2.525748e-30   2.272124e+00
 5.462084e-30   2.773285e-30   1.969536e+00
 5.501837e-30   3.661404e-30   1.502658e+00
 6.657010e-30   2.943856e-30   2.261324e+00
 5.787650e-30   2.620360e-30   2.208723e+00
 5.867288e-30   2.315004e-30   2.534461e+00
 5.752251e-30   2.796014e-30   2.057304e+00
 5.765626e-30   2.363756e-30   2.439180e+00
 8.208093e-30   2.564548e-30   3.200601e+00
 5.384033e-30   2.380716e-30   2.261518e+00
 5.816622e-30   2.159596e-30   2.693385e+00
 5.801163e-30   2.277190e-30   2.547509e+00
 6.288012e-30   3.351721e-30   1.876055e+00
 5.552547e-30   2.453901e-30   2.262743e+00
 5.605935e-30   2.115745e-30   2.649627e+00
 5.834750e-30   3.215580e-30   1.814525e+00
 5.219166e-30   2.801584e-30   1.862934e+00
 5.644436e-30   2.748734e-30   2.053468e+00
 5.787875e-30   3.451757e-30   1.676791e+00
 6.576380e-30   2.725347e-30   2.413044e+00
 5.718789e-30   2.867283e-30   1.994498e+00
 5.201026e-30   2.801435e-30   1.856558e+00
 6.823020e-30   2.764534e-30   2.468055e+00
 8.007037e-30   2.778350e-30   2.881939e+00
 5.815989e-30   3.143805e-30   1.849984e+00
 6.261435e-30   2.771170e-30   2.259492e+00
 5.642412e-30   2.626402e-30   2.148343e+00
 6.392338e-30   2.690486e-30   2.375904e+00
 5.820998e-30   3.360711e-30   1.732073e+00
 5.198712e-30   2.959436e-30   1.756657e+00
 5.140986e-30   2.506554e-30   2.051018e+00
 5.734606e-30   2.727588e-30   2.102446e+00
 5.606275e-30   2.336338e-30   2.399600e+00
 5.557068e-30   3.107399e-30   1.788335e+00
 4.773715e-30   2.250362e-30   2.121310e+00
 7.668350e-30   2.108600e-30   3.636703e+00
 7.777969e-30   2.197767e-30   3.539033e+00
 6.637129e-30   2.499450e-30   2.655436e+00
 5.689746e-30   2.265167e-30   2.511845e+00
 5.978882e-30   2.876089e-30   2.078824e+00
 4.797902e-30   2.834183e-30   1.692869e+00
 5.466041e-30   2.503897e-30   2.183014e+00
 4.323535e-30   3.256939e-30   1.327484e+00
 6.201851e-30   2.545014e-30   2.436863e+00
 5.976595e-30   3.423018e-30   1.746002e+00
 6.309291e-30   2.964342e-30   2.128395e+00
 5.758639e-30   2.895153e-30   1.989062e+00
 5.646065e-30   2.764802e-30   2.042123e+00
 6.274356e-30   2.315251e-30   2.710011e+00
 5.601915e-30   2.454028e-30   2.282743e+00
 5.637123e-30   2.417698e-30   2.331608e+00
 6.305243e-30   2.682320e-30   2.350667e+00
 5.653235e-30   3.135573e-30   1.802935e+00
 7.802944e-30   2.379284e-30   3.279535e+00
 6.107581e-30   3.118921e-30   1.958235e+00
 5.625633e-30   2.476042e-30   2.272026e+00
 6.198209e-30   2.840751e-30   2.181891e+00
 5.754459e-30   2.763739e-30   2.082128e+00
 5.309130e-30   2.605695e-30   2.037510e+00
 8.383934e-30   3.079402e-30   2.722586e+00
 7.452478e-30   2.690555e-30   2.769867e+00
 4.438884e-30   2.703309e-30   1.642019e+00
 5.558500e-30   2.782561e-30   1.997620e+00
 5.779000e-30   2.606826e-30   2.216872e+00
 5.809402e-30   2.371386e-30   2.449792e+00
 5.946699e-30   2.630005e-30   2.261098e+00
 5.856386e-30   2.726931e-30   2.147611e+00
 7.218693e-30   3.225178e-30   2.238231e+00
 5.598129e-30   2.739662e-30   2.043365e+00
 6.856488e-30   2.413016e-30   2.841460e+00
 6.790347e-30   2.757684e-30   2.462337e+00
 7.445674e-30   2.009100e-30   3.705975e+00
 5.644803e-30   2.877825e-30   1.961482e+00
 5.845176e-30   2.447333e-30   2.388386e+00
 5.459195e-30   2.294729e-30   2.379016e+00
 4.335923e-30   2.522046e-30   1.719209e+00
 5.497669e-30   2.337742e-30   2.351700e+00
 7.146250e-30   3.282780e-30   2.176890e+00
 4.710883e-30   2.899256e-30   1.624859e+00
 6.361643e-30   2.635072e-30   2.414220e+00
 4.604398e-30   2.116286e-30   2.175698e+00
 5.700796e-30   2.354175e-30   2.421569e+00
 5.399342e-30   1.733220e-30   3.115208e+00
 5.130637e-30   2.832084e-30   1.811612e+00
 7.128607e-30   2.602204e-30   2.739450e+00
 5.815438e-30   2.723890e-30   2.134976e+00
 5.031671e-30   3.054461e-30   1.647318e+00
 5.674802e-30   3.273111e-30   1.733764e+00
 5.706760e-30   3.096779e-30   1.842805e+00
 5.330406e-30   3.534715e-30   1.508016e+00
 5.008283e-30   2.615745e-30   1.914668e+00
 5.575107e-30   2.473058e-30   2.254337e+00
 5.798184e-30   3.080992e-30   1.881921e+00
 5.007271e-30   3.187324e-30   1.570995e+00
 5.835878e-30   2.158913e-30   2.703155e+00
 5.187001e-30   3.768292e-30   1.376486e+00
 5.403982e-30   2.759879e-30   1.958051e+00
 5.840225e-30   2.266601e-30   2.576645e+00
 5.678782e-30   2.794220e-30   2.032332e+00
 6.646086e-30   2.273666e-30   2.923070e+00
 5.685313e-30   2.637022e-30   2.155959e+00
 5.639543e-30   2.779483e-30   2.028990e+00
 5.817098e-30   2.787889e-30   2.086560e+00
 4.979419e-30   2.163334e-30   2.301733e+00
 5.786540e-30   3.328001e-30   1.738744e+00
 5.588676e-30   2.728464e-30   2.048286e+00
 5.770205e-30   2.697932e-30   2.138751e+00
 6.820773e-30   2.155030e-30   3.165049e+00
 6.631140e-30   2.499723e-30   2.652750e+00
 6.109761e-30   2.456039e-30   2.487648e+00
 6.019436e-30   2.724450e-30   2.209413e+00
 6.188037e-30   2.871003e-30   2.155357e+00
 6.128565e-30   3.300947e-30   1.856608e+00
 5.692969e-30   2.854205e-30   1.994590e+00
 6.358339e-30   2.650602e-30   2.398828e+00
 6.243548e-30   2.796532e-30   2.232604e+00
 6.077508e-30   2.231725e-30   2.723233e+00
 5.745384e-30   2.426165e-30   2.368092e+00
 5.662130e-30   2.105303e-30   2.689461e+00
 7.606665e-30   2.522964e-30   3.014971e+00
 4.629159e-30   2.756977e-30   1.679071e+00
 5.404802e-30   2.706564e-30   1.996924e+00
 5.776097e-30   2.749551e-30   2.100742e+00
 5.520930e-30   3.498618e-30   1.578031e+00
 4.910223e-30   2.214173e-30   2.217632e+00
 6.210032e-30   3.528587e-30   1.759920e+00
 6.008567e-30   2.586514e-30   2.323036e+00
 5.834183e-30   3.301802e-30   1.766970e+00
 5.370771e-30   2.575983e-30   2.084940e+00
 6.775110e-30   2.639160e-30   2.567147e+00
 5.778296e-30   2.899311e-30   1.992989e+00
 6.650981e-30   2.410992e-30   2.758608e+00
 6.108610e-30   2.083940e-30   2.931280e+00
 5.352690e-30   2.325904e-30   2.301338e+00
 5.481273e-30   2.802758e-30   1.955671e+00
 5.826956e-30   3.272410e-30   1.780631e+00
 7.277918e-30   2.658256e-30   2.737855e+00
 5.661703e-30   2.822410e-30   2.005982e+00
 5.502256e-30   2.370428e-30   2.321208e+00
 6.088617e-30   2.406642e-30   2.529922e+00
 6.853822e-30   2.725920e-30   2.514315e+00
 6.026361e-30   2.696653e-30   2.234755e+00
 5.894217e-30   3.268777e-30   1.803187e+00
 6.341367e-30   2.649938e-30   2.393025e+00
 5.766594e-30   2.723704e-30   2.117188e+00
 5.837197e-30   2.219715e-30   2.629706e+00
 6.562243e-30   2.582369e-30   2.541171e+00
 5.745906e-30   2.715604e-30   2.115886e+00
 7.139710e-30   1.992828e-30   3.582703e+00
 5.831472e-30   2.574001e-30   2.265528e+00
 5.893935e-30   2.389565e-30   2.466531e+00
 5.498010e-30   2.382602e-30   2.307566e+00
 5.807853e-30   2.811927e-30   2.065435e+00
 4.395673e-30   2.591009e-30   1.696510e+00
 5.698890e-30   2.329019e-30   2.446905e+00
 5.951641e-30   3.022104e-30   1.969370e+00
 5.960092e-30   2.791459e-30   2.135117e+00
 7.777450e-30   2.155644e-30   3.607948e+00
 6.094748e-30   2.655045e-30   2.295535e+00
 7.184142e-30   2.399936e-30   2.993473e+00
 5.573688e-30   2.522018e-30   2.210011e+00
 6.373624e-30   2.432574e-30   2.620115e+00
 6.427544e-30   2.648102e-30   2.427226e+00
 5.744673e-30   2.095679e-30   2.741199e+00
 5.834691e-30   3.063644e-30   1.904494e+00
 5.671199e-30   2.389113e-30   2.373768e+00
 4.406582e-30   2.582805e-30   1.706123e+00
 6.682977e-30   2.300489e-30   2.905025e+00
 5.666765e-30   2.631802e-30   2.153188e+00
 5.906743e-30   3.029990e-30   1.949426e+00
 5.706613e-30   2.449638e-30   2.329574e+00
 5.698163e-30   2.408908e-30   2.365455e+00
 5.500250e-30   2.497031e-30   2.202716e+00
 5.967492e-30   2.779339e-30   2.147090e+00
 5.730619e-30   2.616902e-30   2.189849e+00
 7.140098e-30   2.648339e-30   2.696066e+00
 6.572852e-30   2.171206e-30   3.027282e+00
 5.913236e-30   2.798857e-30   2.112732e+00
 5.376100e-30   2.866434e-30   1.875536e+00
 7.057511e-30   2.468879e-30   2.858590e+00
 6.943520e-30   2.754348e-30   2.520931e+00
 5.669411e-30   2.599265e-30   2.181159e+00
 6.030992e-30   2.511383e-30   2.401463e+00
 7.064378e-30   2.406106e-30   2.936021e+00
 7.108435e-30   2.434755e-30   2.919569e+00
 4.923870e-30   1.940424e-30   2.537523e+00
 5.865217e-30   2.013791e-30   2.912525e+00
 5.204556e-30   2.604693e-30   1.998146e+00
 6.440389e-30   2.771737e-30   2.323593e+00
 5.725319e-30   2.657448e-30   2.154442e+00
 5.762144e-30   2.530089e-30   2.277448e+00
 7.509040e-30   2.676037e-30   2.806030e+00
 6.321079e-30   2.561877e-30   2.467363e+00
 5.754750e-30   2.656132e-30   2.166591e+00
 5.840957e-30   2.910630e-30   2.006767e+00
 6.147148e-30   2.427385e-30   2.532415e+00
 5.744189e-30   2.474017e-30   2.321806e+00
 4.817202e-30   2.676566e-30   1.799769e+00
 5.550759e-30   2.359435e-30   2.352580e+00
 5.583940e-30   2.431099e-30   2.296879e+00
 6.683585e-30   2.748230e-30   2.431960e+00
 5.699106e-30   2.708098e-30   2.104468e+00
 5.676911e-30   2.367006e-30   2.398351e+00
 5.933725e-30   3.005790e-30   1.974098e+00
 4.885136e-30   3.063806e-30   1.594467e+00
 5.651771e-30   2.410170e-30   2.344968e+00
 5.267467e-30   2.509327e-30   2.099155e+00
 5.624394e-30   2.858122e-30   1.967864e+00
 5.614768e-30   2.459968e-30   2.282456e+00
 5.756728e-30   3.145555e-30   1.830115e+00
 7.022509e-30   2.583574e-30   2.718137e+00
 5.528781e-30   2.749137e-30   2.011097e+00
 5.706015e-30   3.065244e-30   1.861521e+00
 5.017315e-30   2.358901e-30   2.126971e+00
 5.473122e-30   2.642733e-30   2.071008e+00
 7.469253e-30   2.110745e-30   3.538681e+00
 6.041816e-30   2.556621e-30   2.363204e+00
 6.102137e-30   2.429680e-30   2.511498e+00
 5.132799e-30   2.331733e-30   2.201281e+00
 6.003374e-30   2.740534e-30   2.190586e+00
 5.963211e-30   2.478876e-30   2.405611e+00
 5.622350e-30   2.157322e-30   2.606171e+00
 6.804184e-30   2.527507e-30   2.692054e+00
 6.161444e-30   2.547882e-30   2.418261e+00
 5.645881e-30   2.448898e-30   2.305478e+00
 7.395662e-30   2.703891e-30   2.735193e+00
 5.644148e-30   2.526738e-30   2.233769e+00
 6.130518e-30   2.370814e-30   2.585829e+00
 5.741289e-30   2.283102e-30   2.514688e+00
 5.787759e-30   2.620367e-30   2.208759e+00
 6.332397e-30   2.679904e-30   2.362920e+00
 8.031614e-30   2.403135e-30   3.342141e+00
 6.028294e-30   2.814255e-30   2.142057e+00
 5.424165e-30   2.074747e-30   2.614375e+00
 6.618196e-30   2.182091e-30   3.032961e+00
 5.555786e-30   2.156054e-30   2.576831e+00
 5.611069e-30   1.990093e-30   2.819501e+00
 5.762245e-30   2.496680e-30   2.307964e+00
 5.746353e-30   2.370063e-30   2.424557e+00
 5.767177e-30   2.420669e-30   2.382472e+00
 5.762671e-30   2.551892e-30   2.258196e+00
 5.096570e-30   2.613507e-30   1.950089e+00
 5.515985e-30   3.227008e-30   1.709319e+00
 5.897434e-30   2.533211e-30   2.328046e+00
 5.483619e-30   2.769717e-30   1.979848e+00
 5.747243e-30   2.345601e-30   2.450222e+00
 5.728956e-30   2.748732e-30   2.084218e+00
 5.755817e-30   2.761387e-30   2.084394e+00
 6.240453e-30   2.550659e-30   2.446604e+00
 5.728697e-30   2.721387e-30   2.105065e+00
 6.629041e-30   2.543125e-30   2.606652e+00
 8.274752e-30   2.353425e-30   3.516047e+00
 6.800899e-30   2.565369e-30   2.651041e+00
 6.784294e-30   2.646209e-30   2.563778e+00
 4.955734e-30   2.375701e-30   2.086009e+00
 7.318219e-30   2.624080e-30   2.788870e+00
 5.212437e-30   2.461833e-30   2.117300e+00
 5.529083e-30   2.568140e-30   2.152953e+00
 5.785301e-30   2.251108e-30   2.569980e+00
 7.260945e-30   3.794006e-30   1.913794e+00
 5.551163e-30   2.898656e-30   1.915081e+00
 5.549906e-30   2.952919e-30   1.879465e+00
 5.468315e-30   2.391187e-30   2.286862e+00
 6.327907e-30   2.479822e-30   2.551758e+00
 5.596313e-30   2.514347e-30   2.225752e+00
 5.751616e-30   2.291978e-30   2.509455e+00
 5.069980e-30   2.079285e-30   2.438328e+00
 7.195596e-30   2.489429e-30   2.890460e+00
 5.753532e-30   2.392144e-30   2.405178e+00
 5.708044e-30   2.906355e-30   1.963987e+00
 5.279089e-30   2.503223e-30   2.108917e+00
 5.464645e-30   2.517487e-30   2.170674e+00
 6.094345e-30   3.136712e-30   1.942909e+00
 5.979295e-30   3.333409e-30   1.793748e+00
 5.445853e-30   3.455132e-30   1.576164e+00
 4.955679e-30   2.608780e-30   1.899616e+00
 6.203019e-30   2.276803e-30   2.724442e+00
 5.957425e-30   2.431364e-30   2.450240e+00
 8.040258e-30   1.938064e-30   4.148604e+00
 5.186368e-30   2.353015e-30   2.204138e+00
 8.091362e-30   2.271246e-30   3.562521e+00
 4.197397e-30   3.384350e-30   1.240237e+00
 6.243732e-30   3.083751e-30   2.024720e+00
 6.140946e-30   2.515224e-30   2.441510e+00
 7.528776e-30   2.673085e-30   2.816512e+00
 6.040171e-30   2.411688e-30   2.504541e+00
 5.470176e-30   2.730752e-30   2.003175e+00
 4.723002e-30   2.598663e-30   1.817474e+00
 5.828598e-30   2.357273e-30   2.472602e+00
 6.545110e-30   2.608939e-30   2.508724e+00
 5.974514e-30   2.388250e-30   2.501629e+00
 6.102669e-30   3.286691e-30   1.856782e+00
 5.271502e-30   2.606924e-30   2.022116e+00
 5.767334e-30   2.730166e-30   2.112448e+00
 5.702091e-30   2.855844e-30   1.996639e+00
 7.439436e-30   2.202865e-30   3.377164e+00
 5.577875e-30   2.445282e-30   2.281077e+00
 5.692628e-30   2.915519e-30   1.952527e+00
 6.313248e-30   2.399859e-30   2.630674e+00
 5.544548e-30   3.789550e-30   1.463115e+00
 7.896468e-30   2.861678e-30   2.759384e+00
 5.767285e-30   2.844267e-30   2.027688e+00
 4.410107e-30   2.581055e-30   1.708645e+00
 7.040660e-30   2.858398e-30   2.463149e+00
 5.704784e-30   2.966781e-30   1.922887e+00
 6.061625e-30   2.760528e-30   2.195821e+00
 6.123030e-30   2.459729e-30   2.489311e+00
 6.243156e-30   2.526353e-30   2.471213e+00
 4.201343e-30   2.752813e-30   1.526200e+00
 5.975577e-30   2.473099e-30   2.416231e+00
 5.293886e-30   2.379281e-30   2.224994e+00
 5.470246e-30   2.426806e-30   2.254093e+00
 7.458920e-30   2.089436e-30   3.569824e+00
 5.805725e-30   2.678236e-30   2.167742e+00
 7.216610e-30   2.289654e-30   3.151835e+00
 5.417699e-30   2.421217e-30   2.237593e+00
 7.225667e-30   2.669069e-30   2.707186e+00
 7.531974e-30   2.432052e-30   3.096963e+00
 5.478206e-30   2.093381e-30   2.616918e+00
 6.228851e-30   2.448094e-30   2.544368e+00
 7.299623e-30   2.765896e-30   2.639153e+00
 5.344530e-30   2.539351e-30   2.104684e+00
 5.763112e-30   2.775255e-30   2.076607e+00
 5.986361e-30   2.545864e-30   2.351407e+00
 4.631472e-30   2.298741e-30   2.014787e+00
 5.719350e-30   2.297848e-30   2.489002e+00
 5.293915e-30   2.485296e-30   2.130095e+00
 5.720411e-30   2.350736e-30   2.433455e+00
 6.052006e-30   2.632724e-30   2.298762e+00
 5.582219e-30   3.202214e-30   1.743237e+00
 5.672488e-30   3.082434e-30   1.840262e+00
 5.675603e-30   2.971270e-30   1.910161e+00
 6.362423e-30   2.654222e-30   2.397096e+00
 8.050788e-30   2.769090e-30   2.907377e+00
 5.867191e-30   2.765367e-30   2.121668e+00
 5.742513e-30   2.276028e-30   2.523041e+00
 6.191210e-30   2.845898e-30   2.175486e+00
 5.610826e-30   2.525967e-30   2.221259e+00
 6.819564e-30   2.638711e-30   2.584430e+00
 7.531974e-30   2.432052e-30   3.096963e+00
 5.822948e-30   2.647404e-30   2.199494e+00
 5.118622e-30   2.793776e-30   1.832152e+00
 4.119209e-30   2.345925e-30   1.755900e+00
 7.609449e-30   2.626235e-30   2.897474e+00
 5.869239e-30   2.334397e-30   2.514242e+00
 5.427837e-30   2.629290e-30   2.064374e+00
 6.037492e-30   2.553201e-30   2.364676e+00
 5.686273e-30   2.378991e-30   2.390204e+00
 5.967822e-30   2.426273e-30   2.459666e+00
 5.295945e-30   2.978021e-30   1.778344e+00
 6.435733e-30   2.702420e-30   2.381470e+00
 5.637099e-30   2.591775e-30   2.174995e+00
 5.482676e-30   2.053868e-30   2.669439e+00
 7.109314e-30   2.190313e-30   3.245798e+00
 5.942620e-30   2.724668e-30   2.181044e+00
 6.196166e-30   2.351296e-30   2.635212e+00
 5.698484e-30   2.649197e-30   2.151023e+00
 5.982928e-30   2.856219e-30   2.094702e+00
 6.031213e-30   2.449261e-30   2.462462e+00
 6.607923e-30   2.097027e-30   3.151091e+00
 5.770649e-30   2.179573e-30   2.647605e+00
 5.508849e-30   2.319354e-30   2.375166e+00
 5.709845e-30   2.735707e-30   2.087155e+00
 5.827397e-30   2.916088e-30   1.998361e+00
 8.659183e-30   2.934856e-30   2.950463e+00
 5.719103e-30   2.214067e-30   2.583076e+00
 6.305614e-30   2.573576e-30   2.450137e+00
 6.328681e-30   2.752321e-30   2.299398e+00
 5.568323e-30   2.806023e-30   1.984418e+00
 6.062810e-30   2.524481e-30   2.401606e+00
 5.004645e-30   2.373442e-30   2.108602e+00
 5.421763e-30   2.550992e-30   2.125355e+00
 4.066859e-30   3.260237e-30   1.247412e+00
 5.743465e-30   2.300784e-30   2.496308e+00
 5.202490e-30   2.647124e-30   1.965337e+00
 5.769131e-30   2.197127e-30   2.625761e+00
 5.368868e-30   2.941481e-30   1.825226e+00
 5.668771e-30   2.487189e-30   2.279188e+00
 7.106649e-30   2.726424e-30   2.606583e+00
 5.997464e-30   3.452770e-30   1.737001e+00
 5.852698e-30   2.486954e-30   2.353360e+00
 4.977408e-30   2.851562e-30   1.745502e+00
 5.633390e-30   3.538151e-30   1.592185e+00
 6.422460e-30   3.153124e-30   2.036856e+00
 5.880623e-30   3.092614e-30   1.901506e+00
 7.533768e-30   2.051836e-30   3.671721e+00
 5.773219e-30   3.223975e-30   1.790714e+00
 5.778951e-30   2.931828e-30   1.971108e+00
 5.370257e-30   2.522679e-30   2.128791e+00
 6.499751e-30   2.421203e-30   2.684512e+00
 5.828590e-30   3.141046e-30   1.855621e+00
 5.501399e-30   2.165208e-30   2.540818e+00
 7.911156e-30   3.441895e-30   2.298488e+00
 7.400284e-30   2.403100e-30   3.079474e+00
 5.389989e-30   3.328505e-30   1.619342e+00
 5.663029e-30   2.312083e-30   2.449319e+00
 6.299507e-30   2.751648e-30   2.289358e+00
 5.683606e-30   3.049313e-30   1.863897e+00
 5.682106e-30   2.050554e-30   2.771010e+00
 5.734198e-30   2.374470e-30   2.414938e+00
 5.840747e-30   2.094451e-30   2.788676e+00
 5.839167e-30   3.343124e-30   1.746620e+00
 6.366047e-30   3.068187e-30   2.074856e+00
 6.113944e-30   2.149356e-30   2.844547e+00
 6.210218e-30   2.383702e-30   2.605283e+00
 7.669638e-30   2.347669e-30   3.266916e+00
 5.513831e-30   3.009359e-30   1.832228e+00
 6.606185e-30   3.058986e-30   2.159599e+00
 5.539806e-30   3.004692e-30   1.843719e+00
 5.539373e-30   3.548361e-30   1.561108e+00
 6.965331e-30   1.960588e-30   3.552675e+00
 5.787455e-30   2.383331e-30   2.428305e+00
 5.594386e-30   2.724043e-30   2.053707e+00
 5.816127e-30   2.171298e-30   2.678640e+00
 5.953547e-30   2.270634e-30   2.621975e+00
 5.654432e-30   2.582561e-30   2.189467e+00
 5.783658e-30   2.528659e-30   2.287243e+00
 5.787925e-30   2.121218e-30   2.728587e+00
 5.681716e-30   3.575648e-30   1.589003e+00
 5.724188e-30   2.817428e-30   2.031707e+00
 5.413673e-30   2.706263e-30   2.000424e+00
 4.844369e-30   2.515595e-30   1.925734e+00
 5.662015e-30   2.747822e-30   2.060546e+00
 5.734328e-30   2.968458e-30   1.931753e+00
 7.140866e-30   2.848704e-30   2.506707e+00
 5.721782e-30   3.087545e-30   1.853182e+00
 7.081610e-30   1.775706e-30   3.988054e+00
 7.361508e-30   2.526611e-30   2.913590e+00
 7.801181e-30   3.001694e-30   2.598926e+00
 7.480567e-30   2.545494e-30   2.938748e+00
 5.940703e-30   2.418480e-30   2.456379e+00
 6.001209e-30   2.747332e-30   2.184377e+00
 7.646474e-30   3.083880e-30   2.479498e+00
 5.801335e-30   2.355905e-30   2.462466e+00
 5.714417e-30   3.046949e-30   1.875455e+00
 7.174882e-30   2.977717e-30   2.409524e+00
 5.232753e-30   2.394195e-30   2.185600e+00
 6.210268e-30   2.383708e-30   2.605298e+00
 6.300375e-30   2.824216e-30   2.230840e+00
 5.353242e-30   2.768569e-30   1.933577e+00
 7.452478e-30   2.690555e-30   2.769867e+00
 5.597152e-30   2.685369e-30   2.084314e+00
 5.601847e-30   2.142990e-30   2.614033e+00
 5.586718e-30   2.035984e-30   2.743989e+00
 7.190750e-30   2.520410e-30   2.853008e+00
 5.755580e-30   2.997363e-30   1.920214e+00
 6.794525e-30   2.120652e-30   3.203980e+00
 5.484480e-30   2.416260e-30   2.269822e+00
 5.604138e-30   2.226832e-30   2.516642e+00
 8.680841e-30   2.941096e-30   2.951567e+00
 5.434574e-30   2.378835e-30   2.284553e+00
 5.482676e-30   2.053868e-30   2.669440e+00
 7.826587e-30   2.889766e-30   2.708381e+00
 7.101455e-30   2.903691e-30   2.445665e+00
 6.560771e-30   2.866557e-30   2.288728e+00
 5.483543e-30   2.885565e-30   1.900336e+00
 5.842170e-30   2.182799e-30   2.676458e+00
 4.505766e-30   2.639228e-30   1.707229e+00
 5.782552e-30   2.234180e-30   2.588221e+00
 5.796535e-30   3.005967e-30   1.928343e+00
 4.727821e-30   2.510703e-30   1.883067e+00
 5.724519e-30   2.516324e-30   2.274953e+00
 5.694893e-30   2.592131e-30   2.196993e+00
 7.380115e-30   3.412602e-30   2.162606e+00
 5.783131e-30   2.722525e-30   2.124179e+00
 7.048998e-30   2.146861e-30   3.283397e+00
 5.772441e-30   2.561576e-30   2.253472e+00
 5.800972e-30   2.765078e-30   2.097941e+00
 4.410107e-30   2.581055e-30   1.708645e+00
 5.065718e-30   2.264744e-30   2.236773e+00
 5.566588e-30   3.053636e-30   1.822938e+00
 5.905958e-30   2.900589e-30   2.036124e+00
 7.596371e-30   2.633006e-30   2.885057e+00
 5.820444e-30   3.122288e-30   1.864160e+00
 4.724005e-30   2.623988e-30   1.800315e+00
 5.942996e-30   2.706681e-30   2.195677e+00
 5.751245e-30   2.336748e-30   2.461218e+00
 5.730334e-30   2.493657e-30   2.297964e+00
 5.502286e-30   2.370421e-30   2.321227e+00
 5.650033e-30   2.419521e-30   2.335186e+00
 5.830204e-30   2.809089e-30   2.075479e+00
 7.029189e-30   2.560672e-30   2.745057e+00
 7.760886e-30   2.299166e-30   3.375522e+00
 5.820125e-30   2.369094e-30   2.456688e+00
 5.686690e-30   2.784020e-30   2.042618e+00
 6.480717e-30   2.364947e-30   2.740322e+00
 5.841244e-30   3.005574e-30   1.943470e+00
 5.261036e-30   2.428133e-30   2.166700e+00
 4.984099e-30   2.784529e-30   1.789926e+00
 6.675897e-30   2.415669e-30   2.763581e+00
 4.804459e-30   2.315317e-30   2.075077e+00
 6.912904e-30   2.626457e-30   2.632027e+00
 6.832039e-30   3.395921e-30   2.011837e+00
 5.641915e-30   2.842535e-30   1.984818e+00
 7.875420e-30   2.694736e-30   2.922519e+00
 4.722819e-30   2.595270e-30   1.819779e+00
 6.066941e-30   2.585342e-30   2.346668e+00
 6.264098e-30   2.868148e-30   2.184021e+00
 6.022073e-30   2.193580e-30   2.745317e+00
 5.812746e-30   3.285224e-30   1.769360e+00
 5.742523e-30   2.566190e-30   2.237762e+00
 6.598297e-30   2.449094e-30   2.694178e+00
 5.649133e-30   2.602972e-30   2.170262e+00
 6.341252e-30   2.596485e-30   2.442245e+00
 4.323535e-30   3.256939e-30   1.327484e+00
 4.394845e-30   2.754001e-30   1.595804e+00
 7.296122e-30   2.343654e-30   3.113140e+00
 6.469630e-30   2.653459e-30   2.438187e+00
 5.644094e-30   3.593068e-30   1.570829e+00
 5.667439e-30   3.061141e-30   1.851414e+00
 5.771081e-30   2.915644e-30   1.979350e+00
 5.771983e-30   2.258147e-30   2.556070e+00
 5.293714e-30   2.860874e-30   1.850384e+00
 5.357305e-30   2.555031e-30   2.096767e+00
 6.219435e-30   2.587582e-30   2.403570e+00
 5.794478e-30   3.150895e-30   1.838994e+00
 5.753214e-30   2.386637e-30   2.410595e+00
 5.757828e-30   2.491926e-30   2.310594e+00
 5.797565e-30   2.571224e-30   2.254788e+00
 6.628863e-30   2.779861e-30   2.384603e+00
 5.008283e-30   2.615745e-30   1.914668e+00
 5.936710e-30   2.251130e-30   2.637214e+00
 5.784140e-30   2.456787e-30   2.354352e+00
 4.588663e-30   2.620864e-30   1.750821e+00
 5.569985e-30   2.382733e-30   2.337646e+00
 6.349923e-30   3.163952e-30   2.006959e+00
 6.083050e-30   2.291007e-30   2.655186e+00
 6.425728e-30   2.990032e-30   2.149050e+00
 5.787815e-30   2.992481e-30   1.934119e+00
 5.449419e-30   2.346515e-30   2.322346e+00
 6.078755e-30   2.826210e-30   2.150851e+00
