 8.496751e-30   5.736966e-30   1.481053e+00
 8.016092e-30   6.235927e-30   1.285469e+00
 8.135746e-30   5.141726e-30   1.582299e+00
 8.272005e-30   4.615904e-30   1.792066e+00
 7.706706e-30   5.168378e-30   1.491127e+00
 7.711157e-30   3.810417e-30   2.023704e+00
 7.364101e-30   5.113803e-30   1.440044e+00
 1.051357e-29   4.796202e-30   2.192062e+00
 7.758620e-30   5.049629e-30   1.536473e+00
 9.828009e-30   5.786647e-30   1.698394e+00
 8.700630e-30   4.805636e-30   1.810505e+00
 1.029245e-29   4.478439e-30   2.298222e+00
 6.986546e-30   4.949651e-30   1.411523e+00
 8.402692e-30   5.194816e-30   1.617515e+00
 8.525626e-30   4.923609e-30   1.731581e+00
 8.335479e-30   5.169918e-30   1.612304e+00
 6.646896e-30   5.823114e-30   1.141467e+00
 8.737549e-30   3.919766e-30   2.229100e+00
 8.089858e-30   5.584868e-30   1.448532e+00
 9.707285e-30   3.838166e-30   2.529147e+00
 8.385615e-30   5.078696e-30   1.651135e+00
 8.821448e-30   5.675287e-30   1.554362e+00
 2.384749e-30   3.243281e-30   7.352893e-01
 7.864163e-30   4.828735e-30   1.628618e+00
 8.025559e-30   5.208913e-30   1.540736e+00
 8.324567e-30   5.798386e-30   1.435670e+00
 8.396498e-30   5.664987e-30   1.482174e+00
 8.689366e-30   4.154040e-30   2.091787e+00
 9.023243e-30   4.535361e-30   1.989531e+00
 8.834349e-30   5.994804e-30   1.473668e+00
 8.764249e-30   4.815185e-30   1.820127e+00
 1.111704e-29   3.927890e-30   2.830283e+00
 5.713714e-30   4.625486e-30   1.235268e+00
 7.757385e-30   4.570630e-30   1.697225e+00
 8.398088e-30   4.895029e-30   1.715636e+00
 8.131717e-30   3.788687e-30   2.146315e+00
 1.123246e-29   4.091969e-30   2.745002e+00
 8.378172e-30   5.094133e-30   1.644671e+00
 8.093829e-30   4.953793e-30   1.633865e+00
 6.779424e-30   5.100326e-30   1.329214e+00
 8.377328e-30   5.284259e-30   1.585336e+00
 9.065488e-30   5.673010e-30   1.598003e+00
 8.407669e-30   4.871144e-30   1.726015e+00
 1.108191e-29   5.045565e-30   2.196367e+00
 8.248917e-30   3.979493e-30   2.072856e+00
 7.350713e-30   5.995377e-30   1.226064e+00
 1.090857e-29   4.947549e-30   2.204843e+00
 9.987619e-30   4.646312e-30   2.149580e+00
 8.747305e-30   4.812114e-30   1.817768e+00
 8.929435e-30   4.338322e-30   2.058269e+00
 9.117179e-30   5.440013e-30   1.675948e+00
 8.364000e-30   4.404641e-30   1.898906e+00
 8.386564e-30   4.437397e-30   1.889974e+00
 7.967188e-30   5.099348e-30   1.562393e+00
 8.237145e-30   4.592432e-30   1.793635e+00
 8.124551e-30   5.168754e-30   1.571859e+00
 8.505183e-30   5.055728e-30   1.682286e+00
 8.671418e-30   5.123079e-30   1.692619e+00
 8.878604e-30   4.670318e-30   1.901071e+00
 8.243227e-30   4.909777e-30   1.678941e+00
 8.994358e-30   5.146156e-30   1.747782e+00
 1.084505e-29   4.171662e-30   2.599696e+00
 1.101722e-29   4.435895e-30   2.483651e+00
 8.177504e-30   6.007499e-30   1.361216e+00
 9.736229e-30   4.685208e-30   2.078078e+00
 8.116720e-30   4.965377e-30   1.634663e+00
 1.283812e-29   4.244045e-30   3.024972e+00
 8.707562e-30   5.089383e-30   1.710927e+00
 5.480217e-30   3.720916e-30   1.472814e+00
 8.917347e-30   4.300769e-30   2.073431e+00
 8.216120e-30   5.978366e-30   1.374309e+00
 8.162002e-30   5.186330e-30   1.573753e+00
 9.127435e-30   4.414940e-30   2.067397e+00
 7.595192e-30   5.159761e-30   1.472005e+00
 8.078506e-30   4.210208e-30   1.918790e+00
 8.350857e-30   5.221823e-30   1.599222e+00
 7.955090e-30   4.920478e-30   1.616731e+00
 8.483998e-30   5.113535e-30   1.659126e+00
 8.083184e-30   6.483319e-30   1.246766e+00
 8.101415e-30   4.406697e-30   1.838433e+00
 6.627311e-30   4.980160e-30   1.330743e+00
 8.162535e-30   3.645189e-30   2.239262e+00
 1.272226e-29   4.813853e-30   2.642844e+00
 8.649360e-30   5.544837e-30   1.559895e+00
 8.737050e-30   5.210669e-30   1.676762e+00
 5.815187e-30   4.729847e-30   1.229466e+00
 8.303581e-30   5.187584e-30   1.600664e+00
 7.794800e-30   4.109928e-30   1.896578e+00
 8.096320e-30   5.152116e-30   1.571455e+00
 8.316208e-30   5.427533e-30   1.532226e+00
 8.159148e-30   4.058904e-30   2.010185e+00
 7.878149e-30   4.068203e-30   1.936518e+00
 8.298795e-30   4.948161e-30   1.677147e+00
 7.307262e-30   5.351298e-30   1.365512e+00
 9.545758e-30   4.947560e-30   1.929387e+00
 9.670761e-30   4.629295e-30   2.089035e+00
 8.804399e-30   5.864752e-30   1.501240e+00
 6.902222e-30   4.395451e-30   1.570310e+00
 8.891894e-30   4.695972e-30   1.893515e+00
 8.284419e-30   4.459999e-30   1.857494e+00
 8.350393e-30   4.078639e-30   2.047348e+00
 7.634876e-30   6.355710e-30   1.201262e+00
 8.968017e-30   6.972052e-30   1.286281e+00
 7.505150e-30   5.993921e-30   1.252127e+00
 1.106757e-29   4.597858e-30   2.407115e+00
 8.622246e-30   5.571259e-30   1.547630e+00
 7.864688e-30   3.826496e-30   2.055324e+00
 7.453249e-30   5.166811e-30   1.442524e+00
 6.133098e-30   4.405276e-30   1.392217e+00
 8.520202e-30   4.624308e-30   1.842482e+00
 6.816166e-30   4.332206e-30   1.573371e+00
 8.503507e-30   4.486204e-30   1.895479e+00
 8.322294e-30   4.923014e-30   1.690488e+00
 6.871802e-30   4.303211e-30   1.596901e+00
 6.307629e-30   4.654817e-30   1.355076e+00
 7.211497e-30   5.227116e-30   1.379632e+00
 7.366004e-30   5.621250e-30   1.310385e+00
 8.427139e-30   4.982302e-30   1.691415e+00
 8.484154e-30   5.848493e-30   1.450656e+00
 9.443157e-30   4.617429e-30   2.045111e+00
 8.207372e-30   4.422176e-30   1.855958e+00
 1.033033e-29   4.844897e-30   2.132208e+00
 9.039771e-30   6.858522e-30   1.318035e+00
 7.881813e-30   4.581080e-30   1.720514e+00
 8.389380e-30   5.516336e-30   1.520825e+00
 8.742153e-30   5.206141e-30   1.679200e+00
 6.987502e-30   4.379215e-30   1.595606e+00
 8.314100e-30   4.703548e-30   1.767623e+00
 9.569013e-30   5.093812e-30   1.878556e+00
 8.309470e-30   3.933503e-30   2.112486e+00
 6.219062e-30   4.391332e-30   1.416213e+00
 9.988475e-30   4.646046e-30   2.149887e+00
 9.773108e-30   4.609467e-30   2.120225e+00
 9.331465e-30   6.392109e-30   1.459841e+00
 8.148097e-30   4.219030e-30   1.931272e+00
 1.009857e-29   5.193568e-30   1.944438e+00
 7.730690e-30   5.570638e-30   1.387757e+00
 1.068136e-29   4.097727e-30   2.606655e+00
 8.234463e-30   4.948415e-30   1.664061e+00
 8.260025e-30   5.909782e-30   1.397687e+00
 6.284695e-30   4.588646e-30   1.369619e+00
 7.874887e-30   4.991250e-30   1.577739e+00
 8.051075e-30   5.056775e-30   1.592136e+00
 7.725798e-30   4.690682e-30   1.647052e+00
 7.552457e-30   4.494320e-30   1.680445e+00
 6.545766e-30   4.425005e-30   1.479268e+00
 7.723197e-30   4.998342e-30   1.545152e+00
 8.139068e-30   4.312834e-30   1.887174e+00
 7.831364e-30   3.710066e-30   2.110842e+00
 1.036863e-29   5.109170e-30   2.029415e+00
 8.472590e-30   3.756713e-30   2.255320e+00
 1.010233e-29   4.238140e-30   2.383670e+00
 8.505801e-30   4.524528e-30   1.879931e+00
 7.748654e-30   4.777474e-30   1.621915e+00
 8.472951e-30   4.912144e-30   1.724899e+00
 7.861297e-30   4.432630e-30   1.773506e+00
 7.590789e-30   5.298295e-30   1.432685e+00
 7.837407e-30   4.673497e-30   1.676990e+00
 7.878149e-30   4.068203e-30   1.936518e+00
 6.794229e-30   5.063043e-30   1.341926e+00
 7.676016e-30   4.865248e-30   1.577724e+00
 5.157954e-30   3.681937e-30   1.400880e+00
 1.058772e-29   5.653132e-30   1.872894e+00
 7.993793e-30   5.245149e-30   1.524036e+00
 8.560577e-30   5.029235e-30   1.702163e+00
 6.651233e-30   5.088595e-30   1.307086e+00
 7.134481e-30   5.223089e-30   1.365950e+00
 7.950310e-30   4.598760e-30   1.728794e+00
 9.851620e-30   4.313294e-30   2.284013e+00
 8.069687e-30   4.429592e-30   1.821768e+00
 9.029051e-30   4.252134e-30   2.123417e+00
 8.109859e-30   4.249202e-30   1.908560e+00
 8.456790e-30   4.726340e-30   1.789289e+00
 1.086681e-29   4.712188e-30   2.306106e+00
 8.311970e-30   4.180559e-30   1.988244e+00
 7.189463e-30   4.142317e-30   1.735614e+00
 8.391423e-30   4.217664e-30   1.989590e+00
 8.132527e-30   4.264347e-30   1.907098e+00
 8.144338e-30   5.276815e-30   1.543419e+00
 6.454551e-30   5.406891e-30   1.193764e+00
 9.450254e-30   5.387958e-30   1.753959e+00
 8.399149e-30   5.361393e-30   1.566598e+00
 8.685361e-30   5.093894e-30   1.705053e+00
 1.093589e-29   6.164044e-30   1.774142e+00
 8.592304e-30   3.791947e-30   2.265935e+00
 8.223998e-30   4.612954e-30   1.782805e+00
 8.411386e-30   5.867348e-30   1.433593e+00
 8.618625e-30   4.449117e-30   1.937154e+00
 8.502324e-30   5.451340e-30   1.559676e+00
 8.241141e-30   4.306419e-30   1.913688e+00
 8.215623e-30   4.734005e-30   1.735449e+00
 1.037871e-29   4.641185e-30   2.236221e+00
 8.633904e-30   4.007401e-30   2.154490e+00
 7.831617e-30   4.036497e-30   1.940201e+00
 6.226236e-30   3.850107e-30   1.617159e+00
 8.063012e-30   4.812566e-30   1.675408e+00
 8.405770e-30   4.565348e-30   1.841211e+00
 8.966935e-30   4.639849e-30   1.932592e+00
 8.287417e-30   5.344414e-30   1.550669e+00
 8.840016e-30   5.430046e-30   1.627982e+00
 7.865055e-30   4.637432e-30   1.695994e+00
 1.129447e-29   4.514869e-30   2.501615e+00
 1.108833e-29   4.691293e-30   2.363597e+00
 8.673119e-30   5.646259e-30   1.536082e+00
 9.417810e-30   5.937229e-30   1.586230e+00
 8.105040e-30   5.195089e-30   1.560135e+00
 8.228889e-30   4.716821e-30   1.744584e+00
 8.227634e-30   5.129790e-30   1.603893e+00
 8.461007e-30   4.744382e-30   1.783374e+00
 8.357171e-30   4.722937e-30   1.769486e+00
 9.292221e-30   5.478294e-30   1.696189e+00
 8.791429e-30   5.718857e-30   1.537270e+00
 8.194417e-30   4.302650e-30   1.904505e+00
 8.642586e-30   5.094338e-30   1.696508e+00
 7.657903e-30   5.284694e-30   1.449072e+00
 7.001750e-30   4.937466e-30   1.418086e+00
 8.770952e-30   4.711094e-30   1.861765e+00
 7.684288e-30   5.467649e-30   1.405410e+00
 8.574676e-30   4.708677e-30   1.821037e+00
 8.567125e-30   4.826432e-30   1.775043e+00
 7.768624e-30   4.810768e-30   1.614841e+00
 8.237027e-30   4.777711e-30   1.724053e+00
 8.711705e-30   5.403632e-30   1.612194e+00
 1.094089e-29   5.057220e-30   2.163420e+00
 8.327797e-30   4.274734e-30   1.948144e+00
 1.110611e-29   4.731801e-30   2.347121e+00
 8.899423e-30   4.640164e-30   1.917911e+00
 8.974587e-30   4.909626e-30   1.827958e+00
 8.404546e-30   4.399440e-30   1.910367e+00
 7.618590e-30   5.618960e-30   1.355872e+00
 8.741973e-30   5.356929e-30   1.631900e+00
 8.142763e-30   5.130493e-30   1.587131e+00
 7.506347e-30   4.699912e-30   1.597125e+00
 1.171586e-29   4.674516e-30   2.506326e+00
 8.033264e-30   4.207442e-30   1.909299e+00
 6.962791e-30   4.786179e-30   1.454770e+00
 8.269153e-30   5.736723e-30   1.441442e+00
 9.168329e-30   4.634475e-30   1.978288e+00
 8.394675e-30   5.687834e-30   1.475900e+00
 1.027203e-29   4.594637e-30   2.235657e+00
 8.447639e-30   5.915145e-30   1.428137e+00
 8.603327e-30   3.943946e-30   2.181401e+00
 8.750906e-30   3.823566e-30   2.288677e+00
 1.108790e-29   5.125585e-30   2.163246e+00
 7.463712e-30   4.172241e-30   1.788898e+00
 6.669956e-30   5.162127e-30   1.292094e+00
 8.144778e-30   4.286625e-30   1.900045e+00
 8.121077e-30   4.712730e-30   1.723221e+00
 7.691383e-30   4.646999e-30   1.655129e+00
 8.498141e-30   4.010150e-30   2.119158e+00
 8.225246e-30   5.120610e-30   1.606302e+00
 8.877603e-30   5.103818e-30   1.739404e+00
 1.062142e-29   5.088689e-30   2.087260e+00
 6.429849e-30   5.251389e-30   1.224409e+00
 7.547754e-30   5.419367e-30   1.392737e+00
 9.301596e-30   5.947197e-30   1.564030e+00
 8.609423e-30   4.313339e-30   1.996000e+00
 7.979711e-30   4.790088e-30   1.665880e+00
 1.159531e-29   5.591733e-30   2.073651e+00
 7.828790e-30   4.639062e-30   1.687580e+00
 7.964740e-30   4.852653e-30   1.641316e+00
 8.854376e-30   4.840386e-30   1.829271e+00
 8.513129e-30   5.515649e-30   1.543450e+00
 8.433877e-30   4.453936e-30   1.893579e+00
 9.135924e-30   6.049877e-30   1.510101e+00
 1.072922e-29   3.878752e-30   2.766153e+00
 8.751435e-30   5.312389e-30   1.647364e+00
 7.969679e-30   5.129710e-30   1.553631e+00
 8.716957e-30   5.952285e-30   1.464472e+00
 9.280741e-30   5.599851e-30   1.657319e+00
 7.193014e-30   3.904308e-30   1.842328e+00
 1.011051e-29   4.263675e-30   2.371313e+00
 8.211824e-30   4.443286e-30   1.848142e+00
 7.379964e-30   5.382256e-30   1.371166e+00
 8.233597e-30   4.834984e-30   1.702921e+00
 8.395172e-30   5.508732e-30   1.523975e+00
 8.793285e-30   4.768347e-30   1.844095e+00
 9.034671e-30   4.418039e-30   2.044950e+00
 7.138769e-30   4.506329e-30   1.584165e+00
 8.670245e-30   6.110778e-30   1.418845e+00
 8.657023e-30   4.100901e-30   2.111005e+00
 9.224531e-30   5.425158e-30   1.700325e+00
 1.039732e-29   4.952453e-30   2.099428e+00
 8.826583e-30   4.761950e-30   1.853565e+00
 7.484836e-30   4.154650e-30   1.801556e+00
 7.288989e-30   5.873007e-30   1.241100e+00
 8.197912e-30   4.215990e-30   1.944481e+00
 8.582192e-30   5.562957e-30   1.542739e+00
 8.117275e-30   4.796440e-30   1.692354e+00
 1.029587e-29   5.124231e-30   2.009252e+00
 8.331980e-30   4.513347e-30   1.846076e+00
 6.674107e-30   3.919724e-30   1.702698e+00
 6.886842e-30   4.977124e-30   1.383699e+00
 8.180034e-30   4.403691e-30   1.857540e+00
 8.870930e-30   5.374239e-30   1.650639e+00
 8.994618e-30   4.592295e-30   1.958633e+00
 5.998491e-30   3.848497e-30   1.558658e+00
 7.845567e-30   4.402964e-30   1.781883e+00
 6.201024e-30   4.082213e-30   1.519035e+00
 8.164007e-30   4.790766e-30   1.704113e+00
 8.958993e-30   5.926833e-30   1.511599e+00
 5.091764e-30   4.283284e-30   1.188752e+00
 8.248481e-30   5.377006e-30   1.534029e+00
 1.035362e-29   5.024712e-30   2.060541e+00
 9.252894e-30   4.961445e-30   1.864959e+00
 8.140726e-30   4.809508e-30   1.692632e+00
 9.842211e-30   3.894628e-30   2.527125e+00
 7.392010e-30   4.311339e-30   1.714551e+00
 8.619268e-30   6.162400e-30   1.398687e+00
 7.585885e-30   4.576732e-30   1.657489e+00
 8.689105e-30   4.462534e-30   1.947123e+00
 8.706802e-30   4.671782e-30   1.863700e+00
 1.109439e-29   4.549283e-30   2.438712e+00
 8.076624e-30   3.744023e-30   2.157205e+00
 7.556211e-30   4.691499e-30   1.610617e+00
 7.653480e-30   5.265619e-30   1.453482e+00
 8.063405e-30   4.613568e-30   1.747759e+00
 7.905565e-30   4.354254e-30   1.815596e+00
 8.489360e-30   5.571577e-30   1.523691e+00
 6.509875e-30   4.447940e-30   1.463571e+00
 9.588953e-30   5.976753e-30   1.604375e+00
 8.675521e-30   4.101510e-30   2.115202e+00
 8.496651e-30   4.751985e-30   1.788021e+00
 1.004674e-29   4.813062e-30   2.087391e+00
 1.154079e-29   4.981836e-30   2.316574e+00
 9.172156e-30   6.120119e-30   1.498689e+00
 7.154546e-30   4.632928e-30   1.544282e+00
 6.302414e-30   4.652764e-30   1.354553e+00
 1.066784e-29   5.482565e-30   1.945775e+00
 8.235333e-30   4.743639e-30   1.736079e+00
 8.690974e-30   4.755611e-30   1.827520e+00
 6.284695e-30   4.588646e-30   1.369619e+00
 8.342272e-30   4.089952e-30   2.039699e+00
 8.387049e-30   5.355570e-30   1.566042e+00
 8.999881e-30   4.135305e-30   2.176352e+00
 1.121860e-29   4.439121e-30   2.527212e+00
 1.016707e-29   5.029958e-30   2.021302e+00
 6.494568e-30   3.587552e-30   1.810306e+00
 8.724495e-30   6.153545e-30   1.417800e+00
 6.035755e-30   4.536774e-30   1.330407e+00
 8.170678e-30   4.403345e-30   1.855562e+00
 7.974272e-30   5.216128e-30   1.528772e+00
 7.975432e-30   4.267648e-30   1.868812e+00
 7.159652e-30   5.170975e-30   1.384585e+00
 8.783595e-30   4.936055e-30   1.779477e+00
 5.622165e-30   5.120080e-30   1.098062e+00
 8.607490e-30   5.770306e-30   1.491687e+00
 6.752761e-30   4.881422e-30   1.383359e+00
 7.703326e-30   5.002209e-30   1.539985e+00
 8.376470e-30   4.397851e-30   1.904674e+00
 7.103260e-30   4.698399e-30   1.511847e+00
 8.651496e-30   5.773517e-30   1.498479e+00
 1.110437e-29   4.485227e-30   2.475765e+00
 8.275968e-30   4.619919e-30   1.791367e+00
 8.689049e-30   4.955957e-30   1.753254e+00
 8.875452e-30   5.410830e-30   1.640313e+00
 8.690295e-30   5.273811e-30   1.647821e+00
 8.844410e-30   5.308731e-30   1.666012e+00
 7.704501e-30   5.356982e-30   1.438217e+00
 9.931024e-30   5.590027e-30   1.776561e+00
 1.000874e-29   4.631566e-30   2.160985e+00
 7.928735e-30   4.681848e-30   1.693506e+00
 8.237145e-30   4.592432e-30   1.793635e+00
 1.046635e-29   5.670582e-30   1.845728e+00
 1.038212e-29   4.265506e-30   2.433972e+00
 8.403755e-30   5.567705e-30   1.509375e+00
 9.030837e-30   4.715269e-30   1.915233e+00
 9.591615e-30   4.662858e-30   2.057025e+00
 7.929255e-30   4.501353e-30   1.761527e+00
 8.144383e-30   4.297707e-30   1.895053e+00
 1.278742e-29   3.648697e-30   3.504654e+00
 7.877743e-30   5.213767e-30   1.510950e+00
 8.920341e-30   4.905290e-30   1.818515e+00
 1.253288e-29   4.509347e-30   2.779312e+00
 8.198941e-30   5.948429e-30   1.378337e+00
 1.083308e-29   5.942790e-30   1.822894e+00
 8.354233e-30   5.221529e-30   1.599959e+00
 8.316348e-30   5.144092e-30   1.616679e+00
 1.022292e-29   5.555044e-30   1.840295e+00
 8.647044e-30   5.857585e-30   1.476213e+00
 7.993793e-30   5.245149e-30   1.524036e+00
 8.109622e-30   4.395633e-30   1.844927e+00
 1.114114e-29   4.435271e-30   2.511941e+00
 8.829665e-30   4.437869e-30   1.989618e+00
 1.161837e-29   4.480643e-30   2.593013e+00
 1.044176e-29   5.314075e-30   1.964924e+00
 8.956317e-30   4.859389e-30   1.843095e+00
 7.935981e-30   4.198205e-30   1.890327e+00
 8.381013e-30   4.691897e-30   1.786274e+00
 7.964481e-30   6.695090e-30   1.189600e+00
 1.061156e-29   3.865099e-30   2.745483e+00
 1.063639e-29   5.482537e-30   1.940048e+00
 8.947354e-30   4.818003e-30   1.857067e+00
 9.405138e-30   5.655392e-30   1.663039e+00
 7.061856e-30   4.364533e-30   1.618009e+00
 5.206897e-30   4.052624e-30   1.284821e+00
 1.055765e-29   4.541971e-30   2.324464e+00
 8.530239e-30   6.645950e-30   1.283524e+00
 7.537631e-30   5.381098e-30   1.400761e+00
 1.096473e-29   4.972485e-30   2.205081e+00
 8.265878e-30   4.802708e-30   1.721087e+00
 1.318404e-29   4.129540e-30   3.192618e+00
 9.095143e-30   6.305865e-30   1.442331e+00
 8.380697e-30   3.862601e-30   2.169703e+00
 8.640760e-30   5.991095e-30   1.442267e+00
 8.461589e-30   5.622268e-30   1.505014e+00
 8.829313e-30   5.584210e-30   1.581121e+00
 9.196408e-30   5.510394e-30   1.668920e+00
 9.076022e-30   6.755533e-30   1.343494e+00
 1.113566e-29   5.018313e-30   2.219005e+00
 9.200198e-30   4.199648e-30   2.190707e+00
 7.602813e-30   5.527490e-30   1.375455e+00
 8.232048e-30   5.197294e-30   1.583910e+00
 8.305754e-30   5.027093e-30   1.652198e+00
 8.496211e-30   3.980471e-30   2.134474e+00
 7.400230e-30   5.245600e-30   1.410750e+00
 1.195698e-29   3.789033e-30   3.155680e+00
 5.206897e-30   4.052624e-30   1.284821e+00
 9.294849e-30   4.006259e-30   2.320082e+00
 1.037866e-29   3.771559e-30   2.751823e+00
 1.040116e-29   5.652682e-30   1.840040e+00
 6.078339e-30   4.314301e-30   1.408882e+00
 5.789691e-30   4.158070e-30   1.392399e+00
 8.162711e-30   4.719938e-30   1.729411e+00
 7.436344e-30   5.204458e-30   1.428841e+00
 8.158606e-30   4.418591e-30   1.846427e+00
 8.258699e-30   4.802042e-30   1.719831e+00
 8.567896e-30   3.992859e-30   2.145805e+00
 7.808008e-30   4.859902e-30   1.606618e+00
 1.003155e-29   4.797698e-30   2.090909e+00
 8.358943e-30   4.404631e-30   1.897762e+00
 9.515712e-30   5.297943e-30   1.796115e+00
 8.572465e-30   4.175439e-30   2.053069e+00
 8.491116e-30   5.854455e-30   1.450368e+00
 7.665869e-30   4.784982e-30   1.602068e+00
 8.562215e-30   4.842892e-30   1.767996e+00
 8.202659e-30   4.488117e-30   1.827639e+00
 8.629666e-30   5.723847e-30   1.507669e+00
 8.509867e-30   5.063787e-30   1.680534e+00
 7.962874e-30   7.097707e-30   1.121894e+00
 9.978420e-30   6.546718e-30   1.524187e+00
 8.082538e-30   4.077585e-30   1.982187e+00
 6.498342e-30   5.980308e-30   1.086623e+00
 6.757242e-30   4.097750e-30   1.649013e+00
 9.069337e-30   3.654201e-30   2.481893e+00
 8.430786e-30   3.992877e-30   2.111456e+00
 6.758429e-30   5.150009e-30   1.312314e+00
 1.101132e-29   5.939322e-30   1.853970e+00
 8.411243e-30   4.219644e-30   1.993354e+00
 9.399556e-30   4.680693e-30   2.008155e+00
 8.458936e-30   4.570207e-30   1.850887e+00
 7.851215e-30   4.585521e-30   1.712175e+00
 5.789332e-30   4.157286e-30   1.392575e+00
 7.998419e-30   5.377076e-30   1.487503e+00
 8.580667e-30   4.173153e-30   2.056159e+00
 8.401957e-30   5.471408e-30   1.535611e+00
 8.588947e-30   6.071137e-30   1.414718e+00
 7.648388e-30   4.334674e-30   1.764467e+00
 1.089572e-29   4.718290e-30   2.309252e+00
 6.935067e-30   5.213208e-30   1.330288e+00
 1.123246e-29   4.091969e-30   2.745002e+00
 7.182327e-30   4.279057e-30   1.678484e+00
 8.854659e-30   5.211894e-30   1.698933e+00
 8.277544e-30   4.959393e-30   1.669064e+00
 8.251661e-30   4.303035e-30   1.917638e+00
 6.537423e-30   4.859319e-30   1.345337e+00
 8.896550e-30   5.899871e-30   1.507923e+00
 8.023851e-30   4.136488e-30   1.939774e+00
 8.359454e-30   5.402647e-30   1.547289e+00
 8.260598e-30   4.678533e-30   1.765638e+00
 7.397817e-30   5.109576e-30   1.447834e+00
 7.133373e-30   6.799937e-30   1.049035e+00
 9.736740e-30   5.449867e-30   1.786601e+00
 8.335771e-30   4.857767e-30   1.715967e+00
 7.960944e-30   4.295332e-30   1.853394e+00
 8.083063e-30   5.196597e-30   1.555453e+00
 8.609065e-30   4.376174e-30   1.967259e+00
 1.193954e-29   4.786327e-30   2.494511e+00
 7.668995e-30   4.429164e-30   1.731477e+00
 8.160208e-30   3.998894e-30   2.040616e+00
 8.211431e-30   4.228425e-30   1.941960e+00
 9.192688e-30   6.218796e-30   1.478210e+00
 8.274537e-30   4.576222e-30   1.808159e+00
 7.629576e-30   3.919768e-30   1.946435e+00
 8.586507e-30   5.961729e-30   1.440271e+00
 7.759045e-30   5.229324e-30   1.483757e+00
 8.324821e-30   5.089199e-30   1.635782e+00
 8.568784e-30   6.408367e-30   1.337124e+00
 9.061957e-30   5.078194e-30   1.784484e+00
 8.465275e-30   5.299170e-30   1.597472e+00
 1.106214e-29   5.143733e-30   2.150605e+00
 9.593275e-30   5.127386e-30   1.870988e+00
 1.191834e-29   5.190388e-30   2.296233e+00
 8.522142e-30   5.829752e-30   1.461836e+00
 9.217892e-30   5.146951e-30   1.790942e+00
 8.034974e-30   4.873631e-30   1.648663e+00
 9.255665e-30   4.993690e-30   1.853472e+00
 8.584105e-30   6.232990e-30   1.377205e+00
 7.660320e-30   5.518255e-30   1.388178e+00
 7.120496e-30   4.695820e-30   1.516348e+00
 8.283156e-30   5.046328e-30   1.641422e+00
 7.976659e-30   4.339301e-30   1.838236e+00
 7.679068e-30   5.763026e-30   1.332472e+00
 6.359858e-30   4.231294e-30   1.503053e+00
 1.089129e-29   3.919631e-30   2.778652e+00
 1.118436e-29   4.066606e-30   2.750292e+00
 1.017625e-29   4.685417e-30   2.171899e+00
 8.057828e-30   4.201508e-30   1.917842e+00
 8.688610e-30   5.334281e-30   1.628825e+00
 5.695878e-30   5.268762e-30   1.081066e+00
 7.794604e-30   4.655315e-30   1.674345e+00
 8.945899e-30   5.951967e-30   1.503016e+00
 8.911173e-30   4.728117e-30   1.884719e+00
 8.488662e-30   6.369114e-30   1.332785e+00
 9.113687e-30   5.501855e-30   1.656475e+00
 8.541877e-30   5.365248e-30   1.592075e+00
 8.067849e-30   5.126972e-30   1.573609e+00
 9.639835e-30   4.262560e-30   2.261513e+00
 7.962828e-30   4.560594e-30   1.746007e+00
 8.507048e-30   4.477371e-30   1.900010e+00
 8.887831e-30   4.964854e-30   1.790150e+00
 8.335638e-30   5.829872e-30   1.429815e+00
 1.132814e-29   4.418972e-30   2.563525e+00
 8.684108e-30   5.770017e-30   1.505040e+00
 7.955118e-30   4.614503e-30   1.723938e+00
 8.458163e-30   5.310088e-30   1.592848e+00
 8.285883e-30   5.127538e-30   1.615957e+00
 7.359313e-30   4.792154e-30   1.535700e+00
 1.120547e-29   5.720086e-30   1.958968e+00
 1.108809e-29   5.058820e-30   2.191834e+00
 5.809345e-30   5.118139e-30   1.135050e+00
 8.634888e-30   5.225879e-30   1.652332e+00
 8.283484e-30   4.832059e-30   1.714276e+00
 8.547184e-30   4.387358e-30   1.948139e+00
 8.989888e-30   4.924319e-30   1.825611e+00
 8.405167e-30   5.058670e-30   1.661537e+00
 1.078760e-29   6.000723e-30   1.797717e+00
 9.376185e-30   5.105941e-30   1.836328e+00
 9.248677e-30   4.492154e-30   2.058851e+00
 9.590103e-30   5.122403e-30   1.872189e+00
 1.089295e-29   3.716316e-30   2.931115e+00
 8.137065e-30   5.322848e-30   1.528705e+00
 8.258025e-30   4.534318e-30   1.821227e+00
 7.811942e-30   4.274744e-30   1.827464e+00
 6.019433e-30   4.781943e-30   1.258784e+00
 7.725783e-30   4.347865e-30   1.776914e+00
 1.038972e-29   6.099487e-30   1.703375e+00
 5.812702e-30   5.379598e-30   1.080509e+00
 9.019556e-30   4.889739e-30   1.844589e+00
 5.384672e-30   3.922535e-30   1.372753e+00
 7.909409e-30   4.370648e-30   1.809665e+00
 8.066643e-30   3.214986e-30   2.509075e+00
 7.852510e-30   5.299623e-30   1.481711e+00
 1.000306e-29   4.826160e-30   2.072676e+00
 8.156256e-30   5.029258e-30   1.621761e+00
 7.338172e-30   5.748468e-30   1.276544e+00
 8.358686e-30   6.050459e-30   1.381496e+00
 7.844981e-30   5.744092e-30   1.365748e+00
 6.961705e-30   6.555361e-30   1.061987e+00
 8.573533e-30   4.819070e-30   1.779084e+00
 7.997883e-30   4.572626e-30   1.749079e+00
 8.490954e-30   5.707831e-30   1.487597e+00
 6.814763e-30   5.884082e-30   1.158169e+00
 8.576894e-30   4.009900e-30   2.138930e+00
 7.563546e-30   6.993491e-30   1.081512e+00
 7.560228e-30   5.149740e-30   1.468080e+00
 8.256177e-30   4.202260e-30   1.964700e+00
 8.123850e-30   5.153919e-30   1.576247e+00
 8.034408e-30   4.138142e-30   1.941550e+00
 7.898939e-30   4.908346e-30   1.609287e+00
 7.468996e-30   5.128067e-30   1.456494e+00
 8.382450e-30   5.163220e-30   1.623493e+00
 5.820286e-30   4.007277e-30   1.452429e+00
 8.565365e-30   6.168204e-30   1.388632e+00
 8.001535e-30   5.093669e-30   1.570879e+00
 8.271907e-30   5.001845e-30   1.653771e+00
 1.176850e-29   4.032633e-30   2.918316e+00
 9.429843e-30   4.641489e-30   2.031642e+00
 8.648754e-30   4.555967e-30   1.898335e+00
 8.468414e-30   5.056532e-30   1.674747e+00
 9.013413e-30   5.327239e-30   1.691948e+00
 9.134006e-30   6.132080e-30   1.489545e+00
 8.338857e-30   5.282798e-30   1.578493e+00
 9.186247e-30   4.916488e-30   1.868457e+00
 8.792722e-30   5.189409e-30   1.694359e+00
 8.609968e-30   4.143716e-30   2.077838e+00
 8.180241e-30   4.497204e-30   1.818961e+00
 7.950385e-30   3.907969e-30   2.034403e+00
 1.070437e-29   4.686348e-30   2.284161e+00
 6.594089e-30   5.184683e-30   1.271840e+00
 8.004492e-30   5.059761e-30   1.581990e+00
 8.330443e-30   5.097197e-30   1.634318e+00
 7.916391e-30   6.482085e-30   1.221272e+00
 1.109471e-29   4.039943e-30   2.746254e+00
 9.314627e-30   6.710704e-30   1.388025e+00
 8.433443e-30   4.797973e-30   1.757709e+00
 8.328481e-30   6.119571e-30   1.360958e+00
 6.953613e-30   4.787529e-30   1.452443e+00
 9.566325e-30   4.890633e-30   1.956050e+00
 8.462758e-30   5.372611e-30   1.575167e+00
 7.465172e-30   4.494091e-30   1.661108e+00
 8.665723e-30   3.856425e-30   2.247087e+00
 7.158185e-30   4.298100e-30   1.665430e+00
 7.890983e-30   5.194144e-30   1.519208e+00
 8.574834e-30   6.068303e-30   1.413053e+00
 1.025923e-29   4.943955e-30   2.075105e+00
 8.205063e-30   5.240980e-30   1.565559e+00
 7.862449e-30   4.418641e-30   1.779382e+00
 8.374414e-30   4.454308e-30   1.880071e+00
 1.025451e-29   5.066433e-30   2.024009e+00
 8.347135e-30   4.996649e-30   1.670547e+00
 8.606114e-30   6.052277e-30   1.421963e+00
 8.811902e-30   4.892979e-30   1.800928e+00
 8.311850e-30   5.049610e-30   1.646038e+00
 8.050008e-30   4.114354e-30   1.956566e+00
 1.020752e-29   4.794404e-30   2.129049e+00
 8.319033e-30   5.038385e-30   1.651131e+00
 1.015318e-29   3.703572e-30   2.741457e+00
 8.780787e-30   4.767553e-30   1.841781e+00
 8.744925e-30   4.365918e-30   2.002998e+00
 8.321051e-30   4.425748e-30   1.880146e+00
 8.352529e-30   5.213031e-30   1.602240e+00
 5.009767e-30   4.797674e-30   1.044208e+00
 8.026308e-30   4.317048e-30   1.859212e+00
 8.491361e-30   5.606754e-30   1.514488e+00
 8.272261e-30   5.171525e-30   1.599579e+00
 1.074293e-29   4.011723e-30   2.677884e+00
 9.069265e-30   4.888643e-30   1.855170e+00
 1.015039e-29   4.455546e-30   2.278147e+00
 7.940506e-30   4.684229e-30   1.695157e+00
 8.592322e-30   4.470640e-30   1.921945e+00
 9.039017e-30   4.948017e-30   1.826796e+00
 8.055993e-30   3.883192e-30   2.074580e+00
 8.565610e-30   5.677277e-30   1.508753e+00
 7.498953e-30   4.422440e-30   1.695660e+00
 5.789086e-30   4.821428e-30   1.200699e+00
 9.589467e-30   4.264829e-30   2.248500e+00
 8.120667e-30   4.869416e-30   1.667688e+00
 8.736900e-30   5.611748e-30   1.556894e+00
 8.074663e-30   4.539665e-30   1.778691e+00
 7.424463e-30   4.464369e-30   1.663049e+00
 6.715043e-30   4.625208e-30   1.451836e+00
 8.349415e-30   5.234779e-30   1.594989e+00
 8.089871e-30   4.857110e-30   1.665573e+00
 1.081207e-29   4.937523e-30   2.189777e+00
 9.461592e-30   4.036253e-30   2.344152e+00
 8.525963e-30   5.181489e-30   1.645466e+00
 7.352919e-30   5.323978e-30   1.381095e+00
 1.008491e-29   4.563063e-30   2.210119e+00
 1.106839e-29   5.101800e-30   2.169508e+00
 8.086215e-30   4.832373e-30   1.673343e+00
 8.814993e-30   4.659358e-30   1.891890e+00
 1.510890e-29   4.384707e-30   3.445817e+00
 1.020212e-29   4.487252e-30   2.273578e+00
 6.142313e-30   3.610163e-30   1.701395e+00
 8.350316e-30   3.695538e-30   2.259567e+00
 7.156562e-30   4.788878e-30   1.494413e+00
 9.044031e-30   5.130212e-30   1.762896e+00
 8.212353e-30   4.923239e-30   1.668079e+00
 8.194463e-30   4.692818e-30   1.746171e+00
 1.105090e-29   4.990808e-30   2.214250e+00
 8.697863e-30   4.783726e-30   1.818219e+00
 8.259507e-30   4.927416e-30   1.676235e+00
 7.843937e-30   5.373428e-30   1.459764e+00
 8.780112e-30   4.490663e-30   1.955193e+00
 8.193594e-30   4.587929e-30   1.785903e+00
 6.204547e-30   5.145276e-30   1.205872e+00
 7.026131e-30   4.388911e-30   1.600883e+00
 7.826205e-30   4.485734e-30   1.744688e+00
 9.605443e-30   5.099848e-30   1.883476e+00
 8.167498e-30   5.027752e-30   1.624483e+00
 8.330109e-30   4.383147e-30   1.900486e+00
 8.595017e-30   5.571318e-30   1.542726e+00
 6.783242e-30   5.679258e-30   1.194389e+00
 7.782286e-30   4.497812e-30   1.730238e+00
 7.838887e-30   4.683615e-30   1.673683e+00
 7.532673e-30   5.296043e-30   1.422321e+00
 7.858252e-30   4.594726e-30   1.710276e+00
 8.322152e-30   5.849340e-30   1.422751e+00
 1.082604e-29   4.806290e-30   2.252473e+00
 7.891419e-30   5.125363e-30   1.539680e+00
 8.258902e-30   5.691917e-30   1.450988e+00
 7.075689e-30   4.364654e-30   1.621134e+00
 7.032039e-30   4.892267e-30   1.437378e+00
 1.056192e-29   3.931817e-30   2.686269e+00
 7.656976e-30   4.735111e-30   1.617064e+00
 8.725562e-30   4.512178e-30   1.933781e+00
 6.262050e-30   4.313770e-30   1.451642e+00
 8.652380e-30   5.081052e-30   1.702872e+00
 7.907799e-30   4.593669e-30   1.721456e+00
 7.915733e-30   4.007215e-30   1.975370e+00
 9.792261e-30   4.700286e-30   2.083333e+00
 8.586741e-30   4.722500e-30   1.818262e+00
 6.979685e-30   4.534439e-30   1.539261e+00
 1.019995e-29   5.017727e-30   2.032783e+00
 8.872721e-30   4.707323e-30   1.884876e+00
 8.697216e-30   4.396716e-30   1.978116e+00
 8.111642e-30   4.227068e-30   1.918976e+00
 8.335971e-30   4.857782e-30   1.716004e+00
 8.812277e-30   4.961882e-30   1.775995e+00
 1.163017e-29   4.470549e-30   2.601508e+00
 9.178752e-30   5.217515e-30   1.759219e+00
 7.198470e-30   3.845769e-30   1.871790e+00
 1.025266e-29   4.084075e-30   2.510401e+00
 7.098080e-30   3.993865e-30   1.777246e+00
 5.157954e-30   3.681937e-30   1.400880e+00
 8.260759e-30   4.627239e-30   1.785246e+00
 8.153675e-30   4.393001e-30   1.856060e+00
 8.172141e-30   4.487590e-30   1.821054e+00
 7.779201e-30   4.700315e-30   1.655038e+00
 6.848598e-30   4.859929e-30   1.409197e+00
 7.846072e-30   5.965943e-30   1.315144e+00
 7.521028e-30   4.674278e-30   1.609025e+00
 7.458046e-30   5.100291e-30   1.462279e+00
 8.246064e-30   4.343004e-30   1.898700e+00
 7.967188e-30   5.099348e-30   1.562393e+00
 8.343300e-30   5.122266e-30   1.628830e+00
 9.517678e-30   4.734860e-30   2.010129e+00
 8.278590e-30   5.049189e-30   1.639588e+00
 9.102053e-30   4.724079e-30   1.926736e+00
 1.098167e-29   4.364893e-30   2.515908e+00
 9.692699e-30   4.761460e-30   2.035657e+00
 8.977793e-30   4.908293e-30   1.829107e+00
 6.473068e-30   4.427202e-30   1.462113e+00
 1.094208e-29   4.882757e-30   2.240963e+00
 7.076185e-30   4.572376e-30   1.547595e+00
 7.049248e-30   4.724573e-30   1.492039e+00
 8.311970e-30   4.180559e-30   1.988244e+00
 1.021776e-29   7.084118e-30   1.442347e+00
 7.621817e-30   5.390293e-30   1.413989e+00
 7.843173e-30   5.489587e-30   1.428736e+00
 7.861297e-30   4.432630e-30   1.773506e+00
 9.118928e-30   4.595245e-30   1.984427e+00
 8.442946e-30   4.690168e-30   1.800137e+00
 8.256840e-30   4.248786e-30   1.943341e+00
 6.243435e-30   3.852237e-30   1.620730e+00
 1.070869e-29   4.629678e-30   2.313054e+00
 8.423198e-30   4.414734e-30   1.907974e+00
 8.327225e-30   5.392922e-30   1.544103e+00
 1.109842e-29   4.549770e-30   2.439336e+00
 1.060896e-29   4.616151e-30   2.298227e+00
 8.643809e-30   5.818197e-30   1.485651e+00
 8.869295e-30   6.176716e-30   1.435924e+00
 1.048675e-29   6.376334e-30   1.644636e+00
 5.583403e-30   4.843554e-30   1.152749e+00
 8.717913e-30   4.252969e-30   2.049841e+00
 8.544464e-30   4.507114e-30   1.895773e+00
 1.498591e-29   3.554547e-30   4.215984e+00
 7.022320e-30   4.360998e-30   1.610255e+00
 1.177726e-29   4.154013e-30   2.835151e+00
 6.998050e-30   6.470127e-30   1.081594e+00
 8.912897e-30   5.733254e-30   1.554597e+00
 8.578590e-30   4.700614e-30   1.824993e+00
 1.108492e-29   4.970565e-30   2.230112e+00
 8.677728e-30   4.478213e-30   1.937766e+00
 7.758099e-30   5.128376e-30   1.512779e+00
 6.127858e-30   4.850951e-30   1.263228e+00
 7.822937e-30   4.336108e-30   1.804138e+00
 9.114491e-30   4.814876e-30   1.892986e+00
 8.660870e-30   4.422876e-30   1.958198e+00
 8.851717e-30   6.055333e-30   1.461805e+00
 1.146373e-29   4.763861e-30   2.406394e+00
 8.290311e-30   5.062724e-30   1.637520e+00
 8.258041e-30   5.294645e-30   1.559697e+00
 1.084301e-29   4.095665e-30   2.647436e+00
 7.217549e-30   4.511684e-30   1.599746e+00
 8.004523e-30   5.407047e-30   1.480387e+00
 8.514715e-30   4.443845e-30   1.916070e+00
 9.501315e-30   7.015865e-30   1.354261e+00
 1.127451e-29   5.321605e-30   2.118629e+00
 8.276733e-30   5.273896e-30   1.569377e+00
 5.066789e-30   4.783879e-30   1.059138e+00
 1.039401e-29   5.349391e-30   1.943028e+00
 8.549722e-30   5.500516e-30   1.554349e+00
 8.674007e-30   5.130732e-30   1.690598e+00
 8.369909e-30   4.547134e-30   1.840700e+00
 1.108494e-29   4.719672e-30   2.348668e+00
 6.779258e-30   5.063861e-30   1.338753e+00
 8.342641e-30   4.567436e-30   1.826548e+00
 7.323468e-30   4.433316e-30   1.651916e+00
 7.473050e-30   4.499704e-30   1.660787e+00
 1.034251e-29   3.878957e-30   2.666311e+00
 8.478710e-30   4.962920e-30   1.708411e+00
 1.045872e-29   4.253245e-30   2.458998e+00
 8.061684e-30   4.486649e-30   1.796816e+00
 9.996954e-30   4.970555e-30   2.011235e+00
 1.059551e-29   4.520852e-30   2.343698e+00
 7.191039e-30   3.878947e-30   1.853864e+00
 8.846559e-30   4.541170e-30   1.948079e+00
 1.078676e-29   5.113489e-30   2.109471e+00
 7.390163e-30   4.696791e-30   1.573449e+00
 8.317146e-30   5.147092e-30   1.615892e+00
 8.381188e-30   4.701772e-30   1.782559e+00
 5.551139e-30   4.261390e-30   1.302659e+00
 8.035432e-30   4.260313e-30   1.886113e+00
 9.803212e-30   4.554571e-30   2.152390e+00
 8.051726e-30   4.347546e-30   1.852016e+00
 8.520812e-30   4.886768e-30   1.743650e+00
 8.231604e-30   5.943597e-30   1.384953e+00
 9.019383e-30   5.695427e-30   1.583618e+00
 8.163149e-30   5.499756e-30   1.484275e+00
 8.884453e-30   4.905492e-30   1.811124e+00
 1.213395e-29   5.173206e-30   2.345538e+00
 8.131132e-30   5.120254e-30   1.588033e+00
 8.110483e-30   4.217927e-30   1.922860e+00
 8.672907e-30   5.258718e-30   1.649244e+00
 7.564683e-30   4.680873e-30   1.616084e+00
 8.315979e-30   4.811506e-30   1.728353e+00
 1.059551e-29   4.520852e-30   2.343698e+00
 8.337567e-30   4.909053e-30   1.698406e+00
 6.252351e-30   5.199497e-30   1.202492e+00
 6.920353e-30   4.344949e-30   1.592735e+00
 1.125465e-29   4.874738e-30   2.308770e+00
 8.022519e-30   4.331003e-30   1.852347e+00
 7.589541e-30   4.907481e-30   1.546525e+00
 9.123087e-30   4.719062e-30   1.933241e+00
 7.756187e-30   4.382831e-30   1.769675e+00
 8.572095e-30   4.497647e-30   1.905907e+00
 7.615360e-30   5.561951e-30   1.369189e+00
 8.794091e-30   5.024299e-30   1.750312e+00
 8.250255e-30   4.800296e-30   1.718697e+00
 7.535138e-30   3.788933e-30   1.988723e+00
 9.982703e-30   4.073271e-30   2.450783e+00
 8.475299e-30   5.053377e-30   1.677156e+00
 8.929435e-30   4.338322e-30   2.058269e+00
 8.153349e-30   4.913263e-30   1.659457e+00
 8.547927e-30   5.285922e-30   1.617112e+00
 8.890248e-30   4.556480e-30   1.951122e+00
 9.463946e-30   3.890629e-30   2.432498e+00
 7.637114e-30   4.067571e-30   1.877561e+00
 7.440828e-30   4.291711e-30   1.733767e+00
 8.132849e-30   5.086390e-30   1.598943e+00
 8.452790e-30   5.388516e-30   1.568667e+00
 1.267128e-29   5.432241e-30   2.332607e+00
 8.131755e-30   4.097606e-30   1.984513e+00
 9.040491e-30   4.794527e-30   1.885586e+00
 9.378892e-30   5.089924e-30   1.842639e+00
 8.096187e-30   5.198246e-30   1.557484e+00
 8.333750e-30   4.676030e-30   1.782228e+00
 6.258168e-30   4.393893e-30   1.424288e+00
 7.543594e-30   4.732429e-30   1.594022e+00
 8.765873e-30   6.005561e-30   1.459626e+00
 8.132527e-30   4.264347e-30   1.907098e+00
 1.072630e-29   4.850472e-30   2.211393e+00
 8.154521e-30   4.069828e-30   2.003653e+00
 7.738139e-30   5.489912e-30   1.409520e+00
 8.755326e-30   4.595049e-30   1.905383e+00
 1.016882e-29   5.058828e-30   2.010113e+00
 7.929953e-30   6.361938e-30   1.246468e+00
 6.740986e-30   4.611942e-30   1.461637e+00
 9.495507e-30   5.256106e-30   1.806567e+00
 7.773684e-30   6.571006e-30   1.183028e+00
 9.413025e-30   5.850440e-30   1.608943e+00
 8.474687e-30   5.744464e-30   1.475279e+00
 1.086399e-29   3.858638e-30   2.815497e+00
 8.935778e-30   6.025178e-30   1.483073e+00
 8.493808e-30   5.437233e-30   1.562156e+00
 6.883312e-30   4.668608e-30   1.474382e+00
 8.581397e-30   4.489581e-30   1.911402e+00
 8.520485e-30   5.824595e-30   1.462846e+00
 7.549204e-30   4.020475e-30   1.877689e+00
 1.077630e-29   6.335294e-30   1.700995e+00
 1.039868e-29   4.447233e-30   2.338236e+00
 7.209391e-30   6.207455e-30   1.161409e+00
 8.276938e-30   4.288838e-30   1.929879e+00
 9.184082e-30   5.145660e-30   1.784821e+00
 8.311932e-30   5.662602e-30   1.467864e+00
 7.872528e-30   3.800431e-30   2.071483e+00
 8.170678e-30   4.403345e-30   1.855562e+00
 7.877530e-30   3.907456e-30   2.016025e+00
 8.611603e-30   6.200224e-30   1.388918e+00
 9.037080e-30   5.669259e-30   1.594050e+00
 7.996552e-30   3.942268e-30   2.028414e+00
 8.657076e-30   4.425692e-30   1.956095e+00
 1.103312e-29   4.386697e-30   2.515131e+00
 8.085059e-30   5.556622e-30   1.455031e+00
 9.151375e-30   5.675590e-30   1.612409e+00
 8.233504e-30   5.548001e-30   1.484049e+00
 8.183697e-30   6.592364e-30   1.241390e+00
 9.828083e-30   3.640264e-30   2.699827e+00
 8.088806e-30   4.437023e-30   1.823026e+00
 7.985804e-30   5.048881e-30   1.581698e+00
 8.357460e-30   4.011804e-30   2.083218e+00
 7.505433e-30   4.208942e-30   1.783211e+00
 8.068556e-30   4.870740e-30   1.656536e+00
 8.264916e-30   4.685529e-30   1.763924e+00
 7.890433e-30   3.940675e-30   2.002305e+00
 8.003194e-30   6.615078e-30   1.209841e+00
 8.057619e-30   5.206580e-30   1.547584e+00
 1.056114e-29   4.919762e-30   2.146676e+00
 6.009564e-30   4.663583e-30   1.288615e+00
 7.452096e-30   5.088985e-30   1.464358e+00
 7.771134e-30   5.477680e-30   1.418691e+00
 1.030635e-29   5.309351e-30   1.941170e+00
 7.104342e-30   5.678814e-30   1.251026e+00
 9.870318e-30   3.306268e-30   2.985335e+00
 1.052280e-29   4.685122e-30   2.246003e+00
 1.113796e-29   5.583050e-30   1.994959e+00
 1.071950e-29   4.744428e-30   2.259388e+00
 7.563392e-30   4.452242e-30   1.698783e+00
 8.806761e-30   5.085345e-30   1.731792e+00
 1.098098e-29   5.730281e-30   1.916307e+00
 7.971651e-30   4.384861e-30   1.817994e+00
 8.970160e-30   5.634886e-30   1.591897e+00
 1.012899e-29   5.528957e-30   1.831989e+00
 6.923863e-30   4.427483e-30   1.563837e+00
 8.657008e-30   4.425698e-30   1.956077e+00
 8.558448e-30   5.184068e-30   1.650914e+00
 7.766106e-30   5.133452e-30   1.512843e+00
 1.108809e-29   5.058820e-30   2.191834e+00
 6.651233e-30   5.088595e-30   1.307086e+00
 7.787989e-30   3.966262e-30   1.963559e+00
 8.175531e-30   3.735305e-30   2.188719e+00
 1.037041e-29   4.633425e-30   2.238174e+00
 8.252131e-30   5.558105e-30   1.484702e+00
 1.023421e-29   3.937246e-30   2.599333e+00
 8.384927e-30   4.497231e-30   1.864464e+00
 7.769173e-30   4.121890e-30   1.884857e+00
 1.302371e-29   5.434680e-30   2.396408e+00
 7.763458e-30   4.426522e-30   1.753851e+00
 7.535138e-30   3.788934e-30   1.988723e+00
 1.102829e-29   5.355275e-30   2.059332e+00
 9.357981e-30   5.421854e-30   1.725974e+00
 8.925440e-30   5.298827e-30   1.684418e+00
 7.848216e-30   5.387930e-30   1.456629e+00
 8.397926e-30   4.032065e-30   2.082786e+00
 5.301894e-30   4.894157e-30   1.083311e+00
 7.950731e-30   4.144528e-30   1.918368e+00
 8.447783e-30   5.573836e-30   1.515614e+00
 5.550065e-30   4.649962e-30   1.193572e+00
 7.937108e-30   4.640027e-30   1.710574e+00
 1.005859e-29   4.778141e-30   2.105127e+00
 1.037773e-29   6.333978e-30   1.638423e+00
 8.289365e-30   5.047452e-30   1.642287e+00
 1.019941e-29   3.981602e-30   2.561635e+00
 8.312409e-30   4.747104e-30   1.751049e+00
 8.391469e-30   5.125679e-30   1.637143e+00
 5.066789e-30   4.783879e-30   1.059138e+00
 6.695037e-30   4.192265e-30   1.596997e+00
 8.355963e-30   5.673838e-30   1.472718e+00
 8.427014e-30   5.390222e-30   1.563389e+00
 1.109179e-29   4.889824e-30   2.268342e+00
 8.549555e-30   5.785209e-30   1.477830e+00
 5.544501e-30   4.869558e-30   1.138605e+00
 7.843343e-30   4.975694e-30   1.576331e+00
 8.005011e-30   4.335509e-30   1.846383e+00
 8.178422e-30   4.623586e-30   1.768848e+00
 7.862524e-30   4.418624e-30   1.779406e+00
 7.943897e-30   4.480891e-30   1.772839e+00
 8.188488e-30   5.240785e-30   1.562455e+00
 9.916534e-30   4.753611e-30   2.086106e+00
 1.140347e-29   4.274941e-30   2.667516e+00
 8.052677e-30   4.390289e-30   1.834202e+00
 8.776348e-30   5.141587e-30   1.706934e+00
 9.016041e-30   4.382882e-30   2.057103e+00
 6.964705e-30   5.666778e-30   1.229041e+00
 7.334845e-30   4.537243e-30   1.616586e+00
 7.121788e-30   5.232420e-30   1.361089e+00
 8.793213e-30   4.479814e-30   1.962852e+00
 6.988015e-30   4.379243e-30   1.595713e+00
 8.794980e-30   4.923650e-30   1.786272e+00
 9.956077e-30   6.306670e-30   1.578658e+00
 7.005677e-30   5.249824e-30   1.334459e+00
 1.091112e-29   5.049309e-30   2.160914e+00
 6.556674e-30   4.898448e-30   1.338521e+00
 8.713503e-30   4.783960e-30   1.821400e+00
 9.639480e-30   5.322079e-30   1.811224e+00
 8.448514e-30   4.066258e-30   2.077712e+00
 8.581504e-30   6.096954e-30   1.407507e+00
 8.190783e-30   4.759200e-30   1.721042e+00
 9.715498e-30   4.547748e-30   2.136331e+00
 8.140726e-30   4.809508e-30   1.692632e+00
 9.545927e-30   4.761709e-30   2.004727e+00
 8.945899e-30   5.951967e-30   1.503016e+00
 5.559535e-30   5.151009e-30   1.079310e+00
 9.872973e-30   4.349480e-30   2.269920e+00
 1.002549e-29   4.928808e-30   2.034060e+00
 8.372417e-30   6.678212e-30   1.253691e+00
 8.915600e-30   5.680122e-30   1.569614e+00
 8.395092e-30   5.406519e-30   1.552772e+00
 7.996933e-30   4.187979e-30   1.909497e+00
 7.362157e-30   5.303847e-30   1.388079e+00
 7.420353e-30   4.736289e-30   1.566702e+00
 8.152023e-30   4.787322e-30   1.702836e+00
 8.540369e-30   5.844988e-30   1.461144e+00
 8.158606e-30   4.418591e-30   1.846427e+00
 8.184243e-30   4.615359e-30   1.773263e+00
 8.236675e-30   4.761056e-30   1.730010e+00
 9.508099e-30   5.184763e-30   1.833854e+00
 8.573533e-30   4.819070e-30   1.779084e+00
 8.767317e-30   4.166304e-30   2.104339e+00
 8.387668e-30   4.557180e-30   1.840539e+00
 5.520965e-30   4.890385e-30   1.128943e+00
 7.813457e-30   4.399846e-30   1.775848e+00
 8.769399e-30   5.869978e-30   1.493941e+00
 9.154708e-30   4.224269e-30   2.167170e+00
 9.169088e-30   5.514110e-30   1.662841e+00
 8.448588e-30   5.546261e-30   1.523294e+00
 7.027312e-30   4.325215e-30   1.624731e+00
 8.870731e-30   5.216263e-30   1.700591e+00
