 2.077369e-30   1.421782e-29   1.461102e-01
 6.254391e-30   1.343979e-29   4.653637e-01
 7.952198e-30   1.260867e-29   6.306930e-01
 3.574137e-30   9.641784e-30   3.706925e-01
 6.103490e-30   1.241011e-29   4.918158e-01
 6.752155e-30   1.447164e-29   4.665785e-01
 3.998397e-30   1.278262e-29   3.127994e-01
 1.888314e-30   1.411843e-29   1.337481e-01
 3.904366e-30   1.164446e-29   3.352983e-01
 3.894321e-30   9.943545e-30   3.916432e-01
 6.052615e-31   9.963290e-30   6.074916e-02
 3.510575e-30   1.444528e-29   2.430257e-01
 4.862607e-30   1.098353e-29   4.427181e-01
 3.941947e-30   1.387447e-29   2.841151e-01
 4.465359e-30   1.149818e-29   3.883537e-01
 6.897434e-30   1.711663e-29   4.029668e-01
 4.733273e-30   1.112285e-29   4.255449e-01
 5.684449e-30   1.473065e-29   3.858927e-01
 6.592187e-30   1.175439e-29   5.608279e-01
-1.326963e-31   1.756387e-29  -7.555069e-03
 3.565767e-30   1.298209e-29   2.746683e-01
 3.559911e-30   1.301673e-29   2.734873e-01
 5.322619e-30   1.009227e-29   5.273957e-01
 3.152543e-30   1.578869e-29   1.996709e-01
 2.595291e-30   1.179926e-29   2.199537e-01
 3.700864e-30   1.491925e-29   2.480596e-01
 5.918468e-30   1.068823e-29   5.537367e-01
 6.120423e-30   1.422145e-29   4.303655e-01
-5.751262e-31   1.317955e-29  -4.363777e-02
 4.502509e-30   1.264209e-29   3.561524e-01
 1.046064e-30   1.342184e-29   7.793746e-02
 5.754214e-30   1.268468e-29   4.536349e-01
 3.653715e-30   1.408458e-29   2.594123e-01
 5.403560e-30   1.156446e-29   4.672558e-01
 5.518632e-30   1.819960e-29   3.032282e-01
 5.838362e-30   8.498394e-30   6.869959e-01
 3.782831e-30   1.366622e-29   2.768016e-01
 2.563655e-30   1.145945e-29   2.237154e-01
 1.366262e-30   1.041561e-29   1.311744e-01
 3.528025e-30   1.727590e-29   2.042166e-01
 5.433544e-30   1.611284e-29   3.372183e-01
 3.093228e-30   1.498287e-29   2.064510e-01
 5.050587e-30   1.592310e-29   3.171862e-01
 2.029205e-30   1.095954e-29   1.851543e-01
 1.336981e-30   1.185890e-29   1.127407e-01
 3.798897e-30   1.232764e-29   3.081610e-01
 2.941384e-30   1.270911e-29   2.314391e-01
 1.444976e-29   1.269251e-29   1.138448e+00
 4.906799e-30   1.252776e-29   3.916741e-01
 4.666998e-30   1.198907e-29   3.892709e-01
 1.088049e-30   9.111393e-30   1.194164e-01
-3.859716e-30   1.366151e-29  -2.825248e-01
-9.783179e-31   1.328948e-29  -7.361594e-02
 5.904071e-30   1.004182e-29   5.879484e-01
 5.280382e-30   1.094319e-29   4.825266e-01
 2.851442e-30   1.466866e-29   1.943901e-01
 6.350293e-30   1.174816e-29   5.405352e-01
 3.955750e-31   1.758202e-29   2.249883e-02
 4.861592e-30   1.270135e-29   3.827619e-01
 5.397775e-30   1.423104e-29   3.792959e-01
 1.823859e-30   1.417484e-29   1.286687e-01
 5.165685e-30   1.177219e-29   4.388042e-01
 5.194911e-30   1.031770e-29   5.034949e-01
 1.901770e-30   8.738850e-30   2.176224e-01
 2.880577e-30   1.492439e-29   1.930113e-01
-9.056877e-32   1.218731e-29  -7.431403e-03
 4.659478e-30   1.265655e-29   3.681477e-01
 2.443239e-30   1.284595e-29   1.901952e-01
 2.881319e-30   1.192097e-29   2.417017e-01
 5.215141e-30   1.143138e-29   4.562125e-01
 5.324659e-30   1.818088e-29   2.928714e-01
 7.149623e-30   1.234366e-29   5.792143e-01
 1.776539e-30   1.611061e-29   1.102714e-01
 1.727202e-30   9.803116e-30   1.761891e-01
 4.333838e-30   1.461986e-29   2.964351e-01
 1.493763e-30   9.452859e-30   1.580223e-01
 9.483197e-31   9.879932e-30   9.598444e-02
 2.412523e-30   8.127521e-30   2.968338e-01
 1.867933e-30   1.404794e-29   1.329685e-01
 4.943884e-30   1.179293e-29   4.192245e-01
 3.132139e-30   1.372999e-29   2.281239e-01
 2.785841e-30   1.031314e-29   2.701255e-01
 5.623816e-30   1.698209e-29   3.311615e-01
 5.178341e-30   1.151103e-29   4.498588e-01
 5.759372e-30   9.313826e-30   6.183680e-01
 5.295506e-30   1.608579e-29   3.292041e-01
 2.169603e-30   1.380700e-29   1.571380e-01
 3.668511e-30   1.578672e-29   2.323796e-01
 2.136132e-30   1.419755e-29   1.504578e-01
 4.160132e-30   1.064158e-29   3.909318e-01
 3.540341e-30   1.108504e-29   3.193801e-01
 4.709364e-30   1.306101e-29   3.605665e-01
 4.885473e-30   1.104596e-29   4.422859e-01
 4.525551e-30   1.286151e-29   3.518678e-01
 3.911482e-30   1.034001e-29   3.782862e-01
 2.720688e-30   1.517406e-29   1.792986e-01
 5.286379e-30   1.114287e-29   4.744179e-01
 5.922388e-30   9.565653e-30   6.191306e-01
 6.282141e-30   1.003043e-29   6.263085e-01
 5.345902e-30   1.758506e-29   3.040025e-01
 3.871735e-30   1.296654e-29   2.985942e-01
-9.192966e-32   1.350850e-29  -6.805322e-03
 1.989340e-30   1.567601e-29   1.269035e-01
 9.730959e-31   9.370821e-30   1.038432e-01
 4.067095e-30   1.413387e-29   2.877553e-01
 8.736882e-30   1.333696e-29   6.550881e-01
 7.152273e-32   1.157929e-29   6.176781e-03
 7.876374e-31   1.333186e-29   5.907931e-02
 2.982192e-30   1.468295e-29   2.031057e-01
 1.831145e-30   1.456559e-29   1.257172e-01
 5.450072e-30   1.018032e-29   5.353538e-01
 2.657282e-30   9.002050e-30   2.951863e-01
 3.362705e-30   1.367723e-29   2.458616e-01
 3.556163e-30   1.341466e-29   2.650954e-01
 2.192226e-30   1.287070e-29   1.703269e-01
 5.333506e-30   1.763301e-29   3.024729e-01
 1.304509e-30   1.357802e-29   9.607502e-02
 4.309738e-30   9.452935e-30   4.559153e-01
 4.327372e-30   1.465485e-29   2.952860e-01
 8.605129e-30   1.130753e-29   7.610085e-01
 5.611126e-30   1.214756e-29   4.619137e-01
-1.060342e-30   1.542608e-29  -6.873698e-02
 3.744082e-30   1.402771e-29   2.669062e-01
 3.073686e-30   1.291867e-29   2.379260e-01
 6.539347e-30   1.509956e-29   4.330821e-01
 4.140082e-30   1.267843e-29   3.265454e-01
 4.525046e-30   1.835806e-29   2.464882e-01
 4.182533e-30   1.233161e-29   3.391718e-01
 2.239309e-30   9.600962e-30   2.332380e-01
 5.631958e-30   1.117070e-29   5.041721e-01
 3.376328e-30   1.191303e-29   2.834148e-01
 5.111621e-30   1.054447e-29   4.847677e-01
 7.107298e-30   9.162885e-30   7.756616e-01
 4.154447e-30   9.772261e-30   4.251264e-01
 3.126173e-30   1.469240e-29   2.127749e-01
 5.722012e-30   2.174151e-29   2.631837e-01
-5.829862e-31   9.853284e-30  -5.916669e-02
 5.654846e-30   1.017505e-29   5.557560e-01
 5.424838e-30   9.977656e-30   5.436986e-01
 2.625115e-30   1.270078e-29   2.066892e-01
 5.252156e-30   1.424857e-29   3.686093e-01
 4.832369e-30   1.156564e-29   4.178212e-01
 3.047514e-30   9.404912e-30   3.240343e-01
 1.101743e-30   9.483806e-30   1.161710e-01
-4.584098e-31   1.704653e-29  -2.689168e-02
 3.631722e-30   1.129827e-29   3.214406e-01
 4.009364e-30   1.418165e-29   2.827149e-01
 1.265914e-30   1.210303e-29   1.045948e-01
-1.720686e-30   1.065985e-29  -1.614176e-01
 3.654195e-30   1.265331e-29   2.887937e-01
 2.100663e-30   1.278468e-29   1.643109e-01
 6.510438e-30   8.635823e-30   7.538874e-01
 9.904146e-30   1.528216e-29   6.480853e-01
 5.149883e-30   1.013840e-29   5.079580e-01
-1.709233e-31   1.239085e-29  -1.379431e-02
-6.316452e-31   1.438772e-29  -4.390169e-02
 4.603941e-30   1.240348e-29   3.711815e-01
 1.683440e-29   1.104712e-29   1.523872e+00
 3.657781e-30   1.423266e-29   2.569990e-01
 6.445598e-30   9.423856e-30   6.839661e-01
 5.638480e-30   1.739272e-29   3.241862e-01
 6.175099e-30   1.371831e-29   4.501356e-01
 5.990045e-30   1.169792e-29   5.120606e-01
 5.526193e-30   1.170652e-29   4.720610e-01
-8.590315e-31   1.305236e-29  -6.581425e-02
 3.173107e-30   1.424424e-29   2.227642e-01
 4.297513e-30   1.138892e-29   3.773416e-01
-7.005585e-32   1.517442e-29  -4.616706e-03
 3.812175e-30   1.126422e-29   3.384322e-01
 4.461163e-30   1.127371e-29   3.957137e-01
 7.759034e-30   1.172442e-29   6.617840e-01
 3.553732e-30   1.406817e-29   2.526080e-01
 3.714957e-30   1.596668e-29   2.326693e-01
 3.316620e-30   1.462422e-29   2.267895e-01
 3.388349e-30   2.153209e-29   1.573627e-01
 4.159574e-30   1.526629e-29   2.724679e-01
-3.846428e-30   1.093095e-29  -3.518842e-01
 3.778970e-30   1.323173e-29   2.855991e-01
 2.248799e-30   1.530186e-29   1.469624e-01
 4.600820e-30   1.152620e-29   3.991619e-01
 3.374341e-30   1.664274e-29   2.027515e-01
 3.034630e-30   1.567277e-29   1.936243e-01
 3.503991e-30   1.500946e-29   2.334522e-01
 3.143084e-30   1.664781e-29   1.887986e-01
 3.596834e-30   1.218513e-29   2.951822e-01
 1.948061e-30   1.404212e-29   1.387298e-01
 2.340542e-30   1.082206e-29   2.162751e-01
 4.916109e-30   1.225649e-29   4.011024e-01
 4.927874e-30   1.346878e-29   3.658737e-01
 5.179169e-30   1.183415e-29   4.376462e-01
 4.948744e-30   1.088087e-29   4.548113e-01
 4.032685e-30   1.256548e-29   3.209336e-01
 5.039121e-30   9.431170e-30   5.343049e-01
 7.242370e-32   1.432091e-29   5.057199e-03
 3.551073e-30   1.327129e-29   2.675755e-01
 2.713721e-30   1.214764e-29   2.233948e-01
 2.622224e-30   1.173842e-29   2.233882e-01
 5.650698e-30   9.155760e-30   6.171741e-01
 1.066807e-29   1.311377e-29   8.135014e-01
 9.080728e-30   1.600222e-29   5.674669e-01
 2.421992e-30   1.646425e-29   1.471062e-01
 3.650752e-30   1.433803e-29   2.546201e-01
-2.021684e-30   1.330755e-29  -1.519201e-01
 1.039840e-29   1.233696e-29   8.428659e-01
 5.284175e-30   1.091126e-29   4.842863e-01
 7.572270e-30   1.552535e-29   4.877359e-01
 3.882930e-30   1.256891e-29   3.089313e-01
 4.344728e-30   9.904261e-30   4.386726e-01
 7.377737e-31   9.495193e-30   7.769971e-02
 5.721767e-30   1.257873e-29   4.548765e-01
 2.066148e-30   1.530577e-29   1.349915e-01
 6.747914e-30   9.970445e-30   6.767917e-01
 6.012218e-30   9.529916e-30   6.308784e-01
 3.397009e-31   1.406141e-29   2.415838e-02
 4.302289e-30   1.005416e-29   4.279114e-01
 4.827647e-30   1.289027e-29   3.745187e-01
 3.804682e-30   1.534390e-29   2.479605e-01
 1.156117e-30   1.236113e-29   9.352837e-02
 6.064843e-30   8.995622e-30   6.741994e-01
 6.750112e-30   1.733889e-29   3.893049e-01
 1.869808e-30   1.172125e-29   1.595229e-01
 5.634999e-30   1.014413e-29   5.554933e-01
 4.066930e-30   1.030742e-29   3.945632e-01
 4.056152e-30   1.146187e-29   3.538822e-01
 1.466457e-29   1.233468e-29   1.188889e+00
 4.258140e-30   1.330026e-29   3.201545e-01
 1.695982e-30   1.615240e-29   1.049988e-01
 4.375734e-30   1.372885e-29   3.187255e-01
 6.030031e-30   8.907332e-30   6.769738e-01
 5.282870e-30   9.569228e-30   5.520686e-01
-1.604700e-30   1.346387e-29  -1.191856e-01
 5.629574e-30   1.148854e-29   4.900165e-01
 8.327912e-30   1.384225e-29   6.016298e-01
 5.321678e-30   8.481663e-30   6.274333e-01
 4.663973e-30   1.181160e-29   3.948636e-01
 3.597932e-31   1.257835e-29   2.860417e-02
 4.747159e-30   1.130696e-29   4.198438e-01
-2.430955e-30   1.114068e-29  -2.182053e-01
 4.961456e-30   1.041379e-29   4.764315e-01
 3.257570e-30   1.025258e-29   3.177316e-01
 1.194303e-30   1.265037e-29   9.440848e-02
 4.137268e-30   1.030832e-29   4.013524e-01
 5.100540e-30   1.307714e-29   3.900349e-01
 3.322849e-31   1.119697e-29   2.967632e-02
 4.943189e-30   1.144828e-29   4.317846e-01
 5.312686e-30   9.787537e-30   5.428011e-01
 6.094077e-30   9.035907e-30   6.744289e-01
 7.303434e-30   9.793756e-30   7.457235e-01
 7.104693e-31   1.215176e-29   5.846635e-02
 2.111971e-30   9.848035e-30   2.144561e-01
-2.107894e-31   1.356218e-29  -1.554245e-02
 8.156832e-31   1.079870e-29   7.553531e-02
 5.041148e-30   1.225734e-29   4.112760e-01
 4.047479e-30   1.389369e-29   2.913177e-01
 2.829092e-30   1.141192e-29   2.479067e-01
 4.134952e-30   1.161454e-29   3.560152e-01
 1.457591e-31   1.036368e-29   1.406442e-02
 6.439606e-30   1.535469e-29   4.193903e-01
 3.107906e-30   1.070265e-29   2.903866e-01
 6.556145e-30   1.577852e-29   4.155109e-01
 6.552039e-30   1.165148e-29   5.623353e-01
 2.438578e-30   1.768791e-29   1.378670e-01
 3.726818e-30   1.250780e-29   2.979596e-01
 2.805217e-30   1.216068e-29   2.306792e-01
 3.926834e-30   1.437195e-29   2.732289e-01
 4.604257e-30   1.236711e-29   3.722986e-01
 2.586506e-30   1.064365e-29   2.430094e-01
 3.195214e-30   1.493196e-29   2.139849e-01
 3.401685e-30   1.009264e-29   3.370462e-01
 2.899916e-30   9.082925e-30   3.192711e-01
 5.596281e-30   1.256202e-29   4.454921e-01
 2.400047e-30   1.498879e-29   1.601228e-01
 2.100300e-30   1.615627e-29   1.299991e-01
 6.051164e-30   1.082207e-29   5.591503e-01
 5.054671e-30   1.066435e-29   4.739784e-01
 3.009294e-30   1.337744e-29   2.249528e-01
 6.360834e-30   1.290173e-29   4.930218e-01
 5.206373e-30   1.299015e-29   4.007938e-01
 4.317538e-30   1.004804e-29   4.296895e-01
 5.113855e-30   9.604630e-30   5.324364e-01
 2.332959e-31   1.281717e-29   1.820183e-02
 1.422967e-29   1.370399e-29   1.038359e+00
 5.160830e-30   1.201218e-29   4.296331e-01
 2.916319e-30   1.177736e-29   2.476209e-01
 4.396420e-30   8.292691e-30   5.301560e-01
 2.643499e-30   1.238919e-29   2.133715e-01
 6.467840e-30   1.670873e-29   3.870934e-01
 5.517190e-30   1.035230e-29   5.329435e-01
-1.231333e-30   1.448977e-29  -8.497947e-02
 6.060300e-30   1.174013e-29   5.162037e-01
 5.558786e-30   1.121313e-29   4.957389e-01
 2.531596e-30   1.511140e-29   1.675288e-01
 4.291681e-30   1.241043e-29   3.458124e-01
 5.601692e-30   1.213193e-29   4.617314e-01
-3.427271e-31   1.087698e-29  -3.150939e-02
 4.812772e-30   9.770698e-30   4.925720e-01
-9.794871e-31   1.324326e-29  -7.396120e-02
 3.728293e-30   1.379299e-29   2.703034e-01
 3.165325e-30   1.483663e-29   2.133453e-01
 7.217762e-30   8.836183e-30   8.168417e-01
 8.267074e-30   1.590318e-29   5.198379e-01
 2.305992e-30   1.023239e-29   2.253621e-01
 6.397929e-30   1.258618e-29   5.083297e-01
 5.809604e-30   1.010388e-29   5.749876e-01
 3.284807e-30   1.298608e-29   2.529484e-01
 3.734461e-30   1.313780e-29   2.842531e-01
 3.302612e-30   1.639562e-29   2.014326e-01
 5.480604e-30   1.019818e-29   5.374099e-01
 4.141936e-30   1.285517e-29   3.222000e-01
 3.772856e-30   1.115755e-29   3.381437e-01
 3.182064e-30   1.432170e-29   2.221849e-01
 1.195225e-30   1.172850e-29   1.019077e-01
 1.641911e-29   1.049193e-29   1.564928e+00
 6.020003e-30   1.093216e-29   5.506692e-01
 4.822826e-30   1.188356e-29   4.058401e-01
 1.418264e-30   1.767694e-29   8.023245e-02
 2.485616e-31   1.368157e-29   1.816762e-02
-3.438708e-31   8.727018e-30  -3.940302e-02
 4.748797e-30   1.199755e-29   3.958140e-01
 1.579945e-30   1.480303e-29   1.067312e-01
 4.468720e-30   1.264440e-29   3.534150e-01
 1.239630e-31   1.084404e-29   1.143144e-02
 6.222932e-30   1.002329e-29   6.208474e-01
 3.713157e-30   1.295670e-29   2.865820e-01
 2.842545e-30   1.364865e-29   2.082656e-01
 3.506691e-30   1.322928e-29   2.650704e-01
 3.679777e-30   1.204562e-29   3.054869e-01
 5.571561e-30   1.076402e-29   5.176098e-01
 2.042389e-30   1.380816e-29   1.479117e-01
 3.423737e-30   1.451985e-29   2.357970e-01
 4.200051e-30   1.084396e-29   3.873171e-01
 5.829248e-30   1.144515e-29   5.093204e-01
 4.014721e-30   1.192597e-29   3.366368e-01
 2.146798e-30   1.288667e-29   1.665906e-01
 4.972760e-30   9.543652e-30   5.210542e-01
 2.838376e-30   1.141883e-29   2.485698e-01
 5.560257e-30   1.037158e-29   5.361050e-01
 2.639838e-30   1.094610e-29   2.411670e-01
 4.037781e-30   1.158668e-29   3.484848e-01
 3.166441e-30   1.542277e-29   2.053095e-01
 4.971392e-30   9.593247e-30   5.182179e-01
 4.353924e-30   1.280194e-29   3.400988e-01
 1.271877e-30   9.332077e-30   1.362909e-01
-2.840717e-30   1.176309e-29  -2.414940e-01
 6.366251e-30   1.082035e-29   5.883592e-01
 3.949770e-30   1.175847e-29   3.359085e-01
 1.910778e-30   1.380586e-29   1.384034e-01
 2.274995e-30   1.134726e-29   2.004884e-01
 8.854909e-31   1.268422e-29   6.981044e-02
-4.877653e-31   1.220476e-29  -3.996516e-02
 6.045525e-30   1.035506e-29   5.838233e-01
 4.626498e-30   1.395502e-29   3.315294e-01
 4.818005e-30   8.251809e-30   5.838726e-01
 3.532562e-30   1.584356e-29   2.229651e-01
 6.507592e-30   1.032105e-29   6.305167e-01
 5.442900e-30   1.091845e-29   4.985049e-01
 6.214352e-30   1.314422e-29   4.727821e-01
 4.944827e-30   1.613724e-29   3.064232e-01
 1.254299e-30   1.342057e-29   9.346088e-02
 2.172105e-30   1.478534e-29   1.469094e-01
 5.071154e-30   9.779766e-30   5.185353e-01
 2.568899e-30   1.482116e-29   1.733265e-01
 3.900295e-30   1.228470e-29   3.174922e-01
 5.647926e-31   9.706818e-30   5.818514e-02
 3.388088e-30   1.020392e-29   3.320379e-01
 4.647586e-30   9.931764e-30   4.679517e-01
 3.475359e-30   1.367757e-29   2.540919e-01
-4.055485e-30   1.159001e-29  -3.499120e-01
 4.893141e-30   1.253544e-29   3.903445e-01
 4.200462e-30   1.242352e-29   3.381055e-01
 8.321425e-30   1.129181e-29   7.369435e-01
 6.946261e-30   1.118830e-29   6.208503e-01
 3.672721e-30   1.279768e-29   2.869833e-01
 3.412639e-30   9.092405e-30   3.753286e-01
 3.068210e-30   1.562658e-29   1.963456e-01
 5.697658e-30   1.429404e-29   3.986039e-01
 2.586437e-30   1.194585e-29   2.165133e-01
 5.966196e-30   1.153073e-29   5.174171e-01
 5.435526e-30   9.476239e-30   5.735953e-01
 4.184499e-30   1.399844e-29   2.989260e-01
 3.290245e-30   1.137918e-29   2.891460e-01
 1.061378e-30   1.137607e-29   9.329921e-02
 2.689770e-30   1.270814e-29   2.116573e-01
 5.408598e-30   1.128655e-29   4.792075e-01
 3.359277e-30   1.563127e-29   2.149075e-01
 3.912197e-30   1.116072e-29   3.505327e-01
 7.012375e-30   1.253878e-29   5.592549e-01
 3.721546e-30   1.362047e-29   2.732319e-01
 3.341583e-30   1.440904e-29   2.319088e-01
 3.865061e-30   1.288027e-29   3.000762e-01
 6.860321e-30   1.734246e-29   3.955796e-01
-2.201098e-30   1.714148e-29  -1.284077e-01
 4.984599e-31   1.163767e-29   4.283160e-02
 1.457103e-30   1.107273e-29   1.315938e-01
 4.434406e-30   1.108238e-29   4.001313e-01
 3.060725e-30   1.565656e-29   1.954915e-01
 4.315882e-30   1.394467e-29   3.095006e-01
 4.574209e-30   1.229329e-29   3.720900e-01
 1.506829e-29   1.511201e-29   9.971075e-01
 3.693825e-30   1.330213e-29   2.776868e-01
 3.696937e-30   1.302619e-29   2.838080e-01
 3.258501e-30   1.104727e-29   2.949600e-01
 7.249129e-31   9.410466e-30   7.703262e-02
 5.580900e-30   1.035218e-29   5.391040e-01
 1.812349e-30   1.105959e-29   1.638713e-01
 4.281411e-30   1.061735e-29   4.032465e-01
 3.373697e-30   1.667366e-29   2.023370e-01
 2.382712e-30   1.063344e-29   2.240771e-01
 7.197682e-30   1.322981e-29   5.440504e-01
 5.447529e-30   1.136657e-29   4.792588e-01
 2.515888e-30   1.131390e-29   2.223714e-01
 4.320663e-30   1.136779e-29   3.800795e-01
-1.248429e-30   1.099550e-29  -1.135400e-01
-9.699483e-31   1.135962e-29  -8.538559e-02
 5.007832e-30   1.809650e-29   2.767294e-01
 3.149462e-30   1.703090e-29   1.849263e-01
 3.826328e-30   1.444742e-29   2.648451e-01
 4.480433e-30   1.226430e-29   3.653232e-01
 5.392763e-30   1.013720e-29   5.319778e-01
 7.807190e-30   1.179004e-29   6.621850e-01
 1.723857e-30   9.543706e-30   1.806276e-01
 2.825425e-30   1.219208e-29   2.317426e-01
 5.394571e-30   1.853193e-29   2.910960e-01
 2.718334e-30   1.237487e-29   2.196657e-01
 1.304153e-30   1.461984e-29   8.920432e-02
 3.831588e-30   1.712951e-29   2.236835e-01
 5.527202e-30   9.555487e-30   5.784322e-01
 3.549418e-30   1.439939e-29   2.464979e-01
 4.826139e-30   1.080291e-29   4.467445e-01
 4.096754e-30   1.218440e-29   3.362295e-01
 3.803815e-30   1.327076e-29   2.866313e-01
 2.719305e-30   1.477268e-29   1.840767e-01
 1.013329e-30   1.135584e-29   8.923416e-02
 4.837053e-30   1.327296e-29   3.644292e-01
 3.974941e-30   1.260515e-29   3.153427e-01
 3.483832e-30   1.332874e-29   2.613775e-01
 5.929501e-30   1.014469e-29   5.844931e-01
 4.409407e-30   1.012740e-29   4.353939e-01
 3.917742e-30   1.258593e-29   3.112796e-01
 3.359843e-30   1.212281e-29   2.771506e-01
 6.338192e-30   1.698792e-29   3.731000e-01
-6.541364e-30   1.417592e-29  -4.614419e-01
 3.517459e-30   1.631311e-29   2.156216e-01
 4.688860e-30   1.287329e-29   3.642317e-01
 4.865751e-30   1.248600e-29   3.896965e-01
 2.648281e-30   1.521954e-29   1.740054e-01
 3.694713e-30   1.175177e-29   3.143964e-01
 5.172803e-30   1.186972e-29   4.357984e-01
 5.522100e-30   1.221960e-29   4.519053e-01
 5.561998e-30   1.278849e-29   4.349221e-01
 4.502271e-30   1.366774e-29   3.294085e-01
-1.604700e-30   1.346387e-29  -1.191856e-01
 1.637767e-30   8.427884e-30   1.943272e-01
 3.103407e-30   1.109725e-29   2.796555e-01
-5.107241e-31   1.268327e-29  -4.026755e-02
 5.457467e-30   1.240532e-29   4.399295e-01
 3.626904e-30   1.171748e-29   3.095293e-01
 4.699204e-30   1.241630e-29   3.784705e-01
 5.200289e-30   1.226754e-29   4.239065e-01
 3.592680e-30   1.452296e-29   2.473794e-01
 4.066930e-30   1.030742e-29   3.945632e-01
 3.215408e-30   1.752170e-29   1.835100e-01
 2.814049e-30   1.284086e-29   2.191481e-01
 4.898280e-30   1.137503e-29   4.306168e-01
 5.153056e-30   1.349268e-29   3.819149e-01
 2.780338e-30   1.341031e-29   2.073284e-01
 1.008352e-29   1.092394e-29   9.230662e-01
 6.059152e-30   1.327911e-29   4.562919e-01
 4.170283e-30   1.308704e-29   3.186576e-01
 5.081785e-30   1.288928e-29   3.942646e-01
 3.679836e-30   1.340432e-29   2.745261e-01
 1.713704e-30   1.444049e-29   1.186735e-01
 4.203250e-30   1.795941e-29   2.340417e-01
 1.958164e-30   1.242157e-29   1.576422e-01
 3.375309e-30   1.395887e-29   2.418039e-01
 2.639504e-30   1.544819e-29   1.708617e-01
 4.791007e-30   1.008541e-29   4.750432e-01
 5.213466e-30   1.358383e-29   3.837994e-01
 8.463118e-31   1.025109e-29   8.255826e-02
 5.667563e-30   1.256666e-29   4.510000e-01
 6.209699e-30   1.811923e-29   3.427133e-01
 4.934910e-30   1.060162e-29   4.654865e-01
 4.124135e-30   1.224871e-29   3.366994e-01
 4.545787e-30   1.348228e-29   3.371675e-01
 4.005310e-30   1.419001e-29   2.822626e-01
 5.696924e-30   1.105348e-29   5.153966e-01
 2.642593e-30   1.325096e-29   1.994265e-01
 1.564862e-30   7.617583e-30   2.054276e-01
 2.747002e-30   9.321561e-30   2.946933e-01
 4.693060e-30   9.752049e-30   4.812384e-01
 3.657781e-30   1.423266e-29   2.569990e-01
 4.253650e-30   1.120480e-29   3.796274e-01
 3.178871e-30   1.520607e-29   2.090527e-01
 5.523029e-30   1.134761e-29   4.867132e-01
 4.441556e-30   1.329599e-29   3.340524e-01
 6.198143e-30   1.094449e-29   5.663256e-01
 2.932145e-30   1.144084e-29   2.562875e-01
 4.070833e-30   1.307827e-29   3.112670e-01
 3.608662e-30   1.333046e-29   2.707081e-01
 8.715771e-30   1.149308e-29   7.583494e-01
 4.293319e-30   1.379604e-29   3.111993e-01
 2.695902e-30   1.594546e-29   1.690702e-01
 8.875246e-30   1.082810e-29   8.196494e-01
 5.189683e-30   1.068866e-29   4.855318e-01
-1.498733e-30   1.473213e-29  -1.017323e-01
-6.857434e-31   1.306453e-29  -5.248894e-02
 5.101676e-30   1.120374e-29   4.553549e-01
 3.999940e-30   1.054178e-29   3.794367e-01
 1.339085e-29   9.292791e-30   1.440994e+00
 1.825597e-30   7.203474e-30   2.534328e-01
 5.125536e-30   9.484837e-30   5.403927e-01
 5.129635e-30   1.018294e-29   5.037478e-01
 4.598666e-30   1.341439e-29   3.428159e-01
 3.531379e-30   2.044308e-29   1.727420e-01
 2.945588e-30   1.370936e-29   2.148597e-01
 2.282023e-30   9.778397e-30   2.333739e-01
 3.203923e-30   1.100276e-29   2.911926e-01
 3.928240e-30   1.150118e-29   3.415511e-01
 2.349965e-30   1.361403e-29   1.726135e-01
 1.748405e-30   1.390075e-29   1.257778e-01
 3.530375e-30   1.432626e-29   2.464269e-01
 3.441232e-30   7.717002e-30   4.459286e-01
 3.828110e-30   1.282771e-29   2.984251e-01
 4.687124e-30   1.562747e-29   2.999286e-01
 1.657703e-30   1.135752e-29   1.459563e-01
 5.558073e-30   1.103893e-29   5.034975e-01
 5.462492e-30   1.148736e-29   4.755220e-01
 5.951148e-30   1.742948e-29   3.414415e-01
 1.119199e-30   1.622840e-29   6.896542e-02
 3.481111e-30   1.317431e-29   2.642348e-01
 5.626961e-30   9.431999e-30   5.965820e-01
 4.310362e-30   1.178755e-29   3.656706e-01
 4.236109e-30   1.001780e-29   4.228583e-01
 4.313015e-30   8.362673e-30   5.157460e-01
 5.220295e-30   1.135920e-29   4.595653e-01
 1.111733e-30   1.477408e-29   7.524885e-02
 4.744213e-30   1.045653e-29   4.537083e-01
 2.026406e-30   1.389098e-29   1.458793e-01
 5.824078e-30   1.159659e-29   5.022233e-01
 4.699990e-30   1.224846e-29   3.837210e-01
 4.843993e-30   1.172492e-29   4.131364e-01
 3.782046e-30   1.685370e-29   2.244045e-01
 2.189258e-30   1.142756e-29   1.915771e-01
 6.650996e-30   1.429519e-29   4.652612e-01
 1.709824e-30   1.189852e-29   1.437005e-01
 4.883573e-30   1.055758e-29   4.625658e-01
 4.640294e-30   1.189520e-29   3.900980e-01
 4.344493e-30   1.147544e-29   3.785906e-01
 2.646009e-30   1.339591e-29   1.975236e-01
 3.952863e-30   1.592312e-29   2.482467e-01
 4.594804e-30   1.652915e-29   2.779818e-01
 3.870575e-30   1.500325e-29   2.579825e-01
 5.197107e-30   1.208964e-29   4.298810e-01
 4.847093e-30   1.136327e-29   4.265581e-01
 3.011110e-30   1.241131e-29   2.426101e-01
 5.566893e-30   9.312881e-30   5.977627e-01
 4.137526e-30   1.200947e-29   3.445220e-01
 3.833761e-30   1.247234e-29   3.073811e-01
 4.480144e-30   1.104569e-29   4.056011e-01
 5.959172e-30   9.371391e-30   6.358898e-01
-1.535605e-30   1.393027e-29  -1.102351e-01
 1.703846e-30   1.575658e-29   1.081355e-01
 5.596030e-30   1.470403e-29   3.805780e-01
 2.387207e-30   9.750319e-30   2.448337e-01
 8.350343e-30   1.453083e-29   5.746637e-01
 3.263053e-30   1.167352e-29   2.795261e-01
 5.217222e-30   9.889175e-30   5.275690e-01
 5.809507e-30   1.836742e-29   3.162940e-01
 4.830603e-30   9.668279e-30   4.996342e-01
 4.222278e-30   1.222757e-29   3.453080e-01
 3.796818e-30   1.013195e-29   3.747371e-01
 3.869070e-30   1.069227e-29   3.618567e-01
 4.343385e-30   1.147348e-29   3.785586e-01
 4.083846e-30   1.678391e-29   2.433191e-01
 6.026037e-31   1.261092e-29   4.778427e-02
 1.131358e-30   1.664469e-29   6.797110e-02
 4.748040e-31   9.898151e-30   4.796896e-02
 3.574430e-30   1.386189e-29   2.578603e-01
 4.427355e-30   1.237115e-29   3.578775e-01
 4.401946e-30   1.160665e-29   3.792608e-01
 5.672274e-30   1.262191e-29   4.493989e-01
 4.340717e-30   1.365159e-29   3.179642e-01
 3.201454e-30   1.196456e-29   2.675781e-01
-1.400148e-31   8.076936e-30  -1.733514e-02
 5.199772e-30   9.812258e-30   5.299261e-01
 4.643200e-30   1.204133e-29   3.856053e-01
 3.824251e-30   1.229739e-29   3.109807e-01
 6.476816e-30   1.698085e-29   3.814188e-01
 6.143972e-31   1.219356e-29   5.038701e-02
 1.591971e-30   1.167674e-29   1.363369e-01
 4.723364e-30   9.830646e-30   4.804734e-01
 3.250410e-30   1.190565e-29   2.730142e-01
 4.924248e-30   1.172071e-29   4.201321e-01
 5.016515e-30   9.268485e-30   5.412444e-01
 1.664969e-29   1.049911e-29   1.585819e+00
 4.650380e-30   1.245832e-29   3.732750e-01
 1.356966e-30   1.328725e-29   1.021254e-01
 4.491181e-30   1.162486e-29   3.863427e-01
 3.947266e-30   1.350657e-29   2.922478e-01
 2.565104e-30   1.556883e-29   1.647590e-01
 6.167574e-30   1.037864e-29   5.942566e-01
 3.968774e-30   1.305866e-29   3.039189e-01
 3.833062e-30   1.220403e-29   3.140816e-01
 1.717793e-30   2.200200e-29   7.807440e-02
 1.008676e-30   2.044280e-29   4.934140e-02
 4.741670e-30   1.106127e-29   4.286733e-01
 3.808182e-30   1.501163e-29   2.536821e-01
 4.422863e-30   1.076039e-29   4.110320e-01
 4.531645e-30   1.075440e-29   4.213760e-01
 3.494009e-31   1.607047e-29   2.174180e-02
 4.911015e-30   1.003070e-29   4.895983e-01
-1.513084e-30   1.168494e-29  -1.294901e-01
 3.482543e-30   1.347328e-29   2.584778e-01
 3.184888e-30   1.266593e-29   2.514531e-01
 4.486918e-30   1.350395e-29   3.322671e-01
 5.913834e-30   9.034363e-30   6.545934e-01
 1.623885e-30   1.578032e-29   1.029057e-01
 7.348421e-30   1.331163e-29   5.520300e-01
 5.205363e-30   1.160250e-29   4.486415e-01
 9.218380e-30   1.359926e-29   6.778587e-01
 2.574203e-30   1.188094e-29   2.166666e-01
 1.972150e-30   1.210949e-29   1.628598e-01
 5.372179e-30   9.386130e-30   5.723529e-01
 4.798080e-30   1.115517e-29   4.301217e-01
 1.545847e-30   1.656502e-29   9.331992e-02
-6.554596e-32   1.939934e-29  -3.378773e-03
 1.429260e-30   1.319951e-29   1.082813e-01
 2.137722e-30   1.490838e-29   1.433906e-01
-9.479876e-31   1.318077e-29  -7.192199e-02
 4.268849e-30   1.567710e-29   2.722984e-01
 4.789207e-30   1.124748e-29   4.258026e-01
 5.891637e-30   9.456438e-30   6.230292e-01
 3.671329e-30   1.382474e-29   2.655623e-01
 1.656633e-30   1.443581e-29   1.147586e-01
 9.973704e-30   1.055622e-29   9.448181e-01
-1.282521e-30   1.135396e-29  -1.129580e-01
 9.973704e-30   1.055622e-29   9.448181e-01
 2.443406e-30   1.045215e-29   2.337707e-01
 4.411152e-30   1.306162e-29   3.377187e-01
 5.268723e-30   1.206441e-29   4.367163e-01
 9.347288e-30   1.125570e-29   8.304494e-01
 4.317141e-30   1.511141e-29   2.856874e-01
 1.438220e-30   1.154227e-29   1.246046e-01
 6.005939e-30   1.120925e-29   5.358020e-01
 3.371555e-30   1.974032e-29   1.707954e-01
 2.684005e-29   1.689168e-29   1.588950e+00
 4.950746e-30   1.186315e-29   4.173215e-01
 8.532576e-31   1.091703e-29   7.815839e-02
 3.393581e-31   1.057156e-29   3.210104e-02
 1.310439e-30   7.103409e-30   1.844803e-01
 4.825446e-30   1.079196e-29   4.471333e-01
 5.297168e-30   9.807395e-30   5.401198e-01
 3.896301e-30   1.257618e-29   3.098158e-01
 2.432129e-31   1.121876e-29   2.167913e-02
 2.072721e-30   1.197013e-29   1.731578e-01
 7.324899e-32   1.153923e-29   6.347824e-03
 3.728409e-30   1.592949e-29   2.340569e-01
 1.360075e-30   1.243824e-29   1.093462e-01
 4.427355e-30   1.237115e-29   3.578775e-01
 3.793793e-30   1.282128e-29   2.958981e-01
 4.764066e-30   1.024663e-29   4.649400e-01
 4.321030e-30   1.371167e-29   3.151351e-01
 5.094622e-30   9.107090e-30   5.594126e-01
 3.449138e-30   1.388659e-29   2.483791e-01
 3.323901e-30   1.331665e-29   2.496049e-01
 5.285182e-30   1.311220e-29   4.030737e-01
 3.511944e-30   1.420820e-29   2.471772e-01
 3.248189e-30   9.587508e-30   3.387938e-01
 5.294736e-30   1.037996e-29   5.100923e-01
 4.619502e-31   1.391369e-29   3.320113e-02
 4.712771e-30   1.256497e-29   3.750721e-01
 1.239519e-30   1.246426e-29   9.944587e-02
 5.562160e-30   9.918195e-30   5.608037e-01
 4.970675e-30   1.481738e-29   3.354625e-01
 6.380850e-30   1.226921e-29   5.200702e-01
 4.168634e-30   1.366752e-29   3.050029e-01
 1.386061e-30   1.036114e-29   1.337750e-01
 7.351815e-31   1.199613e-29   6.128489e-02
 4.590220e-30   1.044852e-29   4.393179e-01
 1.582118e-30   1.086720e-29   1.455865e-01
 4.921076e-30   1.260116e-29   3.905256e-01
 4.004159e-30   1.174697e-29   3.408673e-01
 7.260889e-30   9.831721e-30   7.385166e-01
 5.175253e-30   1.010152e-29   5.123240e-01
-1.584728e-30   1.506097e-29  -1.052209e-01
 1.305126e-30   1.291915e-29   1.010226e-01
 6.070935e-30   1.018099e-29   5.963009e-01
 4.872815e-30   1.260908e-29   3.864528e-01
 3.218231e-30   1.051424e-29   3.060832e-01
 7.036494e-30   1.354178e-29   5.196137e-01
 3.698044e-30   1.251819e-29   2.954136e-01
 3.027787e-30   1.557714e-29   1.943738e-01
 3.775118e-30   9.378850e-30   4.025139e-01
 4.987630e-30   1.681910e-29   2.965456e-01
 6.326909e-30   1.512401e-29   4.183355e-01
 4.322515e-30   1.249122e-29   3.460441e-01
 1.271268e-30   9.268632e-30   1.371581e-01
-6.289456e-31   1.062291e-29  -5.920653e-02
 4.862024e-30   1.321952e-29   3.677911e-01
 5.479113e-30   1.775085e-29   3.086677e-01
 5.544979e-30   9.915680e-30   5.592132e-01
 3.313353e-30   1.294811e-29   2.558947e-01
-1.478742e-30   1.089570e-29  -1.357179e-01
 6.364164e-30   1.034816e-29   6.150043e-01
-1.282521e-30   1.135396e-29  -1.129580e-01
 5.254677e-30   1.066449e-29   4.927264e-01
 2.425236e-30   1.685063e-29   1.439256e-01
 2.115048e-30   9.145427e-30   2.312684e-01
 3.562687e-30   1.437389e-29   2.478582e-01
 8.065762e-31   1.507821e-29   5.349282e-02
 4.185856e-30   1.301460e-29   3.216276e-01
 8.435515e-30   1.517379e-29   5.559268e-01
 3.789328e-30   8.879780e-30   4.267367e-01
 4.630560e-30   1.254918e-29   3.689929e-01
-2.136866e-30   1.128056e-29  -1.894290e-01
 2.077342e-30   1.230697e-29   1.687939e-01
 9.548102e-31   2.072121e-29   4.607887e-02
 5.198846e-30   1.252204e-29   4.151755e-01
 5.489711e-30   1.428601e-29   3.842717e-01
 3.699830e-30   1.618250e-29   2.286316e-01
 4.935565e-30   1.358690e-29   3.632591e-01
 4.888410e-30   1.296273e-29   3.771127e-01
 3.701356e-30   1.365793e-29   2.710041e-01
 9.808334e-31   1.382255e-29   7.095892e-02
 3.806888e-30   1.315718e-29   2.893392e-01
 3.647722e-30   1.459986e-29   2.498464e-01
 2.783033e-30   1.855389e-29   1.499972e-01
 6.958299e-30   1.007036e-29   6.909682e-01
 5.778492e-30   1.284227e-29   4.499588e-01
 5.422975e-30   1.714944e-29   3.162188e-01
 4.791851e-30   9.684349e-30   4.948036e-01
 1.558843e-30   1.455381e-29   1.071089e-01
 5.034455e-30   1.173995e-29   4.288309e-01
 6.313392e-30   1.531904e-29   4.121270e-01
 1.736003e-30   9.996975e-30   1.736528e-01
 3.316737e-30   1.064252e-29   3.116495e-01
 2.958699e-30   1.230092e-29   2.405266e-01
 6.750003e-30   9.554582e-30   7.064677e-01
 4.276865e-30   1.156498e-29   3.698116e-01
 4.794480e-30   1.409731e-29   3.400989e-01
-1.308772e-30   1.204580e-29  -1.086496e-01
 1.700037e-30   1.842449e-29   9.227046e-02
 2.922056e-30   1.155370e-29   2.529108e-01
 2.104814e-30   1.692903e-29   1.243317e-01
 6.239170e-30   1.959793e-29   3.183586e-01
 7.307644e-30   1.128547e-29   6.475265e-01
-2.970945e-32   1.201508e-29  -2.472680e-03
 4.863831e-30   1.157740e-29   4.201144e-01
 3.410834e-30   1.425881e-29   2.392088e-01
 3.921441e-30   1.057932e-29   3.706705e-01
 4.926820e-30   1.152781e-29   4.273857e-01
 2.273590e-30   1.334489e-29   1.703715e-01
 1.193571e-30   1.171931e-29   1.018465e-01
 4.155263e-30   1.398079e-29   2.972123e-01
 3.428132e-31   8.279332e-30   4.140590e-02
 3.412880e-30   1.299815e-29   2.625665e-01
 3.592829e-30   2.104166e-29   1.707484e-01
 6.074172e-31   9.730601e-30   6.242340e-02
 1.193250e-30   1.338643e-29   8.913882e-02
 1.804578e-29   1.385071e-29   1.302877e+00
 5.532299e-30   7.321740e-30   7.555989e-01
 8.401872e-30   1.304300e-29   6.441671e-01
 5.650112e-30   1.265047e-29   4.466324e-01
 3.506294e-30   1.344261e-29   2.608344e-01
 4.163326e-30   1.206204e-29   3.451593e-01
 4.825568e-30   1.107632e-29   4.356654e-01
 1.257534e-29   1.194041e-29   1.053175e+00
 2.493900e-30   1.477558e-29   1.687852e-01
 6.510352e-30   1.248848e-29   5.213088e-01
 5.901793e-30   9.807513e-30   6.017625e-01
 6.545735e-30   8.979138e-30   7.289937e-01
 4.967661e-30   1.200380e-29   4.138406e-01
 4.903825e-30   1.365836e-29   3.590346e-01
 4.996497e-30   1.613854e-29   3.096003e-01
 3.903107e-30   1.551080e-29   2.516380e-01
 3.253450e-30   1.441514e-29   2.256967e-01
 4.540086e-30   1.268446e-29   3.579250e-01
 5.521740e-31   1.415918e-29   3.899759e-02
 4.455463e-30   1.112101e-29   4.006347e-01
 3.253083e-30   1.303071e-29   2.496474e-01
 3.799493e-30   1.293732e-29   2.936846e-01
 3.505479e-30   7.769301e-30   4.511962e-01
 3.740886e-30   1.059727e-29   3.530046e-01
 4.510867e-30   1.124701e-29   4.010726e-01
 1.776878e-30   1.621216e-29   1.096015e-01
 4.352210e-30   1.168357e-29   3.725069e-01
 4.559783e-30   1.091481e-29   4.177611e-01
 4.801908e-30   1.117494e-29   4.297032e-01
 7.524883e-30   1.671679e-29   4.501392e-01
 3.362705e-30   1.367723e-29   2.458616e-01
 1.513968e-30   1.003128e-29   1.509247e-01
 4.018524e-30   1.066919e-29   3.766474e-01
 5.291460e-30   1.024736e-29   5.163730e-01
 6.104467e-30   1.088076e-29   5.610332e-01
 4.582850e-30   1.091372e-29   4.199162e-01
 6.030169e-30   9.138342e-30   6.598756e-01
 3.736241e-30   1.519832e-29   2.458326e-01
 4.641326e-30   1.459845e-29   3.179329e-01
 4.229112e-30   1.407550e-29   3.004591e-01
 4.755484e-30   1.353628e-29   3.513140e-01
 3.843090e-30   1.327227e-29   2.895579e-01
 4.483680e-30   1.033887e-29   4.336721e-01
 7.570555e-30   1.153823e-29   6.561280e-01
 5.520720e-30   1.110008e-29   4.973587e-01
 4.942268e-30   9.009450e-30   5.485649e-01
 3.883350e-30   1.321877e-29   2.937754e-01
 3.799494e-30   1.129958e-29   3.362510e-01
 2.020658e-30   1.710585e-29   1.181268e-01
 4.128767e-30   1.231406e-29   3.352888e-01
 5.768961e-30   1.194978e-29   4.827673e-01
 4.686555e-30   1.264192e-29   3.707155e-01
 3.051302e-30   1.602616e-29   1.903951e-01
 4.537948e-30   1.230430e-29   3.688101e-01
 2.853577e-30   8.998633e-30   3.171123e-01
 2.272267e-30   1.597424e-29   1.422457e-01
 9.396084e-31   1.140434e-29   8.239040e-02
 2.626507e-30   1.725518e-29   1.522156e-01
 3.167331e-30   1.301648e-29   2.433324e-01
 2.702916e-30   1.205295e-29   2.242535e-01
 4.747845e-30   1.446197e-29   3.282987e-01
 6.640085e-30   1.293044e-29   5.135235e-01
 4.737187e-30   1.148090e-29   4.126145e-01
 5.705302e-30   1.028067e-29   5.549545e-01
 3.985414e-30   9.193897e-30   4.334847e-01
 2.356684e-30   1.235601e-29   1.907318e-01
 3.934400e-30   1.505003e-29   2.614213e-01
 4.165862e-30   1.237448e-29   3.366494e-01
 4.983754e-30   1.160137e-29   4.295834e-01
 4.813107e-30   1.221694e-29   3.939700e-01
 4.867595e-31   2.199914e-29   2.212630e-02
 3.740004e-30   9.289488e-30   4.026060e-01
 2.693885e-30   1.070911e-29   2.515507e-01
 4.663271e-30   1.140643e-29   4.088283e-01
 9.208907e-30   1.197520e-29   7.689981e-01
 4.161611e-30   1.487369e-29   2.797968e-01
 3.810977e-30   1.386766e-29   2.748105e-01
 5.398251e-30   1.077542e-29   5.009784e-01
 1.564862e-30   7.617583e-30   2.054276e-01
 4.862607e-30   1.098353e-29   4.427181e-01
 4.621566e-30   1.120234e-29   4.125538e-01
 2.818626e-30   9.712012e-30   2.902206e-01
 6.002154e-30   9.129073e-30   6.574769e-01
 5.262286e-30   1.097983e-29   4.792687e-01
-1.472159e-30   1.309931e-29  -1.123844e-01
 4.726964e-30   1.189984e-29   3.972292e-01
 4.290122e-30   1.202144e-29   3.568725e-01
 3.307051e-30   1.329926e-29   2.486643e-01
 3.534650e-30   1.584048e-29   2.231403e-01
 3.225045e-30   1.534205e-29   2.102096e-01
 3.308328e-30   1.190959e-29   2.777869e-01
 5.176305e-30   1.233337e-29   4.196992e-01
 6.298457e-30   9.870311e-30   6.381214e-01
 2.288981e-30   1.518741e-29   1.507157e-01
 4.327661e-30   1.269102e-29   3.410019e-01
 3.856616e-30   1.284700e-29   3.001959e-01
 3.438272e-30   1.242915e-29   2.766297e-01
 4.496992e-30   1.200431e-29   3.746147e-01
 6.267145e-30   8.955263e-30   6.998282e-01
 6.326089e-30   8.868326e-30   7.133352e-01
 1.475996e-30   1.565046e-29   9.431009e-02
 5.142835e-30   1.411046e-29   3.644697e-01
 6.144781e-30   1.216340e-29   5.051863e-01
 1.265914e-30   1.210303e-29   1.045948e-01
 2.781866e-30   1.291078e-29   2.154684e-01
 4.433457e-30   1.182452e-29   3.749377e-01
 3.553529e-30   1.341255e-29   2.649406e-01
 4.505841e-30   1.101676e-29   4.089989e-01
 9.904282e-31   1.362787e-29   7.267665e-02
 3.795635e-30   1.283993e-29   2.956119e-01
 3.447752e-30   1.149452e-29   2.999474e-01
 2.586437e-30   1.194585e-29   2.165133e-01
 4.759681e-30   1.400147e-29   3.399415e-01
 4.651044e-30   1.172464e-29   3.966898e-01
 5.168191e-30   1.097337e-29   4.709759e-01
 4.659168e-30   1.064575e-29   4.376552e-01
 6.522451e-30   1.862969e-29   3.501106e-01
-3.021821e-30   1.013825e-29  -2.980614e-01
 2.699527e-30   1.543663e-29   1.748780e-01
 3.997650e-30   1.282628e-29   3.116764e-01
 7.830111e-31   1.163031e-29   6.732504e-02
 1.385058e-30   1.192083e-29   1.161881e-01
 4.584068e-30   1.100726e-29   4.164587e-01
 5.721702e-30   1.257873e-29   4.548713e-01
 3.521587e-30   8.305165e-30   4.240237e-01
 4.501722e-30   1.135491e-29   3.964562e-01
 5.626518e-30   1.005089e-29   5.598032e-01
 2.861117e-30   1.481985e-29   1.930598e-01
 4.023421e-30   1.106190e-29   3.637189e-01
 2.244762e-30   1.082643e-29   2.073410e-01
 3.960919e-30   1.189949e-29   3.328647e-01
 1.991153e-30   1.621101e-29   1.228273e-01
 4.282397e-30   1.355463e-29   3.159362e-01
 3.525072e-30   1.141488e-29   3.088137e-01
 7.558871e-31   1.219293e-29   6.199387e-02
 6.083107e-30   1.042584e-29   5.834647e-01
 2.304049e-30   1.680206e-29   1.371290e-01
 4.562358e-30   1.157188e-29   3.942624e-01
 6.275163e-30   9.795667e-30   6.406060e-01
 3.986582e-30   1.799274e-29   2.215662e-01
-3.902493e-32   1.220253e-29  -3.198102e-03
 5.379564e-30   9.388239e-30   5.730109e-01
 4.179273e-30   1.381251e-29   3.025715e-01
 2.859392e-30   1.343088e-29   2.128968e-01
 2.917086e-30   1.365953e-29   2.135568e-01
 4.687124e-30   1.562747e-29   2.999286e-01
 5.830847e-30   1.317311e-29   4.426327e-01
 2.641863e-30   9.561894e-30   2.762907e-01
 6.492400e-30   1.314247e-29   4.940014e-01
 7.865787e-30   1.261356e-29   6.235975e-01
 1.645638e-30   1.295565e-29   1.270208e-01
 3.931804e-30   9.818219e-30   4.004600e-01
 8.463890e-31   9.927090e-30   8.526053e-02
 4.055557e-30   1.268920e-29   3.196070e-01
 5.365972e-30   1.206404e-29   4.447905e-01
 1.508342e-30   1.061282e-29   1.421246e-01
 1.836919e-30   9.102520e-30   2.018034e-01
 8.598151e-30   1.251182e-29   6.872025e-01
 4.067869e-30   1.246385e-29   3.263735e-01
 4.413088e-30   1.271608e-29   3.470477e-01
 2.467137e-30   1.143789e-29   2.156987e-01
 4.626498e-30   1.395502e-29   3.315294e-01
 4.373183e-30   1.027616e-29   4.255659e-01
 3.380803e-30   1.159425e-29   2.915931e-01
 4.402402e-30   1.269732e-29   3.467189e-01
 4.390742e-30   1.312135e-29   3.346258e-01
 4.518629e-30   1.135310e-29   3.980085e-01
 5.905910e-30   7.847227e-30   7.526111e-01
 6.756644e-30   1.144901e-29   5.901508e-01
 3.087497e-30   1.102059e-29   2.801572e-01
 4.282753e-30   1.452376e-29   2.948791e-01
 5.181118e-30   1.055782e-29   4.907377e-01
 3.891131e-30   1.256780e-29   3.096111e-01
 3.490957e-30   1.562998e-29   2.233500e-01
 4.714765e-30   1.280389e-29   3.682291e-01
 5.281984e-30   1.208532e-29   4.370579e-01
 1.010272e-30   1.295028e-29   7.801156e-02
 4.000595e-30   1.326627e-29   3.015614e-01
 5.230305e-30   1.725645e-29   3.030927e-01
 6.030796e-30   1.107233e-29   5.446727e-01
 3.803754e-30   1.453481e-29   2.616995e-01
 5.078577e-30   1.011666e-29   5.020012e-01
 4.942599e-30   1.098478e-29   4.499497e-01
 1.672962e-30   9.784909e-30   1.709737e-01
 5.389159e-30   1.247144e-29   4.321202e-01
 5.987076e-30   1.298847e-29   4.609533e-01
 4.032074e-30   1.035947e-29   3.892164e-01
 3.754233e-30   1.120912e-29   3.349267e-01
 2.823462e-30   1.587011e-29   1.779107e-01
 2.222005e-30   1.200254e-29   1.851279e-01
 4.269225e-30   1.161134e-29   3.676771e-01
-1.317133e-30   1.064929e-29  -1.236828e-01
 4.251472e-30   1.149949e-29   3.697096e-01
 2.335505e-30   1.182061e-29   1.975791e-01
 4.948701e-30   1.061937e-29   4.660068e-01
 2.640967e-30   1.319017e-29   2.002223e-01
 5.287184e-30   1.074783e-29   4.919306e-01
 4.020005e-30   1.160736e-29   3.463324e-01
 1.143402e-30   9.325552e-30   1.226096e-01
 2.634547e-30   1.171101e-29   2.249633e-01
 5.718091e-30   8.741289e-30   6.541474e-01
 4.822763e-30   1.188355e-29   4.058351e-01
 4.845896e-30   1.526471e-29   3.174574e-01
 8.779580e-31   1.360154e-29   6.454842e-02
-6.072161e-31   1.096585e-29  -5.537339e-02
 3.770667e-30   1.104078e-29   3.415219e-01
 6.111894e-30   8.639484e-30   7.074374e-01
 2.751942e-30   1.016380e-29   2.707592e-01
 4.867882e-30   1.099196e-29   4.428583e-01
 4.535988e-30   1.301316e-29   3.485692e-01
 2.725495e-30   1.238363e-29   2.200886e-01
 3.950507e-30   1.353794e-29   2.918101e-01
 4.788444e-30   1.433040e-29   3.341459e-01
 3.225641e-30   1.075891e-29   2.998112e-01
 4.922378e-30   1.254458e-29   3.923908e-01
 4.386140e-30   1.227504e-29   3.573217e-01
 4.191069e-30   1.145761e-29   3.657891e-01
-3.897568e-32   1.140820e-29  -3.416462e-03
 3.708269e-30   1.339866e-29   2.767642e-01
 3.623639e-30   1.238891e-29   2.924905e-01
 4.069546e-30   1.138635e-29   3.574056e-01
 4.491638e-30   1.178806e-29   3.810327e-01
 5.201673e-30   1.338421e-29   3.886424e-01
 5.344783e-30   1.273559e-29   4.196731e-01
 4.190733e-30   1.183755e-29   3.540202e-01
 3.635230e-30   1.564668e-29   2.323323e-01
 2.068607e-30   1.158196e-29   1.786060e-01
 3.925376e-30   1.338972e-29   2.931635e-01
 4.259969e-30   1.960111e-29   2.173331e-01
 4.769472e-30   1.438923e-29   3.314613e-01
-6.377494e-31   1.573091e-29  -4.054116e-02
 9.549891e-31   1.211905e-29   7.880063e-02
 3.717972e-30   1.507714e-29   2.465966e-01
 1.047919e-30   1.155434e-29   9.069483e-02
 6.476816e-30   1.698085e-29   3.814188e-01
 5.270172e-30   1.053248e-29   5.003735e-01
 6.667516e-30   7.935653e-30   8.401975e-01
 4.462072e-30   1.203340e-29   3.708073e-01
 6.007563e-30   1.005608e-29   5.974059e-01
 4.336680e-30   1.269363e-29   3.416421e-01
 3.428291e-30   1.142421e-29   3.000900e-01
