 2.914105e-29   5.908515e-30   4.932043e+00
 2.800852e-29   5.511253e-30   5.082061e+00
 2.856776e-29   5.831110e-30   4.899198e+00
 2.939128e-29   5.712591e-30   5.145000e+00
 3.474356e-29   4.674884e-30   7.431962e+00
 3.102859e-29   7.094408e-30   4.373668e+00
 2.999569e-29   6.975390e-30   4.300217e+00
 3.073246e-29   6.612236e-30   4.647816e+00
 3.149079e-29   5.359174e-30   5.876052e+00
 2.524806e-29   6.013295e-30   4.198707e+00
 3.048196e-29   6.035220e-30   5.050679e+00
 3.267679e-29   5.876978e-30   5.560135e+00
 1.710219e-29   5.907435e-30   2.895028e+00
 3.181042e-29   5.427031e-30   5.861477e+00
 2.685223e-29   6.734540e-30   3.987241e+00
 2.360671e-29   6.615783e-30   3.568242e+00
 3.320435e-29   5.575269e-30   5.955651e+00
 3.356271e-29   5.476165e-30   6.128872e+00
 3.290910e-29   5.483090e-30   6.001926e+00
 2.801209e-29   6.440172e-30   4.349587e+00
 2.941760e-29   5.893025e-30   4.991935e+00
 3.436743e-29   5.873368e-30   5.851400e+00
 2.847994e-29   6.905187e-30   4.124427e+00
 3.003063e-29   5.862165e-30   5.122787e+00
 3.014535e-29   5.639932e-30   5.344985e+00
 3.371896e-29   6.281374e-30   5.368086e+00
 3.271711e-29   5.822110e-30   5.619460e+00
 3.183153e-29   6.285704e-30   5.064115e+00
 2.690840e-29   6.530616e-30   4.120347e+00
 3.053408e-29   5.468266e-30   5.583869e+00
 2.898522e-29   5.503712e-30   5.266486e+00
 3.067864e-29   4.876512e-30   6.291102e+00
 2.896580e-29   6.436415e-30   4.500301e+00
 3.128699e-29   6.725637e-30   4.651900e+00
 2.988226e-29   6.593090e-30   4.532361e+00
 2.960061e-29   5.907203e-30   5.010935e+00
 2.558187e-29   6.452092e-30   3.964896e+00
 2.896051e-29   6.920894e-30   4.184504e+00
 3.052683e-29   7.170568e-30   4.257241e+00
 2.904934e-29   6.331443e-30   4.588107e+00
 3.070075e-29   5.600003e-30   5.482274e+00
 2.979224e-29   5.833258e-30   5.107307e+00
 2.900160e-29   6.978858e-30   4.155637e+00
 2.722319e-29   5.653054e-30   4.815661e+00
 2.929764e-29   5.577443e-30   5.252881e+00
 2.893485e-29   6.435407e-30   4.496196e+00
 3.377973e-29   5.097383e-30   6.626877e+00
 3.207606e-29   6.577141e-30   4.876900e+00
 2.807664e-29   6.077781e-30   4.619554e+00
 3.340923e-29   5.545886e-30   6.024146e+00
 3.452867e-29   5.259837e-30   6.564589e+00
 3.080803e-29   6.330709e-30   4.866443e+00
 2.984354e-29   6.683650e-30   4.465156e+00
 2.842058e-29   5.968187e-30   4.762012e+00
 2.635719e-29   6.497357e-30   4.056602e+00
 2.841303e-29   7.159300e-30   3.968688e+00
 3.339473e-29   5.258594e-30   6.350506e+00
 2.779665e-29   5.287736e-30   5.256815e+00
 2.951780e-29   7.564306e-30   3.902248e+00
 3.248079e-29   6.439928e-30   5.043658e+00
 3.125832e-29   5.857181e-30   5.336751e+00
 3.039406e-29   6.697156e-30   4.538353e+00
 2.990098e-29   7.014743e-30   4.262591e+00
 2.991590e-29   6.253880e-30   4.783575e+00
 2.993242e-29   8.624868e-30   3.470479e+00
 2.712568e-29   6.627239e-30   4.093059e+00
 3.156967e-29   6.592118e-30   4.789003e+00
 3.153984e-29   6.389996e-30   4.935816e+00
 3.288848e-29   5.961188e-30   5.517102e+00
 3.208000e-29   6.916165e-30   4.638409e+00
 3.062744e-29   6.757757e-30   4.532190e+00
 2.679653e-29   7.215643e-30   3.713672e+00
 2.435333e-29   5.988085e-30   4.066964e+00
 2.512471e-29   5.961173e-30   4.214726e+00
 2.918015e-29   6.143961e-30   4.749402e+00
 2.792814e-29   5.871565e-30   4.756508e+00
 2.914508e-29   6.100067e-30   4.777830e+00
 3.330875e-29   6.080838e-30   5.477658e+00
 3.022289e-29   6.233621e-30   4.848368e+00
 2.804393e-29   5.989504e-30   4.682179e+00
 3.182321e-29   6.169037e-30   5.158538e+00
 2.525801e-29   6.520193e-30   3.873813e+00
 2.941937e-29   6.268455e-30   4.693241e+00
 3.258206e-29   6.206199e-30   5.249921e+00
 2.882056e-29   4.745709e-30   6.072973e+00
 3.215156e-29   6.131872e-30   5.243352e+00
 3.417824e-29   5.830762e-30   5.861711e+00
 2.980461e-29   6.612930e-30   4.507020e+00
 2.969773e-29   5.220011e-30   5.689208e+00
 3.042152e-29   6.179426e-30   4.923034e+00
 2.857854e-29   6.170554e-30   4.631438e+00
 1.966226e-29   4.656902e-30   4.222176e+00
 3.214890e-29   6.191972e-30   5.192030e+00
 3.176377e-29   6.651746e-30   4.775253e+00
 2.770587e-29   4.614116e-30   6.004590e+00
 3.286571e-29   5.398376e-30   6.088073e+00
 2.876331e-29   5.564518e-30   5.169056e+00
 2.847441e-29   6.290124e-30   4.526845e+00
 3.069677e-29   6.256963e-30   4.906017e+00
 3.206994e-29   6.842926e-30   4.686583e+00
 3.004338e-29   4.717206e-30   6.368893e+00
 2.977866e-29   5.542474e-30   5.372810e+00
 2.677253e-29   5.795458e-30   4.619572e+00
 2.958240e-29   5.991546e-30   4.937357e+00
 3.175554e-29   6.330096e-30   5.016597e+00
 3.508423e-29   6.578262e-30   5.333359e+00
 2.834310e-29   7.329230e-30   3.867132e+00
 2.972077e-29   6.492666e-30   4.577592e+00
 3.204277e-29   5.688254e-30   5.633148e+00
 3.413048e-29   7.412305e-30   4.604571e+00
 3.419817e-29   5.260175e-30   6.501337e+00
 3.003705e-29   5.289274e-30   5.678861e+00
 3.012451e-29   5.124390e-30   5.878653e+00
 3.192349e-29   6.171063e-30   5.173094e+00
 2.689091e-29   6.522802e-30   4.122601e+00
 3.371896e-29   6.281374e-30   5.368086e+00
 2.947397e-29   6.801332e-30   4.333558e+00
 3.160878e-29   6.916522e-30   4.570040e+00
 2.977400e-29   5.761039e-30   5.168165e+00
 2.679369e-29   6.891096e-30   3.888162e+00
 2.295854e-29   6.728602e-30   3.412081e+00
 3.133109e-29   5.702095e-30   5.494663e+00
 3.047158e-29   4.880204e-30   6.243916e+00
 3.185920e-29   6.258685e-30   5.090398e+00
 3.242935e-29   6.817137e-30   4.757034e+00
 3.055652e-29   7.187314e-30   4.251451e+00
 2.886755e-29   6.096704e-30   4.734944e+00
 3.119709e-29   5.156489e-30   6.050064e+00
 3.081795e-29   6.705902e-30   4.595646e+00
 3.418597e-29   6.538162e-30   5.228681e+00
 3.036228e-29   4.918851e-30   6.172637e+00
 3.056828e-29   6.480902e-30   4.716670e+00
 2.759502e-29   5.975480e-30   4.618042e+00
 2.719054e-29   5.406685e-30   5.029059e+00
 2.439373e-29   5.270804e-30   4.628086e+00
 3.132189e-29   5.394333e-30   5.806444e+00
 2.741261e-29   7.641067e-30   3.587537e+00
 3.013254e-29   7.436058e-30   4.052219e+00
 2.917861e-29   6.793499e-30   4.295079e+00
 2.854454e-29   6.225006e-30   4.585464e+00
 2.917007e-29   5.833193e-30   5.000704e+00
 2.614866e-29   6.851606e-30   3.816427e+00
 3.188693e-29   6.303094e-30   5.058933e+00
 2.874605e-29   5.506928e-30   5.219979e+00
 3.131827e-29   5.865468e-30   5.339432e+00
 3.093070e-29   6.076074e-30   5.090574e+00
 3.187327e-29   6.255367e-30   5.095348e+00
 2.937875e-29   5.206061e-30   5.643182e+00
 3.376277e-29   5.751640e-30   5.870112e+00
 3.082829e-29   6.703136e-30   4.599084e+00
 3.181166e-29   6.489390e-30   4.902104e+00
 3.141816e-29   6.954162e-30   4.517892e+00
 2.993467e-29   5.428542e-30   5.514311e+00
 2.743245e-29   6.339121e-30   4.327485e+00
 3.331026e-29   5.408121e-30   6.159304e+00
 3.140594e-29   5.144708e-30   6.104514e+00
 3.072309e-29   5.841936e-30   5.259059e+00
 2.939992e-29   6.031546e-30   4.874359e+00
 3.070565e-29   5.780440e-30   5.311992e+00
 3.452810e-29   5.311264e-30   6.500919e+00
 2.751869e-29   6.689331e-30   4.113819e+00
 2.843607e-29   5.557910e-30   5.116324e+00
 3.415516e-29   6.283627e-30   5.435580e+00
 3.250079e-29   5.085180e-30   6.391276e+00
 3.190422e-29   6.368228e-30   5.009906e+00
 3.271547e-29   6.985427e-30   4.683388e+00
 2.940833e-29   5.824109e-30   5.049412e+00
 3.506816e-29   6.461508e-30   5.427240e+00
 3.181107e-29   6.241468e-30   5.096728e+00
 3.205697e-29   6.157258e-30   5.206371e+00
 3.335292e-29   5.172657e-30   6.447927e+00
 3.436695e-29   4.927733e-30   6.974189e+00
 3.232276e-29   5.296184e-30   6.103027e+00
 3.155712e-29   6.538029e-30   4.826702e+00
 2.886547e-29   6.298697e-30   4.582768e+00
 3.263936e-29   5.780824e-30   5.646144e+00
 3.008859e-29   7.688165e-30   3.913624e+00
 2.962248e-29   6.051276e-30   4.895245e+00
 2.353702e-29   5.168595e-30   4.553853e+00
 3.345244e-29   5.420714e-30   6.171224e+00
 3.153180e-29   6.865888e-30   4.592531e+00
 2.824375e-29   6.255406e-30   4.515095e+00
 3.049343e-29   5.546261e-30   5.498016e+00
 3.061370e-29   6.038641e-30   5.069634e+00
 2.979250e-29   6.492105e-30   4.589035e+00
 3.006314e-29   5.212577e-30   5.767425e+00
 3.072485e-29   6.910337e-30   4.446216e+00
 2.454312e-29   5.874370e-30   4.178001e+00
 3.297142e-29   6.388823e-30   5.160797e+00
 3.353737e-29   6.140832e-30   5.461373e+00
 2.891064e-29   6.097966e-30   4.741029e+00
 3.054613e-29   5.069731e-30   6.025198e+00
 2.855889e-29   5.930418e-30   4.815662e+00
 2.950629e-29   6.387428e-30   4.619432e+00
 3.061960e-29   5.983735e-30   5.117139e+00
 3.285506e-29   6.820672e-30   4.816983e+00
 2.451763e-29   5.922549e-30   4.139708e+00
 3.096176e-29   6.635830e-30   4.665846e+00
 3.197041e-29   6.138246e-30   5.208395e+00
 2.751926e-29   6.445597e-30   4.269466e+00
 2.658979e-29   7.645624e-30   3.477779e+00
 2.980372e-29   6.053414e-30   4.923456e+00
 3.099177e-29   5.400784e-30   5.738383e+00
 2.848466e-29   6.087168e-30   4.679460e+00
 3.234560e-29   6.025650e-30   5.367984e+00
 2.168343e-29   5.218546e-30   4.155071e+00
 3.374171e-29   7.198811e-30   4.687123e+00
 2.825620e-29   6.250280e-30   4.520789e+00
 3.146152e-29   5.083837e-30   6.188537e+00
 1.760330e-29   6.386960e-30   2.756132e+00
 3.370426e-29   5.289574e-30   6.371829e+00
 2.811148e-29   7.318245e-30   3.841287e+00
 2.918529e-29   7.456358e-30   3.914148e+00
 3.106690e-29   6.150544e-30   5.051081e+00
 3.544999e-29   4.761063e-30   7.445815e+00
 3.349117e-29   6.161494e-30   5.435560e+00
 3.053349e-29   6.192156e-30   4.930996e+00
 3.071082e-29   5.873430e-30   5.228771e+00
 2.870210e-29   5.184285e-30   5.536366e+00
 3.270280e-29   5.878921e-30   5.562723e+00
 2.920309e-29   5.019253e-30   5.818213e+00
 2.983399e-29   5.605829e-30   5.321959e+00
 2.808279e-29   5.344734e-30   5.254291e+00
 2.797511e-29   6.187815e-30   4.521000e+00
 2.329334e-29   6.854681e-30   3.398165e+00
 3.097829e-29   6.444812e-30   4.806702e+00
 3.132051e-29   7.277116e-30   4.303973e+00
 3.037322e-29   5.436172e-30   5.587245e+00
 3.099120e-29   6.804280e-30   4.554662e+00
 3.029216e-29   7.543358e-30   4.015740e+00
 2.575605e-29   6.991912e-30   3.683692e+00
 3.303333e-29   5.725587e-30   5.769422e+00
 3.037345e-29   5.156195e-30   5.890671e+00
 3.220893e-29   6.164879e-30   5.224584e+00
 3.156359e-29   6.890290e-30   4.580879e+00
 3.367693e-29   5.510109e-30   6.111844e+00
 2.282606e-29   5.404776e-30   4.223313e+00
 3.233698e-29   6.192576e-30   5.221894e+00
 3.314621e-29   6.186662e-30   5.357689e+00
 3.042547e-29   5.920724e-30   5.138809e+00
 3.232386e-29   7.112603e-30   4.544590e+00
 2.816103e-29   5.661998e-30   4.973691e+00
 3.043657e-29   6.553881e-30   4.644054e+00
 3.090776e-29   6.248502e-30   4.946427e+00
 3.094973e-29   5.818621e-30   5.319084e+00
 2.686256e-29   6.787111e-30   3.957879e+00
 3.034337e-29   6.794363e-30   4.465963e+00
 3.367216e-29   5.145528e-30   6.543967e+00
 3.232884e-29   6.635115e-30   4.872387e+00
 2.895083e-29   5.620502e-30   5.150934e+00
 3.166962e-29   4.497035e-30   7.042334e+00
 3.215469e-29   5.379255e-30   5.977535e+00
 2.911939e-29   5.110992e-30   5.697405e+00
 2.705980e-29   5.374065e-30   5.035256e+00
 2.727189e-29   6.353615e-30   4.292342e+00
 2.594496e-29   6.112166e-30   4.244806e+00
 3.290229e-29   6.049904e-30   5.438481e+00
 3.248079e-29   6.439928e-30   5.043658e+00
 3.083990e-29   5.681642e-30   5.427991e+00
 3.013541e-29   7.594845e-30   3.967878e+00
 3.241504e-29   6.213782e-30   5.216636e+00
 2.894703e-29   6.348998e-30   4.559307e+00
 2.966023e-29   5.306134e-30   5.589799e+00
 2.648142e-29   7.369122e-30   3.593566e+00
 3.269186e-29   5.887518e-30   5.552740e+00
 2.864490e-29   5.728321e-30   5.000575e+00
 2.949523e-29   6.106935e-30   4.829793e+00
 1.913581e-29   6.134985e-30   3.119129e+00
 2.414707e-29   5.957480e-30   4.053235e+00
 3.108850e-29   6.866539e-30   4.527535e+00
 2.890529e-29   6.082317e-30   4.752349e+00
 3.065839e-29   6.078880e-30   5.043428e+00
 3.058426e-29   7.364728e-30   4.152802e+00
 3.063467e-29   6.471842e-30   4.733531e+00
 3.069075e-29   4.896472e-30   6.267931e+00
 2.981785e-29   6.361976e-30   4.686885e+00
 3.180345e-29   6.159939e-30   5.162949e+00
 2.872926e-29   6.260657e-30   4.588857e+00
 3.185369e-29   6.343017e-30   5.021852e+00
 3.074948e-29   7.192621e-30   4.275142e+00
 2.989908e-29   6.071050e-30   4.924862e+00
 3.011366e-29   4.672271e-30   6.445188e+00
 2.904009e-29   6.284867e-30   4.620637e+00
 3.113863e-29   7.163852e-30   4.346632e+00
 2.873352e-29   5.401383e-30   5.319661e+00
 3.549012e-29   6.357137e-30   5.582722e+00
 3.288570e-29   6.571244e-30   5.004487e+00
 3.333505e-29   5.786504e-30   5.760828e+00
 3.214182e-29   5.225008e-30   6.151536e+00
 2.768800e-29   7.160935e-30   3.866534e+00
 2.947090e-29   5.372829e-30   5.485174e+00
 2.887177e-29   6.263528e-30   4.609505e+00
 2.858025e-29   9.236967e-30   3.094116e+00
 2.933248e-29   7.312755e-30   4.011139e+00
 2.973981e-29   6.091960e-30   4.881814e+00
 3.027020e-29   5.171812e-30   5.852919e+00
 2.235991e-29   7.816109e-30   2.860747e+00
 2.970763e-29   5.414016e-30   5.487170e+00
 3.055708e-29   7.322776e-30   4.172883e+00
 3.214860e-29   5.434007e-30   5.916187e+00
 3.285743e-29   5.742349e-30   5.721949e+00
 2.418433e-29   5.591574e-30   4.325138e+00
 2.480398e-29   6.578408e-30   3.770514e+00
 2.966340e-29   6.361864e-30   4.662690e+00
 3.139133e-29   7.184417e-30   4.369363e+00
 2.986212e-29   6.045173e-30   4.939828e+00
 3.137731e-29   6.770843e-30   4.634180e+00
 3.000384e-29   5.825475e-30   5.150454e+00
 3.625625e-29   4.810335e-30   7.537157e+00
 2.358175e-29   5.359293e-30   4.400160e+00
 3.243039e-29   6.130895e-30   5.289667e+00
 2.304807e-29   5.278361e-30   4.366520e+00
 2.602688e-29   5.408566e-30   4.812158e+00
 3.115939e-29   6.981123e-30   4.463378e+00
 3.045591e-29   5.629613e-30   5.409947e+00
 2.488677e-29   7.581426e-30   3.282597e+00
 3.036384e-29   6.345413e-30   4.785163e+00
 2.964500e-29   5.961652e-30   4.972616e+00
 2.801643e-29   7.714415e-30   3.631698e+00
 3.220125e-29   6.177066e-30   5.213033e+00
 3.144023e-29   5.998516e-30   5.241334e+00
 3.290802e-29   5.838430e-30   5.636450e+00
 2.984911e-29   4.605913e-30   6.480608e+00
 2.886874e-29   6.761042e-30   4.269865e+00
 2.941668e-29   5.892941e-30   4.991850e+00
 3.222369e-29   5.927481e-30   5.436320e+00
 2.880326e-29   6.252294e-30   4.606830e+00
 2.975326e-29   6.565509e-30   4.531752e+00
 3.237217e-29   5.709424e-30   5.669953e+00
 2.605369e-29   6.570890e-30   3.965018e+00
 2.896803e-29   5.425743e-30   5.338999e+00
 3.249447e-29   5.152527e-30   6.306512e+00
 2.768785e-29   5.816891e-30   4.759905e+00
 3.436774e-29   5.814917e-30   5.910272e+00
 3.109747e-29   5.041118e-30   6.168765e+00
 3.145231e-29   6.568627e-30   4.788262e+00
 3.040853e-29   5.271012e-30   5.769012e+00
 3.301851e-29   6.897166e-30   4.787258e+00
 2.971611e-29   7.104501e-30   4.182715e+00
 2.974196e-29   5.636594e-30   5.276584e+00
 2.982374e-29   5.330325e-30   5.595108e+00
 3.149551e-29   4.862397e-30   6.477363e+00
 2.915591e-29   5.916735e-30   4.927703e+00
 2.642318e-29   6.936870e-30   3.809092e+00
 2.682952e-29   4.866254e-30   5.513382e+00
 3.076023e-29   6.371003e-30   4.828162e+00
 2.826359e-29   5.501314e-30   5.137607e+00
 3.118425e-29   6.674758e-30   4.671967e+00
 3.213151e-29   6.585076e-30   4.879445e+00
 3.116028e-29   4.799882e-30   6.491884e+00
 3.271080e-29   5.912840e-30   5.532164e+00
 2.775324e-29   5.995481e-30   4.629027e+00
 3.178449e-29   6.012269e-30   5.286605e+00
 2.651059e-29   7.192632e-30   3.685798e+00
 2.870083e-29   5.338588e-30   5.376109e+00
 3.327519e-29   6.137783e-30   5.421369e+00
 3.250617e-29   5.951811e-30   5.461560e+00
 3.458164e-29   4.785570e-30   7.226232e+00
 2.373768e-29   5.410578e-30   4.387273e+00
 2.708945e-29   6.977066e-30   3.882642e+00
 3.299732e-29   5.777372e-30   5.711477e+00
 3.179794e-29   6.427157e-30   4.947435e+00
 3.342077e-29   5.299816e-30   6.306025e+00
 2.931807e-29   5.036862e-30   5.820701e+00
 2.842653e-29   6.227458e-30   4.564708e+00
 2.874566e-29   5.698939e-30   5.044038e+00
 3.281715e-29   5.742758e-30   5.714528e+00
 3.224705e-29   5.544380e-30   5.816169e+00
 3.372165e-29   4.064013e-30   8.297624e+00
 2.738557e-29   5.977999e-30   4.581060e+00
 2.692395e-29   6.902365e-30   3.900685e+00
 3.058474e-29   6.630838e-30   4.612499e+00
 3.289213e-29   5.742337e-30   5.728004e+00
 3.044824e-29   5.853871e-30   5.201385e+00
 2.786278e-29   6.251124e-30   4.457243e+00
 2.454399e-29   7.077884e-30   3.467701e+00
 3.077055e-29   6.519191e-30   4.719994e+00
 3.209590e-29   5.266441e-30   6.094420e+00
 3.183743e-29   6.862887e-30   4.639072e+00
 2.839605e-29   6.123843e-30   4.636965e+00
 2.826912e-29   6.868977e-30   4.115477e+00
 2.434954e-29   6.659686e-30   3.656259e+00
 3.167351e-29   5.009819e-30   6.322287e+00
 3.332337e-29   7.023810e-30   4.744344e+00
 2.964489e-29   7.735531e-30   3.832301e+00
 3.114824e-29   7.058682e-30   4.412755e+00
 2.947466e-29   8.303051e-30   3.549859e+00
 3.202199e-29   5.341664e-30   5.994759e+00
 3.108782e-29   7.677723e-30   4.049094e+00
 2.532247e-29   5.036781e-30   5.027509e+00
 2.638225e-29   6.162840e-30   4.280859e+00
 3.167478e-29   5.716987e-30   5.540467e+00
 3.109932e-29   5.065355e-30   6.139613e+00
 2.779044e-29   5.884474e-30   4.722672e+00
 3.038533e-29   5.229721e-30   5.810125e+00
 2.923944e-29   6.957146e-30   4.202793e+00
 2.724947e-29   6.596805e-30   4.130708e+00
 3.206747e-29   6.281473e-30   5.105088e+00
 3.363592e-29   6.059107e-30   5.551300e+00
 3.190025e-29   5.470967e-30   5.830825e+00
 3.128008e-29   7.065832e-30   4.426949e+00
 3.205521e-29   4.687458e-30   6.838507e+00
 3.011409e-29   5.450406e-30   5.525110e+00
 3.142176e-29   5.515889e-30   5.696591e+00
 2.995200e-29   7.896116e-30   3.793258e+00
 3.201555e-29   6.248452e-30   5.123757e+00
 2.948660e-29   6.015912e-30   4.901435e+00
 2.141332e-29   6.012905e-30   3.561227e+00
 3.208855e-29   5.168214e-30   6.208828e+00
 2.914425e-29   6.909450e-30   4.218027e+00
 3.397272e-29   5.998038e-30   5.663972e+00
 2.922223e-29   5.048562e-30   5.788229e+00
 2.853782e-29   5.442583e-30   5.243432e+00
 2.886520e-29   5.979696e-30   4.827202e+00
 3.025164e-29   5.559415e-30   5.441515e+00
 3.055234e-29   6.055308e-30   5.045547e+00
 2.927119e-29   6.028483e-30   4.855481e+00
 2.803179e-29   6.299503e-30   4.449842e+00
 3.043788e-29   4.858382e-30   6.265024e+00
 2.649022e-29   6.310934e-30   4.197513e+00
 2.908369e-29   6.224631e-30   4.672356e+00
 2.766108e-29   5.513840e-30   5.016664e+00
 3.041875e-29   5.837576e-30   5.210852e+00
 2.830083e-29   6.623545e-30   4.272762e+00
 3.585791e-29   6.394408e-30   5.607699e+00
 3.036619e-29   4.983571e-30   6.093259e+00
 3.343895e-29   5.456621e-30   6.128143e+00
 3.222559e-29   6.535135e-30   4.931128e+00
 3.351912e-29   6.135194e-30   5.463416e+00
 2.394629e-29   7.070338e-30   3.386866e+00
 2.492336e-29   5.893672e-30   4.228834e+00
 3.086042e-29   7.032380e-30   4.388332e+00
 3.328295e-29   5.532598e-30   6.015790e+00
 2.889118e-29   5.392957e-30   5.357205e+00
 3.191108e-29   5.694515e-30   5.603828e+00
 3.272049e-29   5.876290e-30   5.568222e+00
 2.989888e-29   5.864185e-30   5.098558e+00
 3.285598e-29   5.736164e-30   5.727866e+00
 3.176014e-29   7.244082e-30   4.384288e+00
 2.787313e-29   6.683823e-30   4.170237e+00
 2.764788e-29   5.340016e-30   5.177489e+00
 3.263453e-29   6.603006e-30   4.942375e+00
 2.725721e-29   4.978657e-30   5.474812e+00
 2.915240e-29   7.047605e-30   4.136497e+00
 2.851152e-29   6.154036e-30   4.632979e+00
 2.945294e-29   5.363380e-30   5.491488e+00
 2.826270e-29   6.806939e-30   4.152042e+00
 3.185021e-29   5.268579e-30   6.045314e+00
 2.616894e-29   6.263208e-30   4.178200e+00
 3.207188e-29   5.550110e-30   5.778602e+00
 2.887257e-29   5.529951e-30   5.221125e+00
 2.906447e-29   6.539236e-30   4.444628e+00
 3.006448e-29   5.964983e-30   5.040163e+00
 3.273094e-29   4.915912e-30   6.658162e+00
 2.853711e-29   6.562846e-30   4.348283e+00
 2.218525e-29   6.361217e-30   3.487580e+00
 3.144336e-29   6.669219e-30   4.714699e+00
 3.038739e-29   7.034535e-30   4.319744e+00
 2.898448e-29   6.894381e-30   4.204073e+00
 3.321707e-29   5.540411e-30   5.995415e+00
 2.962496e-29   7.238165e-30   4.092883e+00
 3.035553e-29   6.303005e-30   4.816040e+00
 2.900838e-29   5.503620e-30   5.270782e+00
 2.718038e-29   5.486861e-30   4.953721e+00
 3.068708e-29   4.889286e-30   6.276393e+00
 3.163443e-29   6.556670e-30   4.824772e+00
 3.173129e-29   6.421348e-30   4.941531e+00
 3.237021e-29   6.051011e-30   5.349553e+00
 2.980221e-29   6.583990e-30   4.526466e+00
 3.410754e-29   5.303239e-30   6.431454e+00
 3.122978e-29   5.538691e-30   5.638478e+00
 3.503223e-29   5.792269e-30   6.048101e+00
 3.196820e-29   4.895952e-30   6.529517e+00
 3.196007e-29   7.114150e-30   4.492465e+00
 2.928663e-29   6.089212e-30   4.809593e+00
 3.199262e-29   6.474093e-30   4.941637e+00
 2.900845e-29   7.097824e-30   4.086950e+00
 2.960962e-29   5.465222e-30   5.417826e+00
 2.855094e-29   6.623861e-30   4.310317e+00
 2.596578e-29   5.152272e-30   5.039675e+00
 3.013018e-29   5.239469e-30   5.750618e+00
 2.854248e-29   5.650972e-30   5.050898e+00
 2.672491e-29   6.768415e-30   3.948473e+00
 3.234446e-29   5.939404e-30   5.445741e+00
 2.855714e-29   6.704254e-30   4.259555e+00
 3.084059e-29   6.098443e-30   5.057126e+00
 3.271155e-29   5.912796e-30   5.532332e+00
 2.925081e-29   6.580052e-30   4.445377e+00
 2.240031e-29   6.758779e-30   3.314254e+00
 3.043005e-29   7.423866e-30   4.098950e+00
 2.901763e-29   5.910667e-30   4.909366e+00
 2.868606e-29   5.620233e-30   5.104069e+00
 2.700240e-29   5.925099e-30   4.557291e+00
 3.061128e-29   7.339566e-30   4.170721e+00
 3.238672e-29   6.100363e-30   5.308982e+00
 2.558020e-29   5.309050e-30   4.818225e+00
 2.694190e-29   5.873591e-30   4.586955e+00
 3.183870e-29   5.929869e-30   5.369208e+00
 2.991389e-29   5.258113e-30   5.689092e+00
 3.083624e-29   4.914640e-30   6.274364e+00
 2.849928e-29   6.677214e-30   4.268139e+00
 3.154141e-29   5.007072e-30   6.299372e+00
 3.125743e-29   5.987097e-30   5.220800e+00
 3.213184e-29   6.512183e-30   4.934112e+00
 2.782866e-29   5.309137e-30   5.241655e+00
 3.138773e-29   6.762066e-30   4.641737e+00
 3.054340e-29   5.011027e-30   6.095237e+00
 2.804821e-29   5.775862e-30   4.856107e+00
 3.351996e-29   5.371554e-30   6.240272e+00
 2.572481e-29   5.447116e-30   4.722648e+00
 2.760211e-29   6.590072e-30   4.188438e+00
 3.116858e-29   6.233851e-30   4.999892e+00
 2.863200e-29   5.454241e-30   5.249493e+00
 2.729513e-29   8.209674e-30   3.324752e+00
 3.194130e-29   6.293491e-30   5.075292e+00
 2.676914e-29   6.374679e-30   4.199292e+00
 2.761562e-29   7.318286e-30   3.773509e+00
 2.922737e-29   5.642494e-30   5.179868e+00
 2.997201e-29   5.633052e-30   5.320741e+00
 2.963434e-29   5.426108e-30   5.461435e+00
 3.250954e-29   6.027012e-30   5.393973e+00
 2.890971e-29   5.857313e-30   4.935660e+00
 3.240654e-29   6.166761e-30   5.255034e+00
 3.104517e-29   7.412197e-30   4.188390e+00
 2.699305e-29   6.374299e-30   4.234670e+00
 3.170410e-29   6.482278e-30   4.890889e+00
 2.982032e-29   6.426466e-30   4.640236e+00
 3.027082e-29   6.239044e-30   4.851836e+00
 2.761739e-29   4.683893e-30   5.896247e+00
 2.878949e-29   6.794135e-30   4.237403e+00
 3.014925e-29   5.800207e-30   5.197960e+00
 3.390502e-29   5.621207e-30   6.031627e+00
 3.097871e-29   6.444875e-30   4.806720e+00
 2.379670e-29   6.093827e-30   3.905051e+00
 3.184106e-29   4.742344e-30   6.714203e+00
 2.751848e-29   7.379947e-30   3.728817e+00
 3.031460e-29   7.639474e-30   3.968153e+00
 2.950407e-29   6.419845e-30   4.595761e+00
 2.819613e-29   6.697673e-30   4.209840e+00
 3.274165e-29   5.934026e-30   5.517611e+00
 2.812145e-29   6.207576e-30   4.530182e+00
 3.291935e-29   5.736621e-30   5.738458e+00
 2.936005e-29   5.622748e-30   5.221655e+00
 2.829412e-29   7.285408e-30   3.883670e+00
 2.532743e-29   7.091769e-30   3.571384e+00
 3.003261e-29   6.798448e-30   4.417569e+00
 3.043730e-29   7.503356e-30   4.056492e+00
 2.536712e-29   5.937349e-30   4.272466e+00
 2.825117e-29   6.274522e-30   4.502522e+00
 2.971970e-29   5.188090e-30   5.728447e+00
 2.829412e-29   7.285408e-30   3.883670e+00
 3.116599e-29   7.262519e-30   4.291346e+00
 1.978463e-29   4.653888e-30   4.251205e+00
 2.960340e-29   5.649876e-30   5.239655e+00
 3.142123e-29   5.213568e-30   6.026818e+00
 2.842166e-29   5.805070e-30   4.896007e+00
 3.115374e-29   5.702863e-30   5.462825e+00
 2.907854e-29   6.437299e-30   4.517196e+00
 2.858772e-29   6.087106e-30   4.696439e+00
 2.381361e-29   6.110556e-30   3.897126e+00
 2.833230e-29   6.258332e-30   4.527134e+00
 3.055037e-29   5.327061e-30   5.734939e+00
 3.028940e-29   6.119313e-30   4.949804e+00
 3.342893e-29   5.487716e-30   6.091593e+00
 3.206153e-29   6.315522e-30   5.076624e+00
 3.024323e-29   4.765499e-30   6.346288e+00
 2.520974e-29   6.488098e-30   3.885537e+00
 3.290096e-29   5.773662e-30   5.698456e+00
 3.144507e-29   6.668671e-30   4.715343e+00
 3.127851e-29   6.346629e-30   4.928366e+00
 3.108812e-29   6.399065e-30   4.858228e+00
 2.880648e-29   7.099428e-30   4.057577e+00
 2.509329e-29   5.128896e-30   4.892532e+00
 3.425007e-29   6.239181e-30   5.489513e+00
 3.255841e-29   5.808365e-30   5.605435e+00
 3.110063e-29   5.640612e-30   5.513698e+00
 2.950402e-29   5.612126e-30   5.257192e+00
 2.951751e-29   7.242843e-30   4.075403e+00
 2.802998e-29   6.254132e-30   4.481834e+00
 3.273499e-29   5.880846e-30   5.566375e+00
 2.374366e-29   4.643243e-30   5.113594e+00
 2.362866e-29   5.928694e-30   3.985475e+00
 3.314711e-29   5.743438e-30   5.771301e+00
 2.903093e-29   5.595729e-30   5.188051e+00
 2.878096e-29   6.294822e-30   4.572164e+00
 3.109968e-29   6.343715e-30   4.902440e+00
 3.200164e-29   6.263669e-30   5.109089e+00
 2.982412e-29   4.990948e-30   5.975642e+00
 3.012466e-29   5.386198e-30   5.592936e+00
 2.711963e-29   7.190429e-30   3.771629e+00
 3.419565e-29   5.842128e-30   5.853288e+00
 2.784465e-29   6.301324e-30   4.418858e+00
 3.235344e-29   6.363701e-30   5.084061e+00
 3.287318e-29   5.935127e-30   5.538749e+00
 2.726430e-29   7.493736e-30   3.638279e+00
 3.311752e-29   6.859997e-30   4.827629e+00
 3.366051e-29   5.873244e-30   5.731161e+00
 2.628761e-29   5.711435e-30   4.602627e+00
 2.767965e-29   6.536418e-30   4.234681e+00
 2.948818e-29   5.284440e-30   5.580190e+00
 2.840464e-29   5.855370e-30   4.851040e+00
 3.107503e-29   5.279604e-30   5.885864e+00
 3.023686e-29   7.070454e-30   4.276509e+00
 2.980445e-29   5.721581e-30   5.209129e+00
 3.230220e-29   6.393543e-30   5.052317e+00
 3.072895e-29   6.010498e-30   5.112548e+00
 2.999707e-29   5.456238e-30   5.497757e+00
 2.992152e-29   5.572501e-30   5.369496e+00
 3.171449e-29   6.587133e-30   4.814613e+00
 3.194785e-29   6.140943e-30   5.202434e+00
 2.893449e-29   5.795050e-30   4.992965e+00
 2.964614e-29   5.964323e-30   4.970579e+00
 2.787654e-29   5.762856e-30   4.837278e+00
 3.239261e-29   6.430275e-30   5.037516e+00
 3.118477e-29   6.899656e-30   4.519758e+00
 3.618927e-29   4.167884e-30   8.682889e+00
 3.046017e-29   6.817235e-30   4.468112e+00
 2.739576e-29   5.980936e-30   4.580514e+00
 2.300310e-29   6.150847e-30   3.739826e+00
 2.982672e-29   5.167084e-30   5.772446e+00
 3.045044e-29   7.450916e-30   4.086805e+00
 2.812990e-29   5.329969e-30   5.277685e+00
 3.061511e-29   5.451838e-30   5.615558e+00
 3.171349e-29   6.490066e-30   4.886466e+00
 3.379123e-29   4.792213e-30   7.051280e+00
 3.057766e-29   6.155184e-30   4.967789e+00
 3.068295e-29   4.841343e-30   6.337693e+00
 2.692651e-29   5.670568e-30   4.748468e+00
 3.176856e-29   7.409832e-30   4.287352e+00
 3.079148e-29   5.217980e-30   5.901034e+00
 2.894026e-29   6.064463e-30   4.772106e+00
 2.965141e-29   5.982565e-30   4.956305e+00
 2.946578e-29   5.084790e-30   5.794887e+00
 3.089719e-29   4.867588e-30   6.347537e+00
 2.987074e-29   6.212737e-30   4.807983e+00
 3.199264e-29   6.741901e-30   4.745345e+00
 2.953787e-29   4.833064e-30   6.111624e+00
 3.096232e-29   5.624274e-30   5.505122e+00
 2.919297e-29   5.088067e-30   5.737536e+00
 3.006211e-29   7.765703e-30   3.871138e+00
 2.548131e-29   5.780647e-30   4.408038e+00
 2.103283e-29   6.694505e-30   3.141806e+00
 3.133778e-29   5.485804e-30   5.712523e+00
 3.160721e-29   7.142739e-30   4.425083e+00
 3.271947e-29   5.872960e-30   5.571206e+00
 2.574237e-29   7.435688e-30   3.462002e+00
 1.932413e-29   6.785019e-30   2.848059e+00
 3.053452e-29   6.822635e-30   4.475474e+00
 3.268384e-29   6.413106e-30   5.096414e+00
 3.118155e-29   6.431512e-30   4.848245e+00
 2.909225e-29   5.897255e-30   4.933186e+00
 2.800595e-29   6.325243e-30   4.427647e+00
 3.255696e-29   5.945116e-30   5.476253e+00
 3.227385e-29   6.097625e-30   5.292855e+00
 2.920689e-29   6.153456e-30   4.746421e+00
 2.758482e-29   5.000848e-30   5.516029e+00
 2.962584e-29   5.784222e-30   5.121836e+00
 2.460053e-29   5.566699e-30   4.419230e+00
 3.131983e-29   6.502857e-30   4.816319e+00
 2.833247e-29   7.501036e-30   3.777141e+00
 3.242619e-29   5.985349e-30   5.417594e+00
 3.119011e-29   6.840539e-30   4.559598e+00
 3.060573e-29   6.640568e-30   4.608901e+00
 3.603303e-29   4.230314e-30   8.517813e+00
 3.367106e-29   4.747092e-30   7.092986e+00
 2.975797e-29   6.419967e-30   4.635221e+00
 3.111029e-29   6.554433e-30   4.746450e+00
 2.630433e-29   5.841598e-30   4.502933e+00
 3.014054e-29   5.421363e-30   5.559587e+00
 2.735009e-29   7.140040e-30   3.830524e+00
 2.746249e-29   5.853993e-30   4.691241e+00
 2.885560e-29   5.449490e-30   5.295100e+00
 2.897857e-29   6.418922e-30   4.514554e+00
 3.037140e-29   5.206951e-30   5.832857e+00
 2.581586e-29   5.770053e-30   4.474112e+00
 3.199535e-29   6.163242e-30   5.191319e+00
 3.247060e-29   6.112635e-30   5.312046e+00
 3.007337e-29   5.721169e-30   5.256508e+00
 2.592257e-29   6.523249e-30   3.973874e+00
 3.185571e-29   6.662947e-30   4.781024e+00
 2.991626e-29   6.689353e-30   4.472220e+00
 2.650170e-29   6.542384e-30   4.050770e+00
 2.982804e-29   5.976570e-30   4.990829e+00
 3.124661e-29   7.308347e-30   4.275469e+00
 2.844302e-29   6.524565e-30   4.359375e+00
 2.847868e-29   6.047733e-30   4.708984e+00
 2.863551e-29   6.503329e-30   4.403208e+00
 2.913026e-29   5.562711e-30   5.236701e+00
 2.487828e-29   5.917796e-30   4.203977e+00
 2.723110e-29   7.344113e-30   3.707882e+00
 3.084309e-29   5.888482e-30   5.237869e+00
 3.189457e-29   6.191095e-30   5.151685e+00
 2.742538e-29   5.914406e-30   4.637047e+00
 3.007321e-29   5.052388e-30   5.952277e+00
 2.932083e-29   5.503459e-30   5.327710e+00
 3.334692e-29   6.002500e-30   5.555505e+00
 2.337087e-29   7.291414e-30   3.205260e+00
 3.788760e-29   4.179369e-30   9.065386e+00
 3.214430e-29   6.149691e-30   5.226977e+00
 3.262735e-29   4.679409e-30   6.972537e+00
 2.905419e-29   5.815165e-30   4.996279e+00
 2.904969e-29   5.884151e-30   4.936938e+00
 3.214182e-29   5.225008e-30   6.151536e+00
 3.070221e-29   5.895725e-30   5.207538e+00
 3.103990e-29   6.939370e-30   4.473015e+00
 3.481104e-29   5.657966e-30   6.152571e+00
 2.907932e-29   6.959412e-30   4.178417e+00
 3.242683e-29   5.781392e-30   5.608827e+00
 2.799023e-29   5.762850e-30   4.857011e+00
 3.057431e-29   6.259777e-30   4.884248e+00
 3.081767e-29   5.440743e-30   5.664239e+00
 3.092922e-29   5.970204e-30   5.180597e+00
 3.005227e-29   7.760608e-30   3.872411e+00
 3.163472e-29   6.828861e-30   4.632502e+00
 2.961012e-29   7.019368e-30   4.218345e+00
 2.646339e-29   6.370302e-30   4.154181e+00
 2.895100e-29   6.085510e-30   4.757366e+00
 3.288637e-29   5.724583e-30   5.744762e+00
 3.297460e-29   5.394276e-30   6.112888e+00
 2.971260e-29   5.934214e-30   5.006999e+00
 3.035644e-29   5.456075e-30   5.563788e+00
 2.633748e-29   7.866192e-30   3.348187e+00
 2.683886e-29   5.847314e-30   4.589947e+00
 3.296853e-29   5.177526e-30   6.367623e+00
 2.141508e-29   5.831864e-30   3.672082e+00
 3.265484e-29   5.829262e-30   5.601883e+00
 2.458700e-29   5.457249e-30   4.505384e+00
 2.850912e-29   7.502152e-30   3.800125e+00
 2.896728e-29   5.546582e-30   5.222546e+00
 2.972975e-29   7.199164e-30   4.129612e+00
 2.417649e-29   7.251675e-30   3.333917e+00
 3.141693e-29   5.092646e-30   6.169079e+00
 3.908314e-29   6.065002e-30   6.444043e+00
 3.201472e-29   5.390947e-30   5.938608e+00
 3.192144e-29   7.009940e-30   4.553739e+00
 3.448244e-29   5.219261e-30   6.606766e+00
 2.975689e-29   6.127516e-30   4.856273e+00
 3.229606e-29   6.291432e-30   5.133340e+00
 2.609834e-29   7.010070e-30   3.722979e+00
 2.943420e-29   6.477257e-30   4.544239e+00
 3.608120e-29   5.820819e-30   6.198647e+00
 3.244457e-29   4.896696e-30   6.625809e+00
 3.381809e-29   5.652340e-30   5.983025e+00
 3.116953e-29   6.812733e-30   4.575187e+00
 2.866015e-29   4.836947e-30   5.925257e+00
 2.726253e-29   5.298998e-30   5.144847e+00
 3.104945e-29   4.871069e-30   6.374258e+00
 3.567415e-29   5.765960e-30   6.187027e+00
 3.265085e-29   6.594513e-30   4.951214e+00
 3.382590e-29   5.596717e-30   6.043883e+00
 3.191278e-29   6.551482e-30   4.871078e+00
 3.181106e-29   5.033256e-30   6.320176e+00
 2.774236e-29   6.416724e-30   4.323446e+00
 3.289718e-29   5.992112e-30   5.490080e+00
 2.400493e-29   4.905241e-30   4.893732e+00
 2.603075e-29   5.997859e-30   4.340008e+00
 3.064122e-29   6.812201e-30   4.497992e+00
 2.558502e-29   6.246479e-30   4.095911e+00
 3.239937e-29   4.992777e-30   6.489250e+00
 3.149605e-29   5.769131e-30   5.459410e+00
 3.179533e-29   5.700241e-30   5.577892e+00
 2.530608e-29   6.112500e-30   4.140054e+00
 3.002152e-29   6.236254e-30   4.814031e+00
 2.984077e-29   5.705781e-30   5.229919e+00
 3.409886e-29   4.923464e-30   6.925787e+00
 2.875540e-29   5.712406e-30   5.033851e+00
 3.297616e-29   4.895158e-30   6.736485e+00
 3.016592e-29   4.670702e-30   6.458542e+00
 2.854694e-29   5.634334e-30   5.066604e+00
 2.993568e-29   7.029269e-30   4.258719e+00
 2.740798e-29   6.924725e-30   3.957988e+00
 2.779660e-29   6.657538e-30   4.175207e+00
 2.500057e-29   6.200682e-30   4.031907e+00
 2.999653e-29   5.531778e-30   5.422584e+00
 2.762821e-29   4.551883e-30   6.069622e+00
 3.546620e-29   5.572326e-30   6.364703e+00
 3.317333e-29   5.485054e-30   6.047950e+00
 2.852353e-29   5.280525e-30   5.401647e+00
 3.165494e-29   6.496406e-30   4.872685e+00
 3.415072e-29   5.261797e-30   6.490316e+00
 2.618183e-29   6.624680e-30   3.952166e+00
 2.918213e-29   5.799002e-30   5.032268e+00
 3.085941e-29   6.385790e-30   4.832513e+00
 2.932620e-29   6.542289e-30   4.482559e+00
 2.769931e-29   6.651837e-30   4.164160e+00
 3.053179e-29   7.352720e-30   4.152448e+00
 2.945471e-29   4.830374e-30   6.097812e+00
 2.826503e-29   6.923998e-30   4.082183e+00
 3.061573e-29   7.538838e-30   4.061067e+00
 2.849516e-29   6.524620e-30   4.367329e+00
 3.085278e-29   6.168467e-30   5.001693e+00
 2.779592e-29   6.093664e-30   4.561447e+00
 2.962334e-29   5.423886e-30   5.461645e+00
 2.889158e-29   4.511507e-30   6.403974e+00
 2.969940e-29   6.553432e-30   4.531884e+00
 2.934467e-29   5.718612e-30   5.131432e+00
 2.906774e-29   5.874680e-30   4.947970e+00
 2.730603e-29   6.075774e-30   4.494247e+00
 2.959195e-29   5.767005e-30   5.131250e+00
 2.109123e-29   5.786400e-30   3.644966e+00
 2.599632e-29   6.124761e-30   4.244463e+00
 3.248200e-29   5.660869e-30   5.737988e+00
 3.078152e-29   7.145557e-30   4.307784e+00
 2.688812e-29   6.605096e-30   4.070815e+00
 3.400772e-29   6.115671e-30   5.560751e+00
 3.326417e-29   5.763273e-30   5.771751e+00
 2.768325e-29   6.201475e-30   4.463978e+00
 2.681334e-29   5.273764e-30   5.084289e+00
 2.774742e-29   5.465255e-30   5.077058e+00
 3.281574e-29   6.223618e-30   5.272775e+00
 2.999720e-29   7.685996e-30   3.902838e+00
 3.063386e-29   6.471607e-30   4.733578e+00
 3.249821e-29   5.900659e-30   5.507556e+00
 3.051025e-29   4.719170e-30   6.465174e+00
 3.294245e-29   5.699387e-30   5.779999e+00
 3.003377e-29   5.892060e-30   5.097330e+00
 3.251182e-29   5.069786e-30   6.412858e+00
 2.943360e-29   5.776493e-30   5.095410e+00
 2.903944e-29   5.694447e-30   5.099607e+00
 3.205495e-29   5.672463e-30   5.650976e+00
 3.109741e-29   7.144380e-30   4.352709e+00
 2.947956e-29   5.415100e-30   5.443955e+00
 2.962719e-29   5.763351e-30   5.140618e+00
 3.227527e-29   5.762987e-30   5.600441e+00
 2.849549e-29   6.140945e-30   4.640246e+00
 3.085642e-29   5.818387e-30   5.303260e+00
 2.856606e-29   5.648299e-30   5.057463e+00
 2.716955e-29   7.308779e-30   3.717385e+00
 2.527282e-29   5.582262e-30   4.527343e+00
 2.805300e-29   7.047636e-30   3.980484e+00
 3.116065e-29   7.273214e-30   4.284302e+00
 2.929755e-29   6.621957e-30   4.424303e+00
 3.128365e-29   5.800347e-30   5.393410e+00
 3.592967e-29   6.196363e-30   5.798509e+00
 3.175357e-29   6.530290e-30   4.862506e+00
 2.712350e-29   6.468214e-30   4.193353e+00
 2.579030e-29   6.671810e-30   3.865562e+00
 3.101499e-29   5.380429e-30   5.764408e+00
 2.844510e-29   7.027565e-30   4.047647e+00
 3.002073e-29   5.276820e-30   5.689170e+00
 2.930064e-29   6.425266e-30   4.560222e+00
 2.970765e-29   6.041894e-30   4.916943e+00
 2.699197e-29   6.916813e-30   3.902372e+00
 2.366988e-29   6.443667e-30   3.673356e+00
 3.340025e-29   6.196483e-30   5.390195e+00
 2.975809e-29   5.417475e-30   5.492981e+00
 3.129524e-29   6.114802e-30   5.117949e+00
 3.099274e-29   5.398022e-30   5.741499e+00
 3.254128e-29   6.747475e-30   4.822734e+00
 2.239843e-29   5.624679e-30   3.982171e+00
 3.133109e-29   5.702095e-30   5.494663e+00
 2.776941e-29   6.152945e-30   4.513189e+00
 3.323941e-29   5.528518e-30   6.012355e+00
 2.661964e-29   6.579160e-30   4.046055e+00
 2.986002e-29   6.669779e-30   4.476912e+00
 2.890726e-29   5.722342e-30   5.051649e+00
 3.049200e-29   5.174936e-30   5.892247e+00
 2.554944e-29   5.029711e-30   5.079703e+00
 1.978463e-29   4.653888e-30   4.251205e+00
 2.721502e-29   7.029375e-30   3.871613e+00
 2.827710e-29   7.305375e-30   3.870726e+00
 2.700996e-29   7.472555e-30   3.614555e+00
 2.711966e-29   5.971011e-30   4.541887e+00
 3.141413e-29   6.806608e-30   4.615240e+00
 3.022590e-29   5.873333e-30   5.146295e+00
 2.960525e-29   5.469433e-30   5.412855e+00
 2.843930e-29   6.079124e-30   4.678190e+00
 3.203709e-29   6.811734e-30   4.703221e+00
 3.099017e-29   4.243353e-30   7.303226e+00
 3.276395e-29   6.217116e-30   5.269959e+00
 3.211454e-29   5.400412e-30   5.946684e+00
 2.841383e-29   7.373476e-30   3.853519e+00
 3.005916e-29   5.363373e-30   5.604525e+00
 3.155365e-29   4.231305e-30   7.457191e+00
 3.313912e-29   5.594099e-30   5.923942e+00
 2.982092e-29   5.380646e-30   5.542256e+00
 2.373185e-29   5.413917e-30   4.383489e+00
 2.568435e-29   5.873511e-30   4.372912e+00
 2.975901e-29   5.633822e-30   5.282206e+00
 3.240142e-29   5.800078e-30   5.586377e+00
 2.738898e-29   6.961859e-30   3.934148e+00
 2.497025e-29   5.139491e-30   4.858506e+00
 2.988952e-29   5.676078e-30   5.265875e+00
 2.432503e-29   5.132554e-30   4.739361e+00
 2.794939e-29   5.755214e-30   4.856360e+00
 3.009837e-29   5.405323e-30   5.568283e+00
 2.898532e-29   6.488509e-30   4.467176e+00
 3.376143e-29   5.745972e-30   5.875669e+00
 2.545250e-29   5.749186e-30   4.427148e+00
 3.528621e-29   4.845912e-30   7.281645e+00
 3.310083e-29   6.330712e-30   5.228610e+00
 2.536998e-29   6.212981e-30   4.083383e+00
 2.921337e-29   6.100184e-30   4.788933e+00
 2.787715e-29   5.735167e-30   4.860740e+00
 3.210620e-29   5.834588e-30   5.502737e+00
 2.876576e-29   6.567648e-30   4.379918e+00
 2.903026e-29   5.395015e-30   5.380942e+00
 3.370608e-29   5.772010e-30   5.839574e+00
 3.198873e-29   6.412423e-30   4.988555e+00
 3.157695e-29   6.578239e-30   4.800214e+00
 3.250954e-29   6.027012e-30   5.393973e+00
 2.762279e-29   6.537648e-30   4.225187e+00
 3.110466e-29   5.723756e-30   5.434310e+00
 3.132522e-29   6.046964e-30   5.180322e+00
 3.098396e-29   5.871419e-30   5.277083e+00
 2.692243e-29   4.924062e-30   5.467525e+00
 3.376444e-29   5.428926e-30   6.219359e+00
 2.974433e-29   5.636004e-30   5.277557e+00
 3.275378e-29   5.421076e-30   6.041934e+00
 3.031227e-29   4.816448e-30   6.293491e+00
 2.499610e-29   6.585972e-30   3.795354e+00
 3.378368e-29   6.460556e-30   5.229222e+00
 3.089153e-29   4.753030e-30   6.499333e+00
 2.699579e-29   5.271761e-30   5.120830e+00
 3.035013e-29   5.195976e-30   5.841084e+00
 3.441145e-29   4.980730e-30   6.908917e+00
 2.998784e-29   5.167602e-30   5.803047e+00
 1.830158e-29   5.576912e-30   3.281669e+00
 3.133565e-29   6.451567e-30   4.857061e+00
 2.901476e-29   6.560480e-30   4.422658e+00
 3.020065e-29   5.942704e-30   5.081972e+00
 2.875344e-29   5.501825e-30   5.226164e+00
 2.827574e-29   5.144215e-30   5.496609e+00
 2.320036e-29   6.179011e-30   3.754705e+00
 3.100820e-29   7.010858e-30   4.422883e+00
 3.089172e-29   7.172930e-30   4.306709e+00
 3.161097e-29   6.088052e-30   5.192296e+00
 2.832398e-29   6.085644e-30   4.654229e+00
 3.145581e-29   5.868357e-30   5.360242e+00
 2.544369e-29   6.557532e-30   3.880071e+00
 3.299546e-29   4.692517e-30   7.031506e+00
 3.250528e-29   6.326919e-30   5.137616e+00
 2.807007e-29   6.767682e-30   4.147664e+00
 3.153151e-29   6.683063e-30   4.718123e+00
 3.107945e-29   5.831454e-30   5.329623e+00
 2.842853e-29   6.071114e-30   4.682588e+00
 3.145046e-29   5.908220e-30   5.323171e+00
 2.956948e-29   5.478871e-30   5.397002e+00
 3.153723e-29   4.480349e-30   7.039012e+00
 3.191986e-29   5.379235e-30   5.933903e+00
 3.102041e-29   6.116838e-30   5.071315e+00
 2.361050e-29   5.434700e-30   4.344399e+00
 3.083605e-29   5.644938e-30   5.462602e+00
 3.026738e-29   4.894222e-30   6.184309e+00
 3.218660e-29   6.169261e-30   5.217254e+00
 3.322284e-29   6.233988e-30   5.329307e+00
 2.959430e-29   5.666737e-30   5.222459e+00
 3.299835e-29   5.681972e-30   5.807552e+00
 3.114659e-29   4.732777e-30   6.581039e+00
 3.481114e-29   5.446440e-30   6.391540e+00
 3.389848e-29   5.976662e-30   5.671808e+00
 2.582453e-29   7.887456e-30   3.274127e+00
 3.225296e-29   7.216351e-30   4.469428e+00
 3.104160e-29   5.904529e-30   5.257253e+00
 2.783408e-29   6.526126e-30   4.265024e+00
 2.904521e-29   4.907168e-30   5.918936e+00
 3.281091e-29   5.637501e-30   5.820117e+00
 2.988919e-29   7.396307e-30   4.041097e+00
 3.128633e-29   7.235961e-30   4.323729e+00
 2.794790e-29   6.922836e-30   4.037059e+00
 2.950709e-29   6.960677e-30   4.239112e+00
 3.255476e-29   6.340636e-30   5.134305e+00
 3.231080e-29   6.148473e-30   5.255094e+00
 3.002469e-29   6.196580e-30   4.845365e+00
 3.094740e-29   4.982255e-30   6.211525e+00
 2.802012e-29   6.475677e-30   4.326980e+00
 3.177433e-29   6.493093e-30   4.893560e+00
 2.876632e-29   6.814304e-30   4.221461e+00
 3.158883e-29   6.531841e-30   4.836130e+00
 2.902356e-29   6.074303e-30   4.778089e+00
 3.057431e-29   6.259777e-30   4.884248e+00
 2.952965e-29   6.858661e-30   4.305454e+00
 3.142258e-29   6.476343e-30   4.851902e+00
 2.794454e-29   6.032453e-30   4.632368e+00
 2.767496e-29   4.959133e-30   5.580604e+00
 3.301015e-29   6.122066e-30   5.391995e+00
 2.897445e-29   5.863811e-30   4.941231e+00
 3.267917e-29   5.920734e-30   5.519445e+00
 3.057111e-29   5.414398e-30   5.646262e+00
 3.238979e-29   5.401721e-30   5.996197e+00
 3.239876e-29   4.886121e-30   6.630772e+00
 2.531664e-29   6.962998e-30   3.635882e+00
 2.701260e-29   5.294898e-30   5.101629e+00
 3.237992e-29   6.121661e-30   5.289401e+00
 2.937969e-29   5.238380e-30   5.608545e+00
 2.771505e-29   5.586347e-30   4.961211e+00
 2.767417e-29   5.503072e-30   5.028858e+00
 3.313356e-29   5.691581e-30   5.821503e+00
 3.220492e-29   6.332045e-30   5.086022e+00
 2.391459e-29   6.370187e-30   3.754142e+00
 3.105270e-29   5.530042e-30   5.615274e+00
 3.200663e-29   6.333121e-30   5.053849e+00
 2.885885e-29   5.318402e-30   5.426225e+00
 2.857673e-29   6.626076e-30   4.312768e+00
 2.790461e-29   5.953045e-30   4.687452e+00
 3.085671e-29   7.147455e-30   4.317161e+00
 3.187156e-29   5.581178e-30   5.710544e+00
 3.207880e-29   6.876057e-30   4.665289e+00
 3.012082e-29   5.545676e-30   5.431407e+00
 3.318136e-29   5.280121e-30   6.284205e+00
