 8.755917e-30   2.063256e-30   4.243737e+00
 9.346280e-30   1.910523e-30   4.892002e+00
 9.185076e-30   2.011722e-30   4.565778e+00
 9.134971e-30   1.992454e-30   4.584784e+00
 7.547161e-30   1.667227e-30   4.526775e+00
 8.360400e-30   2.480226e-30   3.370822e+00
 8.672704e-30   2.456839e-30   3.530026e+00
 7.501526e-30   2.335768e-30   3.211589e+00
 8.919093e-30   1.879513e-30   4.745427e+00
 6.267946e-30   2.087355e-30   3.002817e+00
 8.198843e-30   2.126774e-30   3.855061e+00
 7.164229e-30   2.095646e-30   3.418626e+00
 5.562982e-30   2.053545e-30   2.708965e+00
 8.378067e-30   1.912311e-30   4.381121e+00
 8.904728e-30   2.340126e-30   3.805234e+00
 3.851666e-30   2.347066e-30   1.641055e+00
 7.282063e-30   1.988707e-30   3.661707e+00
 7.138541e-30   1.955977e-30   3.649604e+00
 9.383952e-30   1.885750e-30   4.976243e+00
 8.716196e-30   2.246621e-30   3.879692e+00
 8.877347e-30   2.064272e-30   4.300474e+00
 7.493659e-30   2.067422e-30   3.624639e+00
 8.348356e-30   2.378024e-30   3.510628e+00
 9.095280e-30   2.064896e-30   4.404716e+00
 8.699437e-30   1.977669e-30   4.398834e+00
 6.947008e-30   2.211868e-30   3.140787e+00
 7.043424e-30   2.081036e-30   3.384577e+00
 6.970100e-30   2.249257e-30   3.098845e+00
 8.968970e-30   2.277893e-30   3.937397e+00
 6.133664e-30   1.923428e-30   3.188922e+00
 9.338334e-30   1.905814e-30   4.899919e+00
 9.342957e-30   1.739494e-30   5.371079e+00
 8.584990e-30   2.253735e-30   3.809228e+00
 7.387526e-30   2.413912e-30   3.060396e+00
 6.204892e-30   2.349345e-30   2.641116e+00
 8.364614e-30   2.061476e-30   4.057585e+00
 5.977685e-30   2.279651e-30   2.622194e+00
 8.680214e-30   2.421860e-30   3.584111e+00
 6.800960e-30   2.556877e-30   2.659870e+00
 8.750982e-30   2.213701e-30   3.953100e+00
 4.977056e-30   2.011931e-30   2.473771e+00
 8.819763e-30   2.041883e-30   4.319426e+00
 7.809655e-30   2.462196e-30   3.171825e+00
 8.035891e-30   1.985442e-30   4.047406e+00
 8.927889e-30   1.942646e-30   4.595737e+00
 8.465916e-30   2.251689e-30   3.759807e+00
 6.820840e-30   1.816211e-30   3.755532e+00
 7.011227e-30   2.341573e-30   2.994238e+00
 8.555242e-30   2.119620e-30   4.036215e+00
 7.323448e-30   1.976425e-30   3.705401e+00
 7.548421e-30   1.865776e-30   4.045727e+00
 8.551500e-30   2.229608e-30   3.835427e+00
 9.422228e-30   2.398616e-30   3.928193e+00
 8.935231e-30   2.076362e-30   4.303311e+00
 7.934778e-30   2.248593e-30   3.528775e+00
 8.435224e-30   2.493688e-30   3.382630e+00
 6.103403e-30   1.876479e-30   3.252583e+00
 7.154828e-30   1.853704e-30   3.859747e+00
 6.647785e-30   2.703798e-30   2.458684e+00
 7.170568e-30   2.298075e-30   3.120249e+00
 7.490249e-30   2.072952e-30   3.613326e+00
 7.968575e-30   2.357910e-30   3.379508e+00
 6.181010e-30   2.490875e-30   2.481461e+00
 6.562160e-30   2.225626e-30   2.948456e+00
 7.128988e-30   3.087169e-30   2.309231e+00
 8.783406e-30   2.306640e-30   3.807879e+00
 6.990574e-30   2.349796e-30   2.974971e+00
 7.015823e-30   2.291020e-30   3.062314e+00
 7.670282e-30   2.134372e-30   3.593694e+00
 7.355460e-30   2.479424e-30   2.966600e+00
 6.670083e-30   2.406610e-30   2.771568e+00
 8.597656e-30   2.513808e-30   3.420172e+00
 5.908309e-30   2.132504e-30   2.770597e+00
 7.508806e-30   2.073731e-30   3.620916e+00
 7.878883e-30   2.149939e-30   3.664701e+00
 8.341119e-30   2.047710e-30   4.073389e+00
 9.496298e-30   2.155085e-30   4.406462e+00
 7.734197e-30   2.188331e-30   3.534291e+00
 8.111613e-30   2.194534e-30   3.696280e+00
 9.475058e-30   2.096211e-30   4.520089e+00
 6.945249e-30   2.205264e-30   3.149395e+00
 8.468598e-30   2.264886e-30   3.739084e+00
 8.781041e-30   2.205036e-30   3.982266e+00
 7.167702e-30   2.212811e-30   3.239184e+00
 9.874692e-30   1.658109e-30   5.955393e+00
 7.071509e-30   2.185609e-30   3.235486e+00
 1.042647e-29   1.949107e-30   5.349356e+00
 8.225287e-30   2.322863e-30   3.541012e+00
 9.808386e-30   1.831759e-30   5.354628e+00
 8.596135e-30   2.131842e-30   4.032258e+00
 8.814108e-30   2.153048e-30   4.093782e+00
 7.824279e-30   1.610305e-30   4.858881e+00
 7.075695e-30   2.207758e-30   3.204923e+00
 6.703447e-30   2.404119e-30   2.788317e+00
 7.900283e-30   1.630458e-30   4.845439e+00
 7.208856e-30   1.923232e-30   3.748303e+00
 9.142776e-30   1.931717e-30   4.732980e+00
 8.878729e-30   2.199921e-30   4.035931e+00
 7.808361e-30   2.184443e-30   3.574531e+00
 7.470874e-30   2.437193e-30   3.065360e+00
 9.803094e-30   1.639015e-30   5.981088e+00
 9.314917e-30   1.960620e-30   4.751006e+00
 8.713200e-30   1.962796e-30   4.439177e+00
 7.832040e-30   2.122181e-30   3.690561e+00
 7.731029e-30   2.244158e-30   3.444958e+00
 7.854933e-30   2.318972e-30   3.387248e+00
 7.938105e-30   2.608194e-30   3.043526e+00
 1.012292e-29   2.183373e-30   4.636370e+00
 8.827913e-30   2.001691e-30   4.410229e+00
 7.183682e-30   2.613927e-30   2.748234e+00
 8.048930e-30   1.883020e-30   4.274478e+00
 9.257501e-30   1.801145e-30   5.139786e+00
 9.766088e-30   1.785278e-30   5.470345e+00
 8.012020e-30   2.191214e-30   3.656430e+00
 7.959158e-30   2.270393e-30   3.505630e+00
 6.947008e-30   2.211868e-30   3.140787e+00
 8.378802e-30   2.389321e-30   3.506772e+00
 7.109690e-30   2.465639e-30   2.883508e+00
 8.905106e-30   2.024454e-30   4.398770e+00
 8.736048e-30   2.387722e-30   3.658737e+00
 5.101401e-30   2.370153e-30   2.152351e+00
 8.649141e-30   1.993310e-30   4.339085e+00
 9.027191e-30   1.702009e-30   5.303846e+00
 1.022746e-29   2.116523e-30   4.832197e+00
 6.833520e-30   2.398058e-30   2.849606e+00
 7.964533e-30   2.542576e-30   3.132466e+00
 8.199973e-30   2.133601e-30   3.843255e+00
 9.603333e-30   1.781561e-30   5.390403e+00
 6.643824e-30   2.382838e-30   2.788198e+00
 6.983698e-30   2.349074e-30   2.972958e+00
 9.294023e-30   1.714849e-30   5.419732e+00
 7.321902e-30   2.295257e-30   3.190015e+00
 8.833951e-30   2.068522e-30   4.270659e+00
 8.043908e-30   1.873539e-30   4.293429e+00
 6.159968e-30   1.851932e-30   3.326239e+00
 6.952313e-30   1.916049e-30   3.628463e+00
 8.153845e-30   2.669060e-30   3.054950e+00
 6.621757e-30   2.651990e-30   2.496901e+00
 6.385163e-30   2.426719e-30   2.631192e+00
 8.998042e-30   2.158635e-30   4.168394e+00
 9.525862e-30   2.013111e-30   4.731910e+00
 7.934747e-30   2.383143e-30   3.329530e+00
 7.271622e-30   2.251665e-30   3.229442e+00
 9.231668e-30   1.918734e-30   4.811333e+00
 8.765698e-30   2.051337e-30   4.273163e+00
 8.020469e-30   2.144107e-30   3.740703e+00
 7.165951e-30   2.227272e-30   3.217367e+00
 8.525098e-30   1.813904e-30   4.699863e+00
 7.085727e-30   2.029824e-30   3.490808e+00
 7.785095e-30   2.362715e-30   3.294978e+00
 6.955381e-30   2.314461e-30   3.005184e+00
 6.733684e-30   2.428786e-30   2.772449e+00
 9.108716e-30   1.899654e-30   4.794934e+00
 8.662243e-30   2.200815e-30   3.935925e+00
 7.260344e-30   1.933140e-30   3.755726e+00
 9.228111e-30   1.789361e-30   5.157211e+00
 8.582403e-30   2.047612e-30   4.191421e+00
 6.025658e-30   2.130120e-30   2.828788e+00
 8.401291e-30   2.031835e-30   4.134830e+00
 7.909974e-30   1.915848e-30   4.128707e+00
 7.177944e-30   2.356749e-30   3.045697e+00
 8.912354e-30   1.934802e-30   4.606339e+00
 8.939508e-30   2.131881e-30   4.193249e+00
 7.019732e-30   1.810934e-30   3.876305e+00
 6.971688e-30   2.267119e-30   3.075132e+00
 6.989049e-30   2.471830e-30   2.827480e+00
 8.354039e-30   2.037388e-30   4.100367e+00
 7.517978e-30   2.271995e-30   3.308977e+00
 6.949485e-30   2.221412e-30   3.128408e+00
 1.072058e-29   2.045888e-30   5.240061e+00
 8.065864e-30   1.838798e-30   4.386488e+00
 7.534669e-30   1.759734e-30   4.281708e+00
 8.830758e-30   1.855407e-30   4.759472e+00
 6.940586e-30   2.327061e-30   2.982555e+00
 8.665454e-30   2.200349e-30   3.938219e+00
 7.842216e-30   2.072266e-30   3.784367e+00
 6.926965e-30   2.746798e-30   2.521833e+00
 8.979471e-30   2.093733e-30   4.288737e+00
 7.418936e-30   1.791205e-30   4.141870e+00
 7.320211e-30   1.933630e-30   3.785736e+00
 6.968497e-30   2.442784e-30   2.852687e+00
 9.792618e-30   2.210562e-30   4.429922e+00
 8.073725e-30   1.945547e-30   4.149849e+00
 9.449717e-30   2.135135e-30   4.425817e+00
 7.535360e-30   2.269111e-30   3.320842e+00
 9.309741e-30   1.817411e-30   5.122529e+00
 8.742034e-30   2.427657e-30   3.601016e+00
 7.750983e-30   2.049883e-30   3.781182e+00
 7.417143e-30   2.269858e-30   3.267668e+00
 7.387029e-30   2.185253e-30   3.380400e+00
 8.747992e-30   2.129026e-30   4.108917e+00
 9.220760e-30   1.771757e-30   5.204302e+00
 9.040893e-30   2.064008e-30   4.380260e+00
 7.173762e-30   2.269982e-30   3.160273e+00
 8.153319e-30   2.117292e-30   3.850823e+00
 7.177274e-30   2.358423e-30   3.043252e+00
 8.110228e-30   2.051480e-30   3.953353e+00
 6.632592e-30   2.343140e-30   2.830643e+00
 7.768710e-30   2.180512e-30   3.562792e+00
 8.691425e-30   2.237420e-30   3.884574e+00
 8.463229e-30   2.659372e-30   3.182416e+00
 8.162370e-30   2.124018e-30   3.842892e+00
 8.395752e-30   1.894268e-30   4.432188e+00
 9.209178e-30   2.149124e-30   4.285086e+00
 6.684360e-30   2.164947e-30   3.087540e+00
 7.583576e-30   1.813235e-30   4.182347e+00
 7.528598e-30   2.512467e-30   2.996496e+00
 8.629936e-30   2.174995e-30   3.967795e+00
 8.167269e-30   1.789729e-30   4.563412e+00
 7.397127e-30   2.204757e-30   3.355076e+00
 7.366295e-30   1.887043e-30   3.903618e+00
 6.106380e-30   2.601521e-30   2.347234e+00
 6.363327e-30   2.627334e-30   2.421971e+00
 8.541042e-30   2.163886e-30   3.947085e+00
 1.034052e-29   1.617479e-30   6.392986e+00
 6.927840e-30   2.213744e-30   3.129468e+00
 8.350306e-30   2.176143e-30   3.837205e+00
 8.810345e-30   2.020345e-30   4.360812e+00
 4.742627e-30   1.879118e-30   2.523858e+00
 7.198461e-30   2.096549e-30   3.433481e+00
 9.280707e-30   1.737473e-30   5.341496e+00
 9.503655e-30   1.989190e-30   4.777651e+00
 5.847377e-30   1.882926e-30   3.105473e+00
 9.269759e-30   2.140281e-30   4.331094e+00
 6.833980e-30   2.393480e-30   2.855249e+00
 6.311828e-30   2.294201e-30   2.751210e+00
 7.118987e-30   2.601114e-30   2.736899e+00
 8.921932e-30   1.902956e-30   4.688459e+00
 7.145912e-30   2.424782e-30   2.947033e+00
 6.805300e-30   2.687203e-30   2.532484e+00
 5.679223e-30   2.473726e-30   2.295817e+00
 7.242022e-30   2.041664e-30   3.547118e+00
 9.241704e-30   1.799941e-30   5.134448e+00
 7.097585e-30   2.198915e-30   3.227767e+00
 6.650888e-30   2.464778e-30   2.698372e+00
 7.568853e-30   1.970940e-30   3.840225e+00
 7.000627e-30   1.885710e-30   3.712463e+00
 7.000715e-30   2.204512e-30   3.175630e+00
 7.151188e-30   2.206693e-30   3.240680e+00
 8.254170e-30   2.082031e-30   3.964480e+00
 5.975816e-30   2.556305e-30   2.337677e+00
 9.377865e-30   1.970715e-30   4.758610e+00
 8.060657e-30   2.311696e-30   3.486901e+00
 6.514671e-30   2.214223e-30   2.942193e+00
 8.307943e-30   2.049771e-30   4.053107e+00
 7.972383e-30   2.376673e-30   3.354430e+00
 7.408438e-30   2.405613e-30   3.079647e+00
 6.844107e-30   1.853144e-30   3.693241e+00
 7.101601e-30   2.362256e-30   3.006280e+00
 9.057347e-30   1.955487e-30   4.631761e+00
 8.859081e-30   1.592596e-30   5.562666e+00
 7.365882e-30   1.919853e-30   3.836691e+00
 9.057671e-30   1.789453e-30   5.061699e+00
 5.213816e-30   1.833566e-30   2.843539e+00
 8.894179e-30   2.210047e-30   4.024430e+00
 6.291900e-30   2.159582e-30   2.913480e+00
 7.165554e-30   2.152533e-30   3.328894e+00
 7.170568e-30   2.298075e-30   3.120249e+00
 9.485651e-30   2.012721e-30   4.712850e+00
 7.059710e-30   2.689929e-30   2.624496e+00
 7.218013e-30   2.218027e-30   3.254250e+00
 9.101031e-30   2.221855e-30   4.096141e+00
 8.203198e-30   1.860718e-30   4.408619e+00
 8.205433e-30   2.562210e-30   3.202483e+00
 7.192731e-30   2.101992e-30   3.421865e+00
 8.972166e-30   1.976720e-30   4.538916e+00
 7.870870e-30   2.169879e-30   3.627331e+00
 7.193141e-30   2.121070e-30   3.391279e+00
 7.344199e-30   2.081463e-30   3.528383e+00
 6.872492e-30   2.445355e-30   2.810427e+00
 9.582317e-30   2.117842e-30   4.524566e+00
 8.487360e-30   2.131032e-30   3.982746e+00
 6.879570e-30   2.625067e-30   2.620722e+00
 8.029512e-30   2.283259e-30   3.516689e+00
 9.510336e-30   1.700230e-30   5.593559e+00
 8.167521e-30   2.241162e-30   3.644324e+00
 7.308568e-30   2.195953e-30   3.328199e+00
 8.723257e-30   2.189948e-30   3.983317e+00
 7.010149e-30   2.261074e-30   3.100363e+00
 6.834978e-30   2.564731e-30   2.664988e+00
 6.242742e-30   2.173671e-30   2.871980e+00
 9.578041e-30   1.620722e-30   5.909735e+00
 7.677997e-30   2.216390e-30   3.464191e+00
 6.825896e-30   2.549787e-30   2.677045e+00
 9.293477e-30   1.883108e-30   4.935179e+00
 8.666255e-30   2.243404e-30   3.862994e+00
 7.217058e-30   2.351787e-30   3.068755e+00
 8.151118e-30   2.012815e-30   4.049612e+00
 8.389253e-30   1.844474e-30   4.548317e+00
 8.599945e-30   2.479854e-30   3.467924e+00
 9.106362e-30   1.874558e-30   4.857871e+00
 8.623456e-30   2.189663e-30   3.938257e+00
 6.577894e-30   3.277624e-30   2.006909e+00
 5.769569e-30   2.662588e-30   2.166903e+00
 8.883140e-30   2.155393e-30   4.121355e+00
 8.965167e-30   1.805563e-30   4.965304e+00
 7.769686e-30   2.659009e-30   2.922023e+00
 9.408677e-30   1.895324e-30   4.964151e+00
 6.838538e-30   2.608067e-30   2.622072e+00
 9.017351e-30   1.913798e-30   4.711757e+00
 7.198921e-30   2.047949e-30   3.515185e+00
 7.692466e-30   1.927592e-30   3.990712e+00
 8.216140e-30   2.285370e-30   3.595102e+00
 8.515130e-30   2.227408e-30   3.822888e+00
 6.552762e-30   2.570325e-30   2.549390e+00
 8.567713e-30   2.118100e-30   4.044999e+00
 6.973797e-30   2.415047e-30   2.887645e+00
 8.253260e-30   2.042325e-30   4.041110e+00
 8.298621e-30   1.723447e-30   4.815129e+00
 8.202479e-30   1.856656e-30   4.417878e+00
 6.871489e-30   2.243558e-30   3.062764e+00
 6.401823e-30   1.845439e-30   3.468997e+00
 7.698913e-30   1.879301e-30   4.096689e+00
 6.864184e-30   2.484904e-30   2.762354e+00
 8.499744e-30   1.955453e-30   4.346688e+00
 7.004192e-30   2.671621e-30   2.621702e+00
 8.163328e-30   2.238262e-30   3.647173e+00
 8.660005e-30   2.087604e-30   4.148298e+00
 9.445068e-30   2.703947e-30   3.493067e+00
 7.132800e-30   2.205770e-30   3.233701e+00
 8.711828e-30   2.111128e-30   4.126621e+00
 7.297668e-30   2.082165e-30   3.504846e+00
 9.917412e-30   1.593251e-30   6.224637e+00
 8.077725e-30   2.380218e-30   3.393691e+00
 8.876512e-30   2.064218e-30   4.300182e+00
 7.460541e-30   2.127491e-30   3.506732e+00
 8.890733e-30   2.190442e-30   4.058877e+00
 8.232874e-30   2.307548e-30   3.567802e+00
 5.802470e-30   2.000144e-30   2.901027e+00
 9.041914e-30   2.272823e-30   3.978275e+00
 9.743102e-30   1.885407e-30   5.167638e+00
 8.915333e-30   1.811659e-30   4.921089e+00
 8.783000e-30   2.023565e-30   4.340360e+00
 7.214026e-30   2.085313e-30   3.459445e+00
 9.223721e-30   1.762817e-30   5.232376e+00
 6.611602e-30   2.354113e-30   2.808532e+00
 9.225278e-30   1.832546e-30   5.034132e+00
 6.650744e-30   2.447844e-30   2.716980e+00
 7.278211e-30   2.495597e-30   2.916421e+00
 8.421138e-30   1.971500e-30   4.271438e+00
 9.151494e-30   1.856927e-30   4.928300e+00
 9.852398e-30   1.690829e-30   5.826963e+00
 9.205407e-30   2.063208e-30   4.461697e+00
 8.349740e-30   2.383631e-30   3.502949e+00
 5.848369e-30   1.709507e-30   3.421085e+00
 6.566601e-30   2.248823e-30   2.920017e+00
 7.060266e-30   1.936062e-30   3.646715e+00
 6.763401e-30   2.381027e-30   2.840540e+00
 7.040820e-30   2.344923e-30   3.002581e+00
 9.439646e-30   1.663399e-30   5.674913e+00
 7.106056e-30   2.111791e-30   3.364943e+00
 7.053788e-30   2.122775e-30   3.322908e+00
 7.199231e-30   2.161563e-30   3.330568e+00
 8.624057e-30   2.503781e-30   3.444413e+00
 7.411990e-30   1.875597e-30   3.951802e+00
 7.403357e-30   2.191225e-30   3.378639e+00
 7.167335e-30   2.122838e-30   3.376298e+00
 7.612366e-30   1.707919e-30   4.457102e+00
 4.985097e-30   1.881871e-30   2.649011e+00
 8.308671e-30   2.424113e-30   3.427510e+00
 7.066192e-30   2.080754e-30   3.395977e+00
 7.025433e-30   2.292793e-30   3.064138e+00
 1.057017e-29   1.790211e-30   5.904431e+00
 7.232609e-30   1.804213e-30   4.008732e+00
 8.806057e-30   2.172459e-30   4.053497e+00
 9.435606e-30   1.998434e-30   4.721500e+00
 7.192173e-30   2.048113e-30   3.511610e+00
 6.667172e-30   1.975855e-30   3.374322e+00
 7.608729e-30   1.480340e-30   5.139854e+00
 7.648299e-30   2.078758e-30   3.679263e+00
 8.782937e-30   2.389634e-30   3.675431e+00
 7.285712e-30   2.351345e-30   3.098530e+00
 7.235052e-30   2.051329e-30   3.527007e+00
 8.776597e-30   2.053345e-30   4.274292e+00
 8.583375e-30   2.185443e-30   3.927522e+00
 7.630057e-30   2.471732e-30   3.086927e+00
 8.040557e-30   2.298684e-30   3.497896e+00
 9.593297e-30   1.789380e-30   5.361241e+00
 6.876685e-30   2.450929e-30   2.805747e+00
 6.211632e-30   2.167960e-30   2.865197e+00
 8.142848e-30   2.407707e-30   3.381992e+00
 5.226684e-30   2.348975e-30   2.225091e+00
 9.312983e-30   1.733860e-30   5.371242e+00
 7.444102e-30   2.456547e-30   3.030311e+00
 6.667839e-30   2.757994e-30   2.417641e+00
 7.095142e-30   2.531916e-30   2.802282e+00
 6.738077e-30   2.956571e-30   2.279017e+00
 9.535455e-30   1.830435e-30   5.209394e+00
 6.682054e-30   2.740678e-30   2.438103e+00
 8.102546e-30   1.748508e-30   4.633977e+00
 7.959878e-30   2.157338e-30   3.689677e+00
 7.590889e-30   2.025536e-30   3.747595e+00
 9.153174e-30   1.773945e-30   5.159785e+00
 7.338213e-30   2.073961e-30   3.538260e+00
 9.793452e-30   1.841523e-30   5.318126e+00
 9.107561e-30   2.401891e-30   3.791829e+00
 8.007696e-30   2.284017e-30   3.505971e+00
 7.099860e-30   2.240717e-30   3.168566e+00
 7.087223e-30   2.168877e-30   3.267692e+00
 8.871294e-30   1.903600e-30   4.660272e+00
 6.958492e-30   2.518757e-30   2.762669e+00
 8.666660e-30   1.668104e-30   5.195516e+00
 9.261327e-30   1.884974e-30   4.913239e+00
 8.205298e-30   1.936690e-30   4.236763e+00
 6.770606e-30   2.811611e-30   2.408088e+00
 7.009971e-30   2.226614e-30   3.148265e+00
 8.665312e-30   2.105073e-30   4.116395e+00
 7.603268e-30   2.072881e-30   3.667972e+00
 8.342416e-30   1.821587e-30   4.579751e+00
 8.692492e-30   2.434489e-30   3.570562e+00
 6.915865e-30   2.147509e-30   3.220413e+00
 8.216473e-30   1.789178e-30   4.592317e+00
 9.298866e-30   1.892505e-30   4.913522e+00
 8.747964e-30   2.088839e-30   4.187955e+00
 8.835089e-30   1.911365e-30   4.622398e+00
 4.884854e-30   2.157107e-30   2.264540e+00
 9.363272e-30   2.087183e-30   4.486080e+00
 8.899571e-30   2.150688e-30   4.138011e+00
 9.420728e-30   1.692061e-30   5.567605e+00
 8.926441e-30   2.174658e-30   4.104757e+00
 8.506304e-30   2.178902e-30   3.903940e+00
 8.764174e-30   1.915385e-30   4.575673e+00
 9.338686e-30   2.065215e-30   4.521895e+00
 8.363392e-30   2.313136e-30   3.615608e+00
 7.668338e-30   2.241477e-30   3.421109e+00
 9.351135e-30   1.738985e-30   5.377353e+00
 6.318472e-30   1.953557e-30   3.234342e+00
 7.115642e-30   2.319372e-30   3.067918e+00
 8.426806e-30   2.173728e-30   3.876661e+00
 8.580547e-30   2.410195e-30   3.560105e+00
 8.104590e-30   2.060660e-30   3.933007e+00
 7.865414e-30   2.447955e-30   3.213055e+00
 7.278414e-30   1.973383e-30   3.688292e+00
 9.286329e-30   1.872028e-30   4.960572e+00
 6.927132e-30   2.004334e-30   3.456077e+00
 7.231337e-30   2.096021e-30   3.450031e+00
 8.636831e-30   2.053823e-30   4.205246e+00
 7.925776e-30   2.033384e-30   3.897825e+00
 6.895250e-30   2.588360e-30   2.663945e+00
 8.753280e-30   2.337798e-30   3.744242e+00
 6.822390e-30   1.892615e-30   3.604743e+00
 7.686417e-30   2.363642e-30   3.251938e+00
 8.459623e-30   1.727886e-30   4.895939e+00
 7.393705e-30   2.505027e-30   2.951547e+00
 7.034433e-30   2.148575e-30   3.273999e+00
 9.034459e-30   1.874294e-30   4.820194e+00
 8.786276e-30   2.389594e-30   3.676891e+00
 9.320495e-30   1.853421e-30   5.028805e+00
 7.140439e-30   2.194629e-30   3.253597e+00
 8.967381e-30   1.861574e-30   4.817096e+00
 9.370284e-30   1.926864e-30   4.862971e+00
 5.069346e-30   2.299471e-30   2.204571e+00
 8.765292e-30   2.085974e-30   4.202014e+00
 6.847756e-30   1.752051e-30   3.908424e+00
 8.615561e-30   2.295421e-30   3.753369e+00
 7.107676e-30   2.195101e-30   3.237972e+00
 6.961552e-30   2.377092e-30   2.928601e+00
 7.171434e-30   2.489949e-30   2.880154e+00
 8.138164e-30   2.415167e-30   3.369608e+00
 7.264564e-30   1.982512e-30   3.664323e+00
 5.664210e-30   2.584618e-30   2.191507e+00
 9.082510e-30   2.174419e-30   4.176983e+00
 9.292765e-30   1.904851e-30   4.878474e+00
 8.429507e-30   1.877852e-30   4.488910e+00
 9.392277e-30   1.704528e-30   5.510191e+00
 7.096109e-30   2.340268e-30   3.032178e+00
 7.111805e-30   2.280728e-30   3.118217e+00
 7.120946e-30   2.157786e-30   3.300118e+00
 8.433579e-30   2.271295e-30   3.713115e+00
 7.412631e-30   1.888491e-30   3.925161e+00
 8.534671e-30   1.948012e-30   4.381222e+00
 7.163393e-30   2.069063e-30   3.462144e+00
 1.053554e-29   1.712625e-30   6.151688e+00
 9.588931e-30   2.413269e-30   3.973419e+00
 8.490583e-30   2.130749e-30   3.984787e+00
 7.009767e-30   2.309784e-30   3.034815e+00
 8.698738e-30   2.488323e-30   3.495823e+00
 9.350027e-30   1.892954e-30   4.939384e+00
 9.178814e-30   2.288607e-30   4.010655e+00
 8.772570e-30   1.809479e-30   4.848120e+00
 8.264999e-30   1.809528e-30   4.567489e+00
 8.902039e-30   1.976217e-30   4.504586e+00
 8.856507e-30   2.342858e-30   3.780215e+00
 7.065341e-30   2.113155e-30   3.343503e+00
 5.907823e-30   2.388555e-30   2.473388e+00
 7.915484e-30   2.121809e-30   3.730536e+00
 7.106197e-30   2.111772e-30   3.365039e+00
 7.912282e-30   2.316274e-30   3.415952e+00
 8.248962e-30   2.259902e-30   3.650141e+00
 6.956671e-30   2.651935e-30   2.623244e+00
 9.454074e-30   2.072274e-30   4.562173e+00
 8.910581e-30   1.947158e-30   4.576198e+00
 8.598890e-30   2.062685e-30   4.168784e+00
 7.522222e-30   2.631993e-30   2.857995e+00
 7.133583e-30   2.178530e-30   3.274493e+00
 8.293533e-30   1.850729e-30   4.481224e+00
 5.743375e-30   2.078804e-30   2.762827e+00
 8.354659e-30   2.041500e-30   4.092412e+00
 7.751751e-30   1.877987e-30   4.127692e+00
 9.519284e-30   1.728364e-30   5.507686e+00
 8.440813e-30   2.299305e-30   3.671028e+00
 8.513569e-30   1.734299e-30   4.908939e+00
 9.447882e-30   2.066595e-30   4.571713e+00
 7.078665e-30   2.326673e-30   3.042399e+00
 7.135462e-30   1.866858e-30   3.822177e+00
 7.007279e-30   2.414244e-30   2.902473e+00
 7.852000e-30   1.783453e-30   4.402695e+00
 7.366695e-30   2.043392e-30   3.605130e+00
 7.551578e-30   1.931907e-30   3.908872e+00
 8.213790e-30   1.884398e-30   4.358841e+00
 7.788712e-30   2.301187e-30   3.384650e+00
 8.804570e-30   2.188740e-30   4.022666e+00
 9.278216e-30   1.890455e-30   4.907927e+00
 7.381551e-30   2.834388e-30   2.604284e+00
 7.070478e-30   2.241363e-30   3.154543e+00
 8.464091e-30   2.228910e-30   3.797414e+00
 7.404787e-30   2.523218e-30   2.934660e+00
 8.928377e-30   1.957136e-30   4.561960e+00
 9.119737e-30   1.973353e-30   4.621442e+00
 9.331022e-30   1.886631e-30   4.945866e+00
 7.209687e-30   2.153812e-30   3.347408e+00
 8.878996e-30   2.039504e-30   4.353507e+00
 7.372105e-30   2.201994e-30   3.347923e+00
 7.202929e-30   2.667470e-30   2.700285e+00
 8.935619e-30   2.208322e-30   4.046338e+00
 6.759979e-30   2.303384e-30   2.934804e+00
 8.268634e-30   2.274094e-30   3.636012e+00
 9.092162e-30   2.164757e-30   4.200084e+00
 8.338245e-30   1.618780e-30   5.150945e+00
 7.795626e-30   2.378855e-30   3.277049e+00
 8.745604e-30   2.029471e-30   4.309303e+00
 8.373426e-30   1.993282e-30   4.200824e+00
 6.311773e-30   2.294245e-30   2.751133e+00
 6.311903e-30   2.145971e-30   2.941281e+00
 8.720134e-30   1.665610e-30   5.235401e+00
 7.367109e-30   2.580546e-30   2.854865e+00
 6.960574e-30   2.729316e-30   2.550300e+00
 6.060841e-30   2.254319e-30   2.688546e+00
 5.835937e-30   2.377881e-30   2.454259e+00
 9.312458e-30   2.087679e-30   4.460675e+00
 7.383261e-30   2.183060e-30   3.382070e+00
 7.222144e-30   2.048140e-30   3.526196e+00
 8.999478e-30   1.962339e-30   4.586097e+00
 8.277648e-30   2.556712e-30   3.237615e+00
 7.388164e-30   2.499122e-30   2.956304e+00
 8.286195e-30   2.390876e-30   3.465757e+00
 6.824783e-30   2.675243e-30   2.551088e+00
 8.354851e-30   2.060172e-30   4.055414e+00
 9.156702e-30   2.176069e-30   4.207911e+00
 8.580845e-30   1.816017e-30   4.725091e+00
 8.277648e-30   2.556712e-30   3.237615e+00
 6.864491e-30   2.587398e-30   2.653048e+00
 7.841583e-30   1.609508e-30   4.872037e+00
 8.706394e-30   1.973023e-30   4.412719e+00
 8.594688e-30   1.833340e-30   4.687996e+00
 9.344320e-30   2.023150e-30   4.618698e+00
 8.554268e-30   2.010006e-30   4.255842e+00
 8.208621e-30   2.276573e-30   3.605692e+00
 8.767650e-30   2.127747e-30   4.120626e+00
 5.599085e-30   2.164078e-30   2.587284e+00
 8.742751e-30   2.184400e-30   4.002359e+00
 9.194633e-30   1.865900e-30   4.927721e+00
 9.874983e-30   2.128860e-30   4.638624e+00
 7.332004e-30   1.959533e-30   3.741709e+00
 7.032798e-30   2.250002e-30   3.125686e+00
 9.575995e-30   1.656891e-30   5.779495e+00
 7.168145e-30   2.279380e-30   3.144778e+00
 7.258665e-30   2.058767e-30   3.525735e+00
 6.961936e-30   2.376919e-30   2.928975e+00
 7.793456e-30   2.233979e-30   3.488599e+00
 5.672108e-30   2.240095e-30   2.532084e+00
 8.325746e-30   2.497717e-30   3.333342e+00
 9.176776e-30   1.800641e-30   5.096393e+00
 7.883567e-30   2.219975e-30   3.551197e+00
 7.260709e-30   2.066053e-30   3.514290e+00
 8.590603e-30   1.998874e-30   4.297720e+00
 8.235484e-30   1.973904e-30   4.172181e+00
 5.551448e-30   2.626571e-30   2.113572e+00
 8.683617e-30   2.166090e-30   4.008891e+00
 7.150163e-30   2.094286e-30   3.414129e+00
 7.954741e-30   1.615881e-30   4.922851e+00
 7.272457e-30   2.034910e-30   3.573848e+00
 7.235350e-30   2.047306e-30   3.534083e+00
 9.275042e-30   1.925891e-30   4.815975e+00
 8.217537e-30   2.200561e-30   3.734292e+00
 6.759584e-30   2.260569e-30   2.990214e+00
 7.073625e-30   2.233445e-30   3.167136e+00
 9.383321e-30   1.735131e-30   5.407845e+00
 9.022854e-30   1.832309e-30   4.924309e+00
 8.270297e-30   2.504441e-30   3.302252e+00
 6.558465e-30   2.045123e-30   3.206880e+00
 8.882714e-30   2.191026e-30   4.054135e+00
 7.735587e-30   2.265032e-30   3.415222e+00
 7.255974e-30   2.119040e-30   3.424180e+00
 7.708946e-30   2.629047e-30   2.932220e+00
 7.014632e-30   2.417702e-30   2.901363e+00
 7.262350e-30   2.085745e-30   3.481898e+00
 8.286413e-30   1.982074e-30   4.180679e+00
 8.869712e-30   2.256866e-30   3.930101e+00
 9.641554e-30   1.837310e-30   5.247648e+00
 8.988798e-30   2.036851e-30   4.413086e+00
 5.483049e-30   1.912701e-30   2.866652e+00
 5.801627e-30   2.499141e-30   2.321449e+00
 8.669445e-30   2.072061e-30   4.183971e+00
 6.950551e-30   2.283608e-30   3.043671e+00
 7.982665e-30   2.122342e-30   3.761253e+00
 8.637658e-30   1.907985e-30   4.527110e+00
 8.046091e-30   1.958148e-30   4.109031e+00
 7.030812e-30   2.347689e-30   2.994780e+00
 8.164786e-30   2.169484e-30   3.763469e+00
 9.008470e-30   2.017491e-30   4.465184e+00
 8.709010e-30   2.070835e-30   4.205554e+00
 7.049147e-30   2.001546e-30   3.521850e+00
 7.355882e-30   2.277230e-30   3.230189e+00
 7.091753e-30   2.470056e-30   2.871089e+00
 9.101713e-30   1.473554e-30   6.176710e+00
 5.518433e-30   2.482138e-30   2.223258e+00
 8.332249e-30   2.092997e-30   3.981014e+00
 6.481946e-30   2.149610e-30   3.015406e+00
 9.287565e-30   1.794989e-30   5.174164e+00
 6.823897e-30   2.653964e-30   2.571210e+00
 9.366378e-30   1.845616e-30   5.074933e+00
 8.875982e-30   1.894889e-30   4.684171e+00
 7.041544e-30   2.314417e-30   3.042470e+00
 7.164702e-30   1.698427e-30   4.218433e+00
 7.342188e-30   2.172250e-30   3.379992e+00
 7.417930e-30   1.710370e-30   4.337032e+00
 8.258503e-30   1.970126e-30   4.191865e+00
 6.473313e-30   2.630271e-30   2.461083e+00
 9.476212e-30   1.819494e-30   5.208157e+00
 8.819118e-30   2.118736e-30   4.162443e+00
 9.026524e-30   2.093818e-30   4.311035e+00
 9.629233e-30   1.759530e-30   5.472616e+00
 8.947618e-30   1.704896e-30   5.248191e+00
 6.366835e-30   2.186676e-30   2.911650e+00
 7.503309e-30   2.398060e-30   3.128908e+00
 7.868592e-30   1.704516e-30   4.616322e+00
 8.251584e-30   1.982923e-30   4.161323e+00
 9.645180e-30   1.761625e-30   5.475162e+00
 6.784699e-30   2.768951e-30   2.450278e+00
 9.406569e-30   1.924283e-30   4.888351e+00
 6.922585e-30   2.348547e-30   2.947603e+00
 7.962188e-30   1.936277e-30   4.112112e+00
 6.794429e-30   2.552254e-30   2.662129e+00
 7.197628e-30   2.094240e-30   3.436869e+00
 8.179418e-30   2.566913e-30   3.186480e+00
 7.297214e-30   2.309868e-30   3.159147e+00
 6.496276e-30   2.432139e-30   2.671013e+00
 7.126439e-30   2.279911e-30   3.125753e+00
 6.883290e-30   2.297318e-30   2.996229e+00
 8.824309e-30   2.053702e-30   4.296781e+00
 9.109373e-30   2.206445e-30   4.128530e+00
 7.144066e-30   2.122451e-30   3.365950e+00
 7.089093e-30   2.174148e-30   3.260631e+00
 8.235536e-30   2.167180e-30   3.800116e+00
 9.322004e-30   1.723203e-30   5.409695e+00
 6.134710e-30   2.054190e-30   2.986438e+00
 6.236757e-30   1.954002e-30   3.191787e+00
 8.056683e-30   2.299998e-30   3.502908e+00
 8.033422e-30   2.633951e-30   3.049951e+00
 7.081533e-30   2.133110e-30   3.319816e+00
 6.916709e-30   2.438167e-30   2.836848e+00
 8.574140e-30   2.249600e-30   3.811406e+00
 9.614915e-30   1.520251e-30   6.324558e+00
 7.313515e-30   1.684823e-30   4.340821e+00
 6.220949e-30   2.281257e-30   2.726983e+00
 7.200998e-30   2.328982e-30   3.091908e+00
 9.069041e-30   2.017726e-30   4.494684e+00
 9.116366e-30   1.890722e-30   4.821631e+00
 8.393916e-30   2.489098e-30   3.372273e+00
 8.892969e-30   2.041215e-30   4.356704e+00
 9.632800e-30   1.895516e-30   5.081887e+00
 8.801688e-30   2.241650e-30   3.926433e+00
 9.152067e-30   1.819189e-30   5.030849e+00
 7.713042e-30   2.021704e-30   3.815120e+00
 1.073465e-29   2.047079e-30   5.243884e+00
 7.061170e-30   2.190198e-30   3.223987e+00
 8.003605e-30   2.007316e-30   3.987217e+00
 7.278706e-30   2.253098e-30   3.230532e+00
 6.806641e-30   2.386144e-30   2.852569e+00
 9.719778e-30   2.383173e-30   4.078503e+00
 8.167293e-30   2.251215e-30   3.627948e+00
 7.746753e-30   2.120373e-30   3.653486e+00
 6.835213e-30   2.610441e-30   2.618413e+00
 8.730565e-30   2.278215e-30   3.832195e+00
 9.823077e-30   2.134146e-30   4.602813e+00
 8.559196e-30   2.274373e-30   3.763321e+00
 6.742409e-30   1.987652e-30   3.392148e+00
 7.812241e-30   2.054626e-30   3.802269e+00
 7.188401e-30   2.602061e-30   2.762580e+00
 6.907375e-30   2.092341e-30   3.301267e+00
 6.454889e-30   2.216880e-30   2.911700e+00
 8.301293e-30   2.067432e-30   4.015267e+00
 9.210500e-30   1.760651e-30   5.231304e+00
 9.036436e-30   1.915375e-30   4.717843e+00
 6.509187e-30   2.121487e-30   3.068218e+00
 6.836703e-30   2.541366e-30   2.690168e+00
 8.593005e-30   1.481297e-30   5.801002e+00
 7.268376e-30   2.197488e-30   3.307583e+00
 9.305328e-30   1.641640e-30   5.668313e+00
 9.242697e-30   2.021435e-30   4.572345e+00
 9.019961e-30   2.053571e-30   4.392330e+00
 8.389253e-30   1.844474e-30   4.548317e+00
 6.250899e-30   2.105786e-30   2.968439e+00
 6.915609e-30   2.472352e-30   2.797179e+00
 7.468388e-30   2.025889e-30   3.686474e+00
 8.313411e-30   2.421186e-30   3.433611e+00
 7.167814e-30   2.059647e-30   3.480117e+00
 9.323606e-30   2.000945e-30   4.659601e+00
 5.956811e-30   2.267633e-30   2.626885e+00
 8.338299e-30   1.912415e-30   4.360088e+00
 8.317894e-30   2.068438e-30   4.021341e+00
 6.777865e-30   2.764674e-30   2.451596e+00
 8.018441e-30   2.417289e-30   3.317122e+00
 8.124890e-30   2.469309e-30   3.290349e+00
 9.161545e-30   2.204154e-30   4.156490e+00
 8.654044e-30   2.131069e-30   4.060893e+00
 7.185339e-30   2.042447e-30   3.518005e+00
 6.078175e-30   1.967356e-30   3.089514e+00
 8.704256e-30   2.087601e-30   4.169501e+00
 8.929726e-30   1.909170e-30   4.677283e+00
 4.880077e-30   2.775116e-30   1.758512e+00
 8.586247e-30   2.030317e-30   4.229019e+00
 8.992835e-30   1.871041e-30   4.806327e+00
 6.937663e-30   2.027717e-30   3.421416e+00
 7.085340e-30   2.078990e-30   3.408068e+00
 8.487215e-30   1.862487e-30   4.556925e+00
 6.339939e-30   2.680740e-30   2.364996e+00
 7.856668e-30   1.974999e-30   3.978061e+00
 6.368326e-30   2.513447e-30   2.533702e+00
 7.370252e-30   2.519438e-30   2.925356e+00
 9.212550e-30   1.792718e-30   5.138873e+00
 8.624308e-30   2.134813e-30   4.039842e+00
 6.337228e-30   1.912035e-30   3.314390e+00
 7.140275e-30   2.478061e-30   2.881396e+00
 7.629950e-30   1.858919e-30   4.104508e+00
 8.688637e-30   2.147015e-30   4.046844e+00
 7.357031e-30   2.257532e-30   3.258882e+00
 8.910984e-30   2.423343e-30   3.677146e+00
 6.152612e-30   2.308370e-30   2.665349e+00
 7.741702e-30   2.121518e-30   3.649134e+00
 9.128482e-30   1.721215e-30   5.303511e+00
 7.263119e-30   1.998863e-30   3.633625e+00
 6.861382e-30   2.427422e-30   2.826612e+00
 8.567799e-30   1.693792e-30   5.058355e+00
 7.558081e-30   1.875017e-30   4.030941e+00
 9.320953e-30   1.702662e-30   5.474340e+00
 7.106257e-30   2.077221e-30   3.421041e+00
 7.128832e-30   2.341286e-30   3.044836e+00
 7.285286e-30   1.993747e-30   3.654067e+00
 7.099294e-30   2.342989e-30   3.030017e+00
 9.110204e-30   1.770361e-30   5.145957e+00
 8.031904e-30   2.248334e-30   3.572380e+00
 8.176412e-30   2.117689e-30   3.861007e+00
 8.243411e-30   1.703375e-30   4.839459e+00
 5.363313e-30   2.121827e-30   2.527686e+00
 9.090065e-30   2.403082e-30   3.782670e+00
 8.114185e-30   2.169231e-30   3.740580e+00
 8.959870e-30   1.756077e-30   5.102209e+00
 1.011071e-29   2.017016e-30   5.012706e+00
 6.048665e-30   2.007676e-30   3.012769e+00
 7.866058e-30   2.129441e-30   3.693955e+00
 7.532502e-30   2.198917e-30   3.425551e+00
 8.873573e-30   1.995481e-30   4.446833e+00
 7.473453e-30   1.756086e-30   4.255743e+00
 9.072549e-30   1.992615e-30   4.553087e+00
 9.037360e-30   1.726946e-30   5.233145e+00
 9.567220e-30   1.620636e-30   5.903373e+00
 7.998458e-30   1.971893e-30   4.056234e+00
 5.546742e-30   2.538019e-30   2.185461e+00
 8.594326e-30   2.413179e-30   3.561412e+00
 8.663259e-30   2.323346e-30   3.728786e+00
 7.223960e-30   2.189653e-30   3.299135e+00
 8.917756e-30   1.942290e-30   4.591362e+00
 8.385745e-30   1.591667e-30   5.268529e+00
 7.548735e-30   1.984963e-30   3.802960e+00
 7.219122e-30   1.953293e-30   3.695873e+00
 9.096007e-30   1.837768e-30   4.949486e+00
 6.931088e-30   2.313535e-30   2.995887e+00
 7.400699e-30   1.912268e-30   3.870115e+00
 8.174651e-30   2.302196e-30   3.550805e+00
 8.998434e-30   2.017744e-30   4.459651e+00
 8.390718e-30   2.254400e-30   3.721930e+00
 8.524171e-30   2.292154e-30   3.718847e+00
 9.126758e-30   2.253669e-30   4.049732e+00
 6.834565e-30   2.619508e-30   2.609102e+00
 9.853371e-30   1.672083e-30   5.892871e+00
 8.622291e-30   2.413383e-30   3.572699e+00
 6.537886e-30   2.692804e-30   2.427910e+00
 8.464799e-30   2.279577e-30   3.713321e+00
 8.861013e-30   2.175224e-30   4.073609e+00
 8.946198e-30   2.131782e-30   4.196581e+00
 9.590395e-30   1.882715e-30   5.093918e+00
 9.310703e-30   1.571127e-30   5.926131e+00
 8.463528e-30   2.295201e-30   3.687490e+00
 8.873084e-30   2.007712e-30   4.419501e+00
 8.543123e-30   2.046346e-30   4.174818e+00
 7.292522e-30   2.123159e-30   3.434750e+00
 8.632495e-30   2.017119e-30   4.279616e+00
 8.295202e-30   2.004716e-30   4.137844e+00
 8.884595e-30   2.120666e-30   4.189530e+00
 7.406243e-30   2.022583e-30   3.661774e+00
 6.868640e-30   2.545917e-30   2.697904e+00
 8.915859e-30   2.289319e-30   3.894546e+00
 7.030819e-30   2.238911e-30   3.140286e+00
 7.178053e-30   2.054190e-30   3.494347e+00
 9.164181e-30   2.150671e-30   4.261080e+00
 9.060952e-30   1.885328e-30   4.806036e+00
 7.623147e-30   1.921630e-30   3.967021e+00
 7.127403e-30   2.201046e-30   3.238189e+00
 7.005442e-30   2.741072e-30   2.555731e+00
 5.666010e-30   2.274670e-30   2.490916e+00
 7.278522e-30   2.106058e-30   3.455993e+00
 9.399970e-30   1.644595e-30   5.715675e+00
 7.214804e-30   2.033017e-30   3.548817e+00
 8.433150e-30   2.067511e-30   4.078890e+00
 9.936448e-30   1.745690e-30   5.691989e+00
 8.541636e-30   2.015623e-30   4.237714e+00
 9.277804e-30   1.988322e-30   4.666149e+00
 8.455416e-30   1.990318e-30   4.248274e+00
 6.849470e-30   2.547483e-30   2.688720e+00
 8.043144e-30   1.898764e-30   4.235990e+00
 9.576410e-30   1.991598e-30   4.808404e+00
 6.773562e-30   2.006175e-30   3.376356e+00
 8.679520e-30   2.144483e-30   4.047372e+00
 6.682019e-30   2.069508e-30   3.228796e+00
 6.317171e-30   2.049504e-30   3.082293e+00
 8.284399e-30   2.547390e-30   3.252112e+00
 8.415779e-30   1.939769e-30   4.338546e+00
 8.474629e-30   2.466921e-30   3.435306e+00
 6.672439e-30   2.582030e-30   2.584184e+00
 8.496579e-30   2.316617e-30   3.667667e+00
 8.950610e-30   2.020385e-30   4.430151e+00
 8.484123e-30   2.145938e-30   3.953573e+00
 6.388063e-30   2.269556e-30   2.814675e+00
 8.362712e-30   2.236413e-30   3.739342e+00
 5.580171e-30   2.355082e-30   2.369417e+00
 8.976965e-30   1.909470e-30   4.701287e+00
 6.562269e-30   2.511198e-30   2.613203e+00
 8.924587e-30   1.839198e-30   4.852433e+00
 8.957583e-30   2.204383e-30   4.063532e+00
 6.099964e-30   2.154875e-30   2.830774e+00
 8.515105e-30   2.375522e-30   3.584520e+00
 8.282445e-30   2.234800e-30   3.706124e+00
 6.824306e-30   2.212878e-30   3.083906e+00
 9.063697e-30   1.892611e-30   4.788991e+00
 7.108750e-30   2.175598e-30   3.267492e+00
 9.044784e-30   1.911713e-30   4.731246e+00
 6.848933e-30   2.373485e-30   2.885602e+00
 7.367791e-30   1.935104e-30   3.807439e+00
 8.649141e-30   1.993310e-30   4.339085e+00
 7.703153e-30   2.157902e-30   3.569742e+00
 7.297279e-30   1.971593e-30   3.701209e+00
 8.721145e-30   2.280442e-30   3.824321e+00
 5.785279e-30   2.356819e-30   2.454698e+00
 9.325172e-30   1.988825e-30   4.688784e+00
 8.385402e-30   1.855705e-30   4.518714e+00
 7.753145e-30   1.749572e-30   4.431452e+00
 7.841583e-30   1.609508e-30   4.872037e+00
 8.451587e-30   2.443297e-30   3.459091e+00
 8.232760e-30   2.562726e-30   3.212501e+00
 8.727548e-30   2.616432e-30   3.335667e+00
 5.594407e-30   2.118421e-30   2.640839e+00
 6.972848e-30   2.426924e-30   2.873122e+00
 8.617690e-30   2.061600e-30   4.180098e+00
 9.057235e-30   1.909732e-30   4.742673e+00
 7.510434e-30   2.148284e-30   3.496016e+00
 7.168626e-30   2.411067e-30   2.973217e+00
 9.776385e-30   1.479222e-30   6.609141e+00
 6.950813e-30   2.220404e-30   3.130428e+00
 5.739021e-30   1.895262e-30   3.028089e+00
 5.870159e-30   2.581963e-30   2.273526e+00
 8.873923e-30   1.870717e-30   4.743594e+00
 9.852978e-30   1.474040e-30   6.684338e+00
 7.094296e-30   1.989557e-30   3.565766e+00
 9.465506e-30   1.859279e-30   5.090955e+00
 4.992161e-30   1.883080e-30   2.651062e+00
 6.442343e-30   2.074980e-30   3.104773e+00
 9.770394e-30   2.007195e-30   4.867685e+00
 7.457671e-30   2.062729e-30   3.615439e+00
 7.902396e-30   2.403227e-30   3.288244e+00
 7.301210e-30   1.795153e-30   4.067181e+00
 8.203924e-30   1.990606e-30   4.121321e+00
 8.261413e-30   1.789409e-30   4.616840e+00
 9.213880e-30   1.994279e-30   4.620157e+00
 6.645584e-30   1.924318e-30   3.453474e+00
 5.957065e-30   2.319152e-30   2.568639e+00
 7.021571e-30   2.025190e-30   3.467117e+00
 5.382890e-30   2.044149e-30   2.633315e+00
 8.521146e-30   1.764486e-30   4.829251e+00
 7.323706e-30   2.259042e-30   3.241953e+00
 7.981168e-30   2.167896e-30   3.681526e+00
 9.099857e-30   2.116255e-30   4.299981e+00
 9.296535e-30   1.988765e-30   4.674526e+00
 8.720532e-30   2.047008e-30   4.260136e+00
 8.046390e-30   2.302239e-30   3.495028e+00
 7.848996e-30   1.887233e-30   4.158997e+00
 7.399200e-30   2.048643e-30   3.611757e+00
 7.087853e-30   2.287154e-30   3.098984e+00
 6.986553e-30   2.345028e-30   2.979304e+00
 7.209688e-30   2.153812e-30   3.347408e+00
 7.815718e-30   2.288819e-30   3.414739e+00
 7.924582e-30   2.019542e-30   3.923950e+00
 1.001751e-29   2.052172e-30   4.881415e+00
 8.550855e-30   2.060421e-30   4.150052e+00
 8.891040e-30   1.710852e-30   5.196848e+00
 7.231857e-30   1.938656e-30   3.730346e+00
 9.762247e-30   2.007650e-30   4.862525e+00
 1.010684e-29   1.870623e-30   5.402925e+00
 9.710543e-30   1.665261e-30   5.831245e+00
 7.356784e-30   2.259326e-30   3.256185e+00
 7.477227e-30   2.309562e-30   3.237509e+00
 9.219645e-30   1.649038e-30   5.590924e+00
 8.106848e-30   1.841872e-30   4.401417e+00
 8.636377e-30   1.821657e-30   4.740945e+00
 7.543441e-30   1.780182e-30   4.237454e+00
 9.155366e-30   1.799917e-30   5.086548e+00
 7.496617e-30   1.920955e-30   3.902546e+00
 6.471726e-30   2.311004e-30   2.800395e+00
 8.131437e-30   2.303664e-30   3.529784e+00
 8.438785e-30   2.074829e-30   4.067219e+00
 9.197014e-30   1.916035e-30   4.800025e+00
 8.477210e-30   1.779384e-30   4.764126e+00
 5.046490e-30   2.175186e-30   2.320027e+00
 6.910980e-30   2.500343e-30   2.764013e+00
 6.920703e-30   2.551671e-30   2.712224e+00
 7.956460e-30   2.154009e-30   3.693791e+00
 8.689131e-30   2.121064e-30   4.096590e+00
 7.690026e-30   2.065657e-30   3.722799e+00
 8.162008e-30   2.259633e-30   3.612095e+00
 8.039032e-30   1.658668e-30   4.846680e+00
 7.890116e-30   2.204181e-30   3.579614e+00
 7.235710e-30   2.389233e-30   3.028466e+00
 8.027560e-30   2.368359e-30   3.389503e+00
 8.411359e-30   2.054391e-30   4.094331e+00
 7.977929e-30   2.113083e-30   3.775492e+00
 7.114223e-30   2.104094e-30   3.381134e+00
 9.031310e-30   1.912318e-30   4.722704e+00
 9.964379e-30   1.564758e-30   6.368001e+00
 8.245484e-30   1.911179e-30   4.314343e+00
 8.731946e-30   2.149290e-30   4.062713e+00
 7.770484e-30   1.882607e-30   4.127513e+00
 6.595648e-30   2.016443e-30   3.270932e+00
 9.407025e-30   1.704413e-30   5.519218e+00
 7.080941e-30   2.199801e-30   3.218901e+00
 7.074310e-30   2.231728e-30   3.169879e+00
 1.024167e-29   2.027783e-30   5.050672e+00
 7.230796e-30   2.026434e-30   3.568237e+00
 8.191607e-30   1.648897e-30   4.967931e+00
 6.940672e-30   1.954832e-30   3.550520e+00
 7.400586e-30   2.136158e-30   3.464437e+00
 7.200947e-30   2.767485e-30   2.601983e+00
 7.128923e-30   2.554767e-30   2.790440e+00
 8.918228e-30   2.070977e-30   4.306291e+00
 9.467912e-30   2.288396e-30   4.137358e+00
 9.712542e-30   1.704248e-30   5.699020e+00
 6.929562e-30   1.983546e-30   3.493522e+00
 6.329048e-30   2.607431e-30   2.427312e+00
 6.899082e-30   2.593748e-30   2.659889e+00
 8.469563e-30   2.417873e-30   3.502898e+00
 7.563526e-30   2.461056e-30   3.073285e+00
 7.178155e-30   2.266077e-30   3.167658e+00
 7.091994e-30   2.192417e-30   3.234784e+00
 8.063815e-30   2.185397e-30   3.689863e+00
 6.209793e-30   1.782932e-30   3.482911e+00
 8.502475e-30   2.259429e-30   3.763107e+00
 6.994925e-30   2.319384e-30   3.015855e+00
 8.713152e-30   2.374367e-30   3.669673e+00
 6.944645e-30   2.321466e-30   2.991491e+00
 8.093370e-30   2.093309e-30   3.866304e+00
 5.956811e-30   2.267633e-30   2.626885e+00
 6.492557e-30   2.438085e-30   2.662973e+00
 6.709652e-30   2.313288e-30   2.900483e+00
 9.098565e-30   2.094645e-30   4.343727e+00
 7.835257e-30   1.754199e-30   4.466572e+00
 8.169080e-30   2.177209e-30   3.752088e+00
 9.068255e-30   2.050011e-30   4.423516e+00
 7.143609e-30   2.109320e-30   3.386689e+00
 8.925542e-30   1.896645e-30   4.705965e+00
 8.271076e-30   1.901206e-30   4.350435e+00
 8.976913e-30   1.687283e-30   5.320337e+00
 6.327220e-30   2.450439e-30   2.582076e+00
 8.989216e-30   1.833997e-30   4.901434e+00
 6.479772e-30   2.140815e-30   3.026778e+00
 8.957985e-30   1.829672e-30   4.895952e+00
 9.295878e-30   1.933709e-30   4.807278e+00
 8.281142e-30   1.922526e-30   4.307428e+00
 7.265950e-30   2.033033e-30   3.573947e+00
 7.142168e-30   2.257680e-30   3.163499e+00
 7.578030e-30   2.220638e-30   3.412546e+00
 9.092300e-30   1.936669e-30   4.694814e+00
 7.269176e-30   2.273168e-30   3.197817e+00
 7.228607e-30   1.900877e-30   3.802775e+00
 9.011944e-30   2.281386e-30   3.950205e+00
 9.152896e-30   2.069175e-30   4.423453e+00
 6.887105e-30   2.545515e-30   2.705584e+00
 7.752226e-30   1.974500e-30   3.926173e+00
 7.042301e-30   2.443013e-30   2.882630e+00
 8.432758e-30   1.949822e-30   4.324886e+00
 7.096944e-30   1.871973e-30   3.791158e+00
