 1.083060e-29   3.159803e-30   3.427620e+00
 1.044834e-29   2.936999e-30   3.557488e+00
 1.056883e-29   3.099599e-30   3.409740e+00
 1.272041e-29   3.086014e-30   4.121954e+00
 1.211888e-29   2.527909e-30   4.794032e+00
 1.062913e-29   3.740670e-30   2.841505e+00
 1.213522e-29   3.740369e-30   3.244392e+00
 1.131100e-29   3.554271e-30   3.182369e+00
 1.161546e-29   2.871122e-30   4.045618e+00
 7.078324e-30   3.232980e-30   2.189412e+00
 1.119390e-29   3.238539e-30   3.456468e+00
 1.170913e-29   3.174193e-30   3.688851e+00
 4.540535e-30   3.230964e-30   1.405319e+00
 1.148515e-29   2.916566e-30   3.937902e+00
 1.031484e-29   3.593271e-30   2.870598e+00
 7.924776e-30   3.618316e-30   2.190184e+00
 1.184419e-29   3.015090e-30   3.928303e+00
 1.199677e-29   2.960256e-30   4.052613e+00
 1.231064e-29   2.899439e-30   4.245872e+00
 1.069769e-29   3.441737e-30   3.108224e+00
 1.069963e-29   3.139305e-30   3.408280e+00
 1.238077e-29   3.154841e-30   3.924372e+00
 1.253688e-29   3.724214e-30   3.366316e+00
 1.152225e-29   3.151512e-30   3.656102e+00
 1.102418e-29   3.018530e-30   3.652168e+00
 1.134809e-29   3.361251e-30   3.376151e+00
 1.144627e-29   3.176400e-30   3.603535e+00
 1.163031e-29   3.402775e-30   3.417890e+00
 1.037554e-29   3.491376e-30   2.971764e+00
 9.415437e-30   2.934721e-30   3.208291e+00
 1.062921e-29   2.932513e-30   3.624606e+00
 1.122287e-29   2.648212e-30   4.237903e+00
 1.103310e-29   3.446828e-30   3.200943e+00
 1.214472e-29   3.633121e-30   3.342780e+00
 1.040540e-29   3.574253e-30   2.911208e+00
 1.024652e-29   3.137528e-30   3.265794e+00
 1.038509e-29   3.559821e-30   2.917307e+00
 1.149171e-29   3.739043e-30   3.073436e+00
 1.128683e-29   3.874672e-30   2.912977e+00
 1.137346e-29   3.402645e-30   3.342535e+00
 9.622150e-30   3.045129e-30   3.159850e+00
 1.119586e-29   3.122678e-30   3.585339e+00
 1.092287e-29   3.752313e-30   2.910970e+00
 1.108588e-29   3.081693e-30   3.597334e+00
 1.074598e-29   2.980380e-30   3.605573e+00
 1.088921e-29   3.444713e-30   3.161138e+00
 1.118304e-29   2.760799e-30   4.050654e+00
 1.157702e-29   3.551462e-30   3.259789e+00
 1.030876e-29   3.252788e-30   3.169207e+00
 1.195204e-29   2.993724e-30   3.992364e+00
 1.227756e-29   2.831189e-30   4.336540e+00
 1.173072e-29   3.398553e-30   3.451679e+00
 1.184708e-29   3.567532e-30   3.320806e+00
 1.058806e-29   3.185955e-30   3.323354e+00
 9.311565e-30   3.471072e-30   2.682619e+00
 1.097893e-29   3.834708e-30   2.863043e+00
 9.934659e-30   2.929440e-30   3.391316e+00
 9.314645e-30   2.841879e-30   3.277636e+00
 1.077941e-29   4.071447e-30   2.647563e+00
 1.200053e-29   3.492941e-30   3.435652e+00
 1.106059e-29   3.152505e-30   3.508509e+00
 1.151381e-29   3.593886e-30   3.203722e+00
 1.038934e-29   3.780973e-30   2.747796e+00
 1.070614e-29   3.380277e-30   3.167237e+00
 1.173873e-29   4.665788e-30   2.515917e+00
 1.044650e-29   3.538026e-30   2.952635e+00
 1.152754e-29   3.560448e-30   3.237667e+00
 1.157921e-29   3.461286e-30   3.345348e+00
 1.206940e-29   3.220904e-30   3.747209e+00
 1.212108e-29   3.762834e-30   3.221263e+00
 1.109755e-29   3.653751e-30   3.037303e+00
 1.047973e-29   3.855595e-30   2.718056e+00
 7.312554e-30   3.287717e-30   2.224204e+00
 9.001662e-30   3.204193e-30   2.809338e+00
 1.008841e-29   3.290515e-30   3.065907e+00
 9.797848e-30   3.150033e-30   3.110395e+00
 1.146288e-29   3.288322e-30   3.485934e+00
 1.253707e-29   3.307523e-30   3.790473e+00
 1.128823e-29   3.353364e-30   3.366240e+00
 1.048086e-29   3.187632e-30   3.287976e+00
 1.146567e-29   3.341364e-30   3.431433e+00
 9.611051e-30   3.494926e-30   2.750001e+00
 1.144517e-29   3.356244e-30   3.410114e+00
 1.177285e-29   3.354133e-30   3.509953e+00
 1.091636e-29   2.543512e-30   4.291846e+00
 1.158096e-29   3.311183e-30   3.497530e+00
 1.322747e-29   3.028734e-30   4.367325e+00
 1.124425e-29   3.564403e-30   3.154594e+00
 1.145287e-29   2.801868e-30   4.087585e+00
 1.371597e-29   3.331146e-30   4.117491e+00
 1.072705e-29   3.296616e-30   3.253957e+00
 6.632164e-30   2.510962e-30   2.641284e+00
 1.161925e-29   3.344136e-30   3.474514e+00
 1.242384e-29   3.599403e-30   3.451638e+00
 9.940110e-30   2.495630e-30   3.983006e+00
 1.159588e-29   2.916673e-30   3.975723e+00
 1.056402e-29   2.968165e-30   3.559109e+00
 1.095028e-29   3.366730e-30   3.252499e+00
 1.087353e-29   3.342492e-30   3.253121e+00
 1.214900e-29   3.724817e-30   3.261637e+00
 1.120810e-29   2.521131e-30   4.445662e+00
 1.187871e-29   2.971438e-30   3.997629e+00
 1.019981e-29   3.059002e-30   3.334357e+00
 1.117828e-29   3.216336e-30   3.475470e+00
 1.177913e-29   3.409566e-30   3.454730e+00
 1.340884e-29   3.522305e-30   3.806837e+00
 1.129140e-29   3.949020e-30   2.859293e+00
 1.152159e-29   3.391754e-30   3.396942e+00
 1.218077e-29   3.062805e-30   3.976998e+00
 1.410396e-29   4.029739e-30   3.499970e+00
 1.240225e-29   2.872131e-30   4.318134e+00
 9.423692e-30   2.815931e-30   3.346564e+00
 1.188673e-29   2.733210e-30   4.349000e+00
 1.330381e-29   3.377596e-30   3.938840e+00
 9.592169e-30   3.484643e-30   2.752698e+00
 1.134809e-29   3.361251e-30   3.376151e+00
 1.130193e-29   3.646944e-30   3.099014e+00
 1.167987e-29   3.749482e-30   3.115062e+00
 1.114028e-29   3.092381e-30   3.602492e+00
 1.012069e-29   3.672383e-30   2.755892e+00
 7.783919e-30   3.646645e-30   2.134542e+00
 1.126207e-29   3.056419e-30   3.684728e+00
 1.082807e-29   2.609102e-30   4.150115e+00
 1.296071e-29   3.280668e-30   3.950630e+00
 1.173885e-29   3.646927e-30   3.218833e+00
 1.157868e-29   3.858618e-30   3.000733e+00
 1.054269e-29   3.277652e-30   3.216536e+00
 1.101591e-29   2.740297e-30   4.019971e+00
 1.102295e-29   3.615867e-30   3.048494e+00
 1.403771e-29   3.611146e-30   3.887329e+00
 1.112270e-29   2.629094e-30   4.230623e+00
 1.110189e-29   3.489799e-30   3.181240e+00
 1.008341e-29   3.186396e-30   3.164517e+00
 8.886982e-30   2.881891e-30   3.083732e+00
 7.702719e-30   2.851311e-30   2.701466e+00
 1.096550e-29   2.913535e-30   3.763642e+00
 1.053182e-29   4.085050e-30   2.578137e+00
 1.123349e-29   4.018196e-30   2.795656e+00
 1.054650e-29   3.672430e-30   2.871804e+00
 1.144984e-29   3.335884e-30   3.432327e+00
 1.106960e-29   3.094661e-30   3.576999e+00
 9.313903e-30   3.668124e-30   2.539146e+00
 1.186401e-29   3.404808e-30   3.484488e+00
 1.084666e-29   2.941739e-30   3.687158e+00
 1.244795e-29   3.165429e-30   3.932467e+00
 1.094265e-29   3.238901e-30   3.378509e+00
 1.153932e-29   3.376898e-30   3.417137e+00
 1.043192e-29   2.787715e-30   3.742105e+00
 1.194509e-29   3.119628e-30   3.829011e+00
 1.130616e-29   3.601905e-30   3.138940e+00
 1.158762e-29   3.505348e-30   3.305699e+00
 1.047036e-29   3.741692e-30   2.798295e+00
 1.102951e-29   2.907419e-30   3.793576e+00
 1.015085e-29   3.383998e-30   2.999661e+00
 1.184523e-29   2.923477e-30   4.051759e+00
 1.124959e-29   2.746236e-30   4.096366e+00
 1.132073e-29   3.129827e-30   3.617047e+00
 9.495266e-30   3.267166e-30   2.906270e+00
 1.131548e-29   3.100911e-30   3.649084e+00
 1.274821e-29   2.868840e-30   4.443681e+00
 9.771048e-30   3.592777e-30   2.719637e+00
 1.046766e-29   2.967981e-30   3.526862e+00
 1.333415e-29   3.315697e-30   4.021521e+00
 1.126441e-29   2.749584e-30   4.096769e+00
 1.147941e-29   3.437048e-30   3.339903e+00
 1.147226e-29   3.758689e-30   3.052197e+00
 1.053524e-29   3.117912e-30   3.378940e+00
 1.264387e-29   3.493887e-30   3.618856e+00
 1.134391e-29   3.371298e-30   3.364849e+00
 1.268131e-29   3.192668e-30   3.972010e+00
 1.190996e-29   2.785462e-30   4.275757e+00
 1.208254e-29   2.663251e-30   4.536765e+00
 1.157937e-29   2.839500e-30   4.077961e+00
 1.137082e-29   3.530761e-30   3.220502e+00
 1.094428e-29   3.368145e-30   3.249348e+00
 1.249043e-29   3.123714e-30   3.998584e+00
 1.132777e-29   4.149922e-30   2.729634e+00
 1.086360e-29   3.212055e-30   3.382134e+00
 7.803579e-30   2.781074e-30   2.805959e+00
 1.186156e-29   2.928152e-30   4.050868e+00
 1.151164e-29   3.702712e-30   3.108976e+00
 1.121587e-29   3.369965e-30   3.328186e+00
 1.068979e-29   2.973438e-30   3.595093e+00
 1.395775e-29   3.303600e-30   4.225013e+00
 1.037070e-29   3.473234e-30   2.985891e+00
 1.121907e-29   2.787171e-30   4.025253e+00
 1.213072e-29   3.698723e-30   3.279704e+00
 8.828249e-30   3.184884e-30   2.771922e+00
 1.229642e-29   3.458439e-30   3.555483e+00
 1.299513e-29   3.367912e-30   3.858512e+00
 1.085640e-29   3.260773e-30   3.329394e+00
 1.285078e-29   2.742952e-30   4.685017e+00
 1.076756e-29   3.165040e-30   3.402028e+00
 1.040840e-29   3.440770e-30   3.025021e+00
 1.142625e-29   3.205449e-30   3.564634e+00
 1.186891e-29   3.612923e-30   3.285127e+00
 8.191487e-30   3.198926e-30   2.560699e+00
 1.044496e-29   3.584784e-30   2.913692e+00
 1.409704e-29   3.356570e-30   4.199836e+00
 1.028505e-29   3.437456e-30   2.992054e+00
 1.030393e-29   4.085653e-30   2.521979e+00
 1.084208e-29   3.245510e-30   3.340640e+00
 1.082699e-29   2.879192e-30   3.760428e+00
 1.077313e-29   3.252556e-30   3.312205e+00
 1.147295e-29   3.271183e-30   3.507277e+00
 8.798716e-30   2.823811e-30   3.115901e+00
 1.276722e-29   3.834446e-30   3.329614e+00
 1.040411e-29   3.337985e-30   3.116884e+00
 1.099519e-29   2.729958e-30   4.027603e+00
 6.507574e-30   3.442714e-30   1.890246e+00
 1.192746e-29   2.857537e-30   4.174033e+00
 1.015588e-29   3.954522e-30   2.568169e+00
 9.959393e-30   4.029099e-30   2.471866e+00
 1.177714e-29   3.299877e-30   3.568963e+00
 1.327543e-29   2.507678e-30   5.293913e+00
 1.192388e-29   3.311556e-30   3.600688e+00
 1.124673e-29   3.319095e-30   3.388492e+00
 1.056406e-29   3.123635e-30   3.381978e+00
 9.587107e-30   2.880613e-30   3.328149e+00
 1.174903e-29   3.177486e-30   3.697587e+00
 1.077942e-29   2.667863e-30   4.040469e+00
 1.156433e-29   3.008856e-30   3.843432e+00
 8.602265e-30   2.900421e-30   2.965868e+00
 1.058761e-29   3.294718e-30   3.213510e+00
 8.196344e-30   3.703357e-30   2.213220e+00
 1.084083e-29   3.517444e-30   3.082018e+00
 1.184367e-29   3.940362e-30   3.005732e+00
 1.412069e-29   2.966286e-30   4.760393e+00
 1.151740e-29   3.675545e-30   3.133523e+00
 1.133306e-29   4.072428e-30   2.782876e+00
 9.087577e-30   3.781229e-30   2.403340e+00
 1.171476e-29   3.088651e-30   3.792841e+00
 1.096942e-29   2.744108e-30   3.997445e+00
 1.163976e-29   3.329012e-30   3.496461e+00
 1.146231e-29   3.721011e-30   3.080428e+00
 1.232881e-29   2.976702e-30   4.141767e+00
 7.502804e-30   2.918989e-30   2.570344e+00
 1.136713e-29   3.321529e-30   3.422260e+00
 1.196134e-29   3.342009e-30   3.579086e+00
 1.118459e-29   3.177363e-30   3.520084e+00
 1.164347e-29   3.833126e-30   3.037590e+00
 1.326559e-29   3.074353e-30   4.314920e+00
 1.390549e-29   3.578330e-30   3.886029e+00
 1.111970e-29   3.379335e-30   3.290499e+00
 1.251107e-29   3.132599e-30   3.993831e+00
 9.752443e-30   3.634623e-30   2.683206e+00
 1.286955e-29   3.704578e-30   3.473957e+00
 1.159554e-29   2.805055e-30   4.133801e+00
 1.158780e-29   3.574236e-30   3.242035e+00
 1.067444e-29   3.000772e-30   3.557231e+00
 1.202291e-29   2.415100e-30   4.978225e+00
 1.104753e-29   2.917286e-30   3.786920e+00
 1.159708e-29   2.740985e-30   4.230990e+00
 8.294012e-30   2.837153e-30   2.923357e+00
 1.044954e-29   3.390889e-30   3.081651e+00
 8.491591e-30   3.314549e-30   2.561915e+00
 1.171752e-29   3.271426e-30   3.581779e+00
 1.200053e-29   3.492941e-30   3.435652e+00
 1.263456e-29   3.045453e-30   4.148663e+00
 1.139113e-29   4.086888e-30   2.787238e+00
 1.190052e-29   3.355765e-30   3.546290e+00
 1.331237e-29   3.458698e-30   3.848955e+00
 1.164514e-29   2.862534e-30   4.068122e+00
 1.007083e-29   3.940491e-30   2.555729e+00
 1.181509e-29   3.181357e-30   3.713853e+00
 1.034367e-29   3.045814e-30   3.396027e+00
 1.115033e-29   3.316662e-30   3.361913e+00
 6.709377e-30   3.298483e-30   2.034080e+00
 7.850402e-30   3.220574e-30   2.437579e+00
 1.138366e-29   3.705651e-30   3.071974e+00
 1.160688e-29   3.244350e-30   3.577568e+00
 1.146015e-29   3.261290e-30   3.513994e+00
 1.138203e-29   3.975297e-30   2.863190e+00
 1.149053e-29   3.477783e-30   3.303982e+00
 1.119706e-29   2.615796e-30   4.280553e+00
 1.091868e-29   3.412448e-30   3.199662e+00
 1.166774e-29   3.324887e-30   3.509213e+00
 1.095813e-29   3.350221e-30   3.270866e+00
 1.152997e-29   3.424954e-30   3.366461e+00
 1.141084e-29   3.883879e-30   2.938002e+00
 1.030699e-29   3.302094e-30   3.121348e+00
 1.077383e-29   2.491811e-30   4.323694e+00
 1.064561e-29   3.380684e-30   3.148951e+00
 1.138942e-29   3.870227e-30   2.942831e+00
 1.040952e-29   2.878345e-30   3.616495e+00
 1.454511e-29   3.408821e-30   4.266905e+00
 1.190136e-29   3.592958e-30   3.312413e+00
 1.216800e-29   3.080590e-30   3.949893e+00
 1.161734e-29   2.809021e-30   4.135724e+00
 1.027715e-29   3.811814e-30   2.696132e+00
 1.098416e-29   2.871974e-30   3.824604e+00
 1.087248e-29   3.352365e-30   3.243228e+00
 1.114957e-29   4.974366e-30   2.241405e+00
 1.029164e-29   4.002137e-30   2.571536e+00
 1.149672e-29   3.265979e-30   3.520144e+00
 1.094951e-29   2.766371e-30   3.958077e+00
 8.307211e-30   4.144836e-30   2.004232e+00
 1.111077e-29   2.899692e-30   3.831706e+00
 1.133409e-29   3.953541e-30   2.866821e+00
 1.205630e-29   2.920259e-30   4.128503e+00
 1.174249e-29   3.101486e-30   3.786087e+00
 9.431176e-30   3.016241e-30   3.126798e+00
 9.318872e-30   3.528029e-30   2.641382e+00
 1.121827e-29   3.406618e-30   3.293081e+00
 1.232218e-29   3.892507e-30   3.165615e+00
 1.115443e-29   3.237703e-30   3.445169e+00
 1.148129e-29   3.657436e-30   3.139163e+00
 1.109036e-29   3.125556e-30   3.548283e+00
 1.333577e-29   2.630497e-30   5.069679e+00
 8.422282e-30   2.874581e-30   2.929916e+00
 1.256304e-29   3.326217e-30   3.776976e+00
 7.823582e-30   2.842557e-30   2.752304e+00
 9.044757e-30   2.898679e-30   3.120303e+00
 1.146513e-29   3.769212e-30   3.041786e+00
 1.097168e-29   2.997287e-30   3.660538e+00
 9.446810e-30   4.089470e-30   2.310033e+00
 1.144788e-29   3.404154e-30   3.362915e+00
 1.112698e-29   3.193617e-30   3.484132e+00
 1.120952e-29   4.090649e-30   2.740280e+00
 1.175577e-29   3.337063e-30   3.522790e+00
 1.195742e-29   3.227685e-30   3.704641e+00
 1.175798e-29   3.143797e-30   3.740056e+00
 1.081314e-29   2.453726e-30   4.406824e+00
 1.297850e-29   3.646028e-30   3.559626e+00
 1.069984e-29   3.139245e-30   3.408412e+00
 1.182243e-29   3.215239e-30   3.676997e+00
 1.102851e-29   3.345999e-30   3.296030e+00
 1.115370e-29   3.520825e-30   3.167922e+00
 9.807344e-30   3.057740e-30   3.207383e+00
 1.036171e-29   3.510069e-30   2.951995e+00
 1.207375e-29   2.908562e-30   4.151106e+00
 1.218920e-29   2.780878e-30   4.383220e+00
 1.013372e-29   3.102650e-30   3.266150e+00
 1.378205e-29   3.192625e-30   4.316839e+00
 1.148850e-29   2.698645e-30   4.257137e+00
 1.130644e-29   3.566287e-30   3.170367e+00
 1.088971e-29   2.807526e-30   3.878756e+00
 1.171289e-29   3.705288e-30   3.161127e+00
 1.041594e-29   3.823385e-30   2.724272e+00
 1.064804e-29   3.017649e-30   3.528588e+00
 1.099415e-29   2.847596e-30   3.860854e+00
 1.154892e-29   2.590527e-30   4.458135e+00
 1.123426e-29   3.170240e-30   3.543662e+00
 1.320890e-29   3.712228e-30   3.558213e+00
 8.462219e-30   2.620115e-30   3.229712e+00
 1.027327e-29   3.443132e-30   2.983698e+00
 8.126580e-30   2.995781e-30   2.712675e+00
 1.128175e-29   3.611926e-30   3.123473e+00
 1.149162e-29   3.554693e-30   3.232802e+00
 1.136061e-29   2.553754e-30   4.448592e+00
 1.183502e-29   3.198824e-30   3.699803e+00
 9.680894e-30   3.269884e-30   2.960623e+00
 1.140943e-29   3.248007e-30   3.512748e+00
 1.035510e-29   3.840301e-30   2.696430e+00
 9.297714e-30   2.875627e-30   3.233282e+00
 1.212983e-29   3.336691e-30   3.635287e+00
 1.170442e-29   3.214689e-30   3.640919e+00
 1.207579e-29   2.584978e-30   4.671526e+00
 6.585293e-30   2.905597e-30   2.266417e+00
 9.997535e-30   3.723913e-30   2.684686e+00
 1.234419e-29   3.126165e-30   3.948668e+00
 1.157009e-29   3.472505e-30   3.331913e+00
 1.303717e-29   2.774143e-30   4.699530e+00
 9.058052e-30   2.766735e-30   3.273914e+00
 1.064686e-29   3.327904e-30   3.199269e+00
 1.106812e-29   3.055945e-30   3.621832e+00
 1.172723e-29   3.101952e-30   3.780596e+00
 1.123876e-29   3.016880e-30   3.725291e+00
 1.103617e-29   2.219971e-30   4.971313e+00
 9.210648e-30   3.193184e-30   2.884472e+00
 1.024075e-29   3.676429e-30   2.785515e+00
 1.119290e-29   3.572317e-30   3.133234e+00
 1.176589e-29   3.103468e-30   3.791207e+00
 1.181960e-29   3.162420e-30   3.737519e+00
 1.060107e-29   3.354373e-30   3.160372e+00
 9.141787e-30   3.804395e-30   2.402954e+00
 1.188207e-29   3.505190e-30   3.389850e+00
 1.181542e-29   2.804916e-30   4.212398e+00
 1.328746e-29   3.741562e-30   3.551314e+00
 9.964281e-30   3.308638e-30   3.011596e+00
 1.057293e-29   3.678867e-30   2.873963e+00
 8.335088e-30   3.614960e-30   2.305720e+00
 1.159967e-29   2.662591e-30   4.356536e+00
 1.256477e-29   3.747146e-30   3.353156e+00
 1.111857e-29   4.178264e-30   2.661049e+00
 1.210179e-29   3.811936e-30   3.174710e+00
 1.126814e-29   4.483987e-30   2.512972e+00
 1.156446e-29   2.810766e-30   4.114342e+00
 1.290638e-29   4.200474e-30   3.072601e+00
 8.774926e-30   2.700160e-30   3.249780e+00
 9.316363e-30   3.315136e-30   2.810250e+00
 1.130255e-29   3.079644e-30   3.670083e+00
 1.148991e-29   2.711290e-30   4.237802e+00
 8.383312e-30   3.200907e-30   2.619043e+00
 1.161953e-29   2.810587e-30   4.134201e+00
 1.168320e-29   3.691266e-30   3.165092e+00
 9.810847e-30   3.515823e-30   2.790484e+00
 1.167259e-29   3.392981e-30   3.440218e+00
 1.333066e-29   3.320404e-30   4.014770e+00
 1.190276e-29   2.910983e-30   4.088913e+00
 1.165907e-29   3.826078e-30   3.047265e+00
 1.130079e-29   2.526609e-30   4.472711e+00
 1.048499e-29   2.896037e-30   3.620462e+00
 1.119765e-29   2.954593e-30   3.789915e+00
 1.129187e-29   4.261938e-30   2.649468e+00
 1.152893e-29   3.373585e-30   3.417411e+00
 1.105198e-29   3.220253e-30   3.432024e+00
 7.386287e-30   3.220404e-30   2.293590e+00
 1.148059e-29   2.776756e-30   4.134532e+00
 1.144750e-29   3.728187e-30   3.070527e+00
 1.387726e-29   3.288022e-30   4.220550e+00
 1.055821e-29   2.773997e-30   3.806135e+00
 1.062876e-29   2.904904e-30   3.658903e+00
 1.108522e-29   3.208212e-30   3.455264e+00
 1.010970e-29   2.983611e-30   3.388410e+00
 9.449555e-30   3.278388e-30   2.882378e+00
 1.106561e-29   3.218111e-30   3.438543e+00
 1.055177e-29   3.393670e-30   3.109251e+00
 1.110712e-29   2.595206e-30   4.279859e+00
 9.883370e-30   3.355915e-30   2.945059e+00
 1.080989e-29   3.330982e-30   3.245257e+00
 1.058899e-29   2.944386e-30   3.596333e+00
 1.237985e-29   3.160361e-30   3.917227e+00
 1.054115e-29   3.543127e-30   2.975099e+00
 1.495780e-29   3.444937e-30   4.341967e+00
 1.127127e-29   2.663569e-30   4.231642e+00
 1.145007e-29   2.989583e-30   3.829988e+00
 1.174068e-29   3.520353e-30   3.335086e+00
 1.284114e-29   3.326799e-30   3.859909e+00
 8.441668e-30   3.759753e-30   2.245272e+00
 8.921119e-30   3.166111e-30   2.817690e+00
 1.168561e-29   3.746353e-30   3.119196e+00
 1.183320e-29   2.988309e-30   3.959832e+00
 1.064447e-29   2.876210e-30   3.700867e+00
 1.036639e-29   3.084586e-30   3.360707e+00
 1.177844e-29   3.174635e-30   3.710170e+00
 1.111390e-29   3.139609e-30   3.539900e+00
 1.200096e-29   3.089955e-30   3.883863e+00
 1.260108e-29   3.953137e-30   3.187614e+00
 1.064456e-29   3.582030e-30   2.971657e+00
 8.987275e-30   2.898449e-30   3.100719e+00
 1.255459e-29   3.597943e-30   3.489381e+00
 9.398371e-30   2.663846e-30   3.528120e+00
 1.107977e-29   3.846165e-30   2.880733e+00
 9.139322e-30   3.315758e-30   2.756329e+00
 1.127771e-29   2.877564e-30   3.919184e+00
 1.110691e-29   3.658910e-30   3.035578e+00
 1.502467e-29   2.853707e-30   5.264966e+00
 9.218415e-30   3.368387e-30   2.736745e+00
 1.136494e-29   2.885399e-30   3.938774e+00
 1.061839e-29   2.952245e-30   3.596717e+00
 8.758417e-30   3.512609e-30   2.493422e+00
 1.119233e-29   3.192221e-30   3.506126e+00
 1.144862e-29   2.660974e-30   4.302418e+00
 1.097884e-29   3.511697e-30   3.126362e+00
 7.615688e-30   3.431440e-30   2.219386e+00
 1.149890e-29   3.601372e-30   3.192923e+00
 1.107147e-29   3.786469e-30   2.923957e+00
 1.084439e-29   3.685463e-30   2.942477e+00
 1.180056e-29   2.997371e-30   3.936971e+00
 9.845024e-30   3.928593e-30   2.505992e+00
 1.183324e-29   3.342092e-30   3.540669e+00
 1.078765e-29   2.933106e-30   3.677893e+00
 8.586000e-30   2.927659e-30   2.932718e+00
 1.125405e-29   2.613138e-30   4.306718e+00
 1.159783e-29   3.538234e-30   3.277857e+00
 1.138714e-29   3.464827e-30   3.286494e+00
 1.167145e-29   3.267931e-30   3.571510e+00
 1.048186e-29   3.506489e-30   2.989275e+00
 1.194305e-29   2.862065e-30   4.172878e+00
 1.150322e-29   2.972850e-30   3.869426e+00
 1.339594e-29   3.176659e-30   4.216992e+00
 1.344820e-29   2.647539e-30   5.079511e+00
 1.279030e-29   3.728899e-30   3.430047e+00
 1.078947e-29   3.260114e-30   3.309537e+00
 1.191908e-29   3.506526e-30   3.399113e+00
 1.239116e-29   3.861808e-30   3.208642e+00
 1.123083e-29   2.910147e-30   3.859198e+00
 1.059374e-29   3.526441e-30   3.004088e+00
 9.859026e-30   2.756678e-30   3.576415e+00
 9.923451e-30   2.787604e-30   3.559850e+00
 1.209400e-29   3.035208e-30   3.984571e+00
 1.018566e-29   3.609519e-30   2.821889e+00
 1.142783e-29   3.210700e-30   3.559295e+00
 1.120586e-29   3.650099e-30   3.070015e+00
 1.085813e-29   3.255319e-30   3.335506e+00
 1.183532e-29   3.198796e-30   3.699930e+00
 1.061820e-29   3.528339e-30   3.009406e+00
 8.531230e-30   3.538084e-30   2.411257e+00
 1.144512e-29   4.014671e-30   2.850823e+00
 1.165195e-29   3.220341e-30   3.618236e+00
 1.086288e-29   2.995276e-30   3.626671e+00
 9.862548e-30   3.173127e-30   3.108148e+00
 1.230618e-29   3.978041e-30   3.093528e+00
 1.172870e-29   3.298436e-30   3.555836e+00
 9.308955e-30   2.850836e-30   3.265342e+00
 9.114000e-30   3.176845e-30   2.868885e+00
 1.155909e-29   3.134473e-30   3.687731e+00
 1.072700e-29   2.888302e-30   3.713947e+00
 1.160447e-29   2.632600e-30   4.407987e+00
 1.060343e-29   3.563952e-30   2.975191e+00
 1.059685e-29   2.656040e-30   3.989719e+00
 1.239196e-29   3.176907e-30   3.900638e+00
 1.187466e-29   3.530153e-30   3.363780e+00
 9.042852e-30   2.864809e-30   3.156529e+00
 1.151329e-29   3.650103e-30   3.154237e+00
 1.120176e-29   2.740171e-30   4.087979e+00
 9.458427e-30   3.135050e-30   3.016994e+00
 1.208274e-29   2.921530e-30   4.135759e+00
 8.560434e-30   2.925702e-30   2.925942e+00
 9.977457e-30   3.532683e-30   2.824328e+00
 1.218939e-29   3.364652e-30   3.622780e+00
 1.042093e-29   2.906662e-30   3.585186e+00
 9.255461e-30   4.370731e-30   2.117600e+00
 1.152926e-29   3.397681e-30   3.393273e+00
 1.109503e-29   3.440296e-30   3.225021e+00
 1.032906e-29   3.888393e-30   2.656382e+00
 1.033373e-29   3.010305e-30   3.432784e+00
 1.133211e-29   3.010093e-30   3.764703e+00
 1.093506e-29   2.894855e-30   3.777412e+00
 1.174389e-29   3.254194e-30   3.608846e+00
 1.073406e-29   3.136458e-30   3.422350e+00
 1.194364e-29   3.329769e-30   3.586928e+00
 1.160343e-29   3.990474e-30   2.907783e+00
 1.006123e-29   3.398815e-30   2.960216e+00
 1.158879e-29   3.497634e-30   3.313322e+00
 1.111272e-29   3.444627e-30   3.226103e+00
 1.161650e-29   3.319977e-30   3.498968e+00
 8.874418e-30   2.492991e-30   3.559747e+00
 1.045053e-29   3.640979e-30   2.870252e+00
 1.115254e-29   3.101215e-30   3.596183e+00
 1.239215e-29   3.023382e-30   4.098770e+00
 1.084106e-29   3.517484e-30   3.082050e+00
 8.216273e-30   3.308752e-30   2.483194e+00
 1.129319e-29   2.543385e-30   4.440219e+00
 9.766829e-30   3.951858e-30   2.471453e+00
 1.140818e-29   4.115969e-30   2.771687e+00
 9.435904e-30   3.440976e-30   2.742217e+00
 9.524843e-30   3.637227e-30   2.618710e+00
 1.270603e-29   3.182257e-30   3.992774e+00
 9.882434e-30   3.328278e-30   2.969234e+00
 1.177365e-29   3.099048e-30   3.799118e+00
 1.101302e-29   3.005832e-30   3.663884e+00
 1.128399e-29   3.914507e-30   2.882609e+00
 9.054965e-30   3.806520e-30   2.378804e+00
 1.151520e-29   3.647366e-30   3.157127e+00
 1.146955e-29   4.050101e-30   2.831917e+00
 9.304689e-30   3.174096e-30   2.931445e+00
 1.083350e-29   3.341908e-30   3.241712e+00
 1.084425e-29   2.780832e-30   3.899642e+00
 1.128399e-29   3.914507e-30   2.882609e+00
 1.151092e-29   3.926750e-30   2.931411e+00
 6.688596e-30   2.509008e-30   2.665833e+00
 1.064496e-29   3.006854e-30   3.540231e+00
 1.152362e-29   2.794506e-30   4.123671e+00
 1.047450e-29   3.092682e-30   3.386865e+00
 1.149162e-29   3.056121e-30   3.760197e+00
 1.093874e-29   3.452603e-30   3.168259e+00
 1.114821e-29   3.263995e-30   3.415512e+00
 8.555466e-30   3.306796e-30   2.587237e+00
 1.076886e-29   3.345983e-30   3.218445e+00
 1.170026e-29   2.858961e-30   4.092487e+00
 1.175397e-29   3.247778e-30   3.619080e+00
 1.194002e-29   2.967171e-30   4.024042e+00
 1.157018e-29   3.410795e-30   3.392222e+00
 1.108744e-29   2.540429e-30   4.364396e+00
 9.386649e-30   3.492880e-30   2.687366e+00
 1.182879e-29   3.119502e-30   3.791885e+00
 1.150011e-29   3.601065e-30   3.193531e+00
 1.138328e-29   3.407440e-30   3.340713e+00
 9.568752e-30   3.435199e-30   2.785501e+00
 1.129964e-29   3.812613e-30   2.963751e+00
 9.342905e-30   2.771693e-30   3.370829e+00
 1.386497e-29   3.346138e-30   4.143573e+00
 1.159772e-29   3.133887e-30   3.700746e+00
 1.163110e-29   3.057680e-30   3.803896e+00
 1.390600e-29   3.051015e-30   4.557827e+00
 1.019693e-29   3.986117e-30   2.558111e+00
 1.025237e-29   3.330794e-30   3.078057e+00
 1.168130e-29   3.173794e-30   3.680547e+00
 8.142578e-30   2.489270e-30   3.271071e+00
 6.974829e-30   3.177490e-30   2.195075e+00
 1.179834e-29   3.100894e-30   3.804819e+00
 1.076640e-29   2.971025e-30   3.623802e+00
 1.046793e-29   3.369259e-30   3.106895e+00
 1.121694e-29   3.438670e-30   3.262000e+00
 1.160560e-29   3.382861e-30   3.430706e+00
 1.084500e-29   2.663817e-30   4.071225e+00
 1.099512e-29   2.835909e-30   3.877108e+00
 1.020265e-29   3.843220e-30   2.654715e+00
 1.085199e-29   3.128189e-30   3.469096e+00
 1.047964e-29   3.362604e-30   3.116525e+00
 1.256659e-29   3.426202e-30   3.667789e+00
 1.180500e-29   3.203610e-30   3.684906e+00
 1.032954e-29   4.031103e-30   2.562461e+00
 1.247824e-29   3.693702e-30   3.378249e+00
 1.180806e-29   3.165806e-30   3.729875e+00
 1.063389e-29   3.093886e-30   3.437068e+00
 9.998904e-30   3.480817e-30   2.872574e+00
 1.072544e-29   2.817700e-30   3.806452e+00
 1.067739e-29   3.124893e-30   3.416883e+00
 1.032248e-29   2.913128e-30   3.543436e+00
 9.939686e-30   3.798692e-30   2.616607e+00
 1.262237e-29   3.082664e-30   4.094632e+00
 1.256015e-29   3.476057e-30   3.613332e+00
 1.110266e-29   3.224323e-30   3.443408e+00
 1.083516e-29   2.920787e-30   3.709673e+00
 1.047617e-29   3.003269e-30   3.488256e+00
 1.157383e-29   3.565228e-30   3.246309e+00
 1.193796e-29   3.301847e-30   3.615539e+00
 1.079958e-29   3.094275e-30   3.490182e+00
 1.056151e-29   3.182828e-30   3.318278e+00
 9.634987e-30   3.077621e-30   3.130661e+00
 1.181098e-29   3.459249e-30   3.414320e+00
 1.154895e-29   3.721055e-30   3.103675e+00
 1.282722e-29   2.245089e-30   5.713459e+00
 1.063804e-29   3.753819e-30   2.833925e+00
 1.034696e-29   3.205178e-30   3.228202e+00
 7.986299e-30   3.315324e-30   2.408905e+00
 1.078795e-29   2.759627e-30   3.909206e+00
 1.134894e-29   4.022557e-30   2.821325e+00
 1.036042e-29   2.841532e-30   3.646069e+00
 1.124070e-29   2.907049e-30   3.866703e+00
 1.160350e-29   3.504812e-30   3.310735e+00
 1.118585e-29   2.589980e-30   4.318896e+00
 1.078546e-29   3.314142e-30   3.254375e+00
 1.026261e-29   2.609453e-30   3.932858e+00
 9.636845e-30   3.035556e-30   3.174656e+00
 1.261948e-29   4.080121e-30   3.092918e+00
 1.151807e-29   2.784240e-30   4.136880e+00
 1.093906e-29   3.243196e-30   3.372926e+00
 1.104039e-29   3.194122e-30   3.456471e+00
 1.081832e-29   2.707167e-30   3.996178e+00
 1.099858e-29   2.605595e-30   4.221139e+00
 9.635938e-30   3.384553e-30   2.847034e+00
 1.229714e-29   3.629278e-30   3.388316e+00
 1.009968e-29   2.612263e-30   3.866258e+00
 1.332346e-29   3.036663e-30   4.387535e+00
 1.091799e-29   2.717411e-30   4.017793e+00
 1.133862e-29   4.191600e-30   2.705083e+00
 1.066704e-29   3.025512e-30   3.525697e+00
 1.033948e-29   3.692544e-30   2.800096e+00
 1.115213e-29   2.948931e-30   3.781754e+00
 1.271481e-29   3.895092e-30   3.264315e+00
 1.176360e-29   3.173521e-30   3.706798e+00
 9.730192e-30   3.983532e-30   2.442605e+00
 6.021995e-30   3.651608e-30   1.649135e+00
 1.096673e-29   3.692330e-30   2.970139e+00
 1.163445e-29   3.458281e-30   3.364228e+00
 1.131125e-29   3.480148e-30   3.250220e+00
 1.069643e-29   3.151596e-30   3.393972e+00
 1.083137e-29   3.377848e-30   3.206589e+00
 1.171438e-29   3.211179e-30   3.647999e+00
 1.163255e-29   3.293386e-30   3.532094e+00
 1.139610e-29   3.297050e-30   3.456454e+00
 1.027544e-29   2.666540e-30   3.853474e+00
 1.022083e-29   3.126617e-30   3.268973e+00
 7.957063e-30   3.003645e-30   2.649136e+00
 1.227443e-29   3.517937e-30   3.489100e+00
 1.165763e-29   4.029243e-30   2.893257e+00
 1.159606e-29   3.231420e-30   3.588534e+00
 1.145361e-29   3.694143e-30   3.100478e+00
 1.165125e-29   3.463804e-30   3.363716e+00
 1.456473e-29   2.295148e-30   6.345880e+00
 1.154516e-29   2.559948e-30   4.509919e+00
 1.027556e-29   3.475655e-30   2.956437e+00
 1.138110e-29   3.534479e-30   3.220023e+00
 9.749936e-30   3.110980e-30   3.134040e+00
 1.109829e-29   2.897821e-30   3.829875e+00
 1.039189e-29   3.815720e-30   2.723443e+00
 1.010229e-29   3.123378e-30   3.234411e+00
 1.137046e-29   2.919609e-30   3.894514e+00
 1.087996e-29   3.438591e-30   3.164075e+00
 1.125953e-29   2.784946e-30   4.042997e+00
 8.570886e-30   3.120879e-30   2.746305e+00
 1.265356e-29   3.195138e-30   3.960254e+00
 1.218058e-29   3.312529e-30   3.677125e+00
 1.129665e-29   3.087393e-30   3.658961e+00
 8.735170e-30   3.489414e-30   2.503335e+00
 1.198765e-29   3.601533e-30   3.328485e+00
 1.270241e-29   3.534316e-30   3.594022e+00
 8.876828e-30   3.475617e-30   2.554029e+00
 1.127253e-29   3.210484e-30   3.511161e+00
 1.169557e-29   3.956614e-30   2.955955e+00
 1.091918e-29   3.496527e-30   3.122863e+00
 1.129798e-29   3.261785e-30   3.463741e+00
 1.086125e-29   3.479349e-30   3.121633e+00
 9.678484e-30   3.036414e-30   3.187471e+00
 8.242263e-30   3.171655e-30   2.598726e+00
 9.810681e-30   3.955642e-30   2.480174e+00
 1.086110e-29   3.184574e-30   3.410536e+00
 1.280941e-29   3.391906e-30   3.776464e+00
 9.625346e-30   3.181419e-30   3.025489e+00
 1.088510e-29   2.701028e-30   4.029986e+00
 1.074138e-29   2.939083e-30   3.654670e+00
 1.085396e-29   3.231969e-30   3.358310e+00
 8.418642e-30   3.910723e-30   2.152707e+00
 1.365246e-29   2.246005e-30   6.078551e+00
 1.187262e-29   3.322310e-30   3.573605e+00
 1.199390e-29   2.507437e-30   4.783329e+00
 1.111333e-29   3.098895e-30   3.586224e+00
 1.111411e-29   3.152234e-30   3.525789e+00
 1.161734e-29   2.809021e-30   4.135724e+00
 1.076338e-29   3.205586e-30   3.357695e+00
 1.142276e-29   3.746721e-30   3.048736e+00
 1.370816e-29   3.107232e-30   4.411696e+00
 1.034524e-29   3.723265e-30   2.778539e+00
 1.157177e-29   3.123239e-30   3.705055e+00
 1.032796e-29   3.070269e-30   3.363863e+00
 1.145880e-29   3.421326e-30   3.349229e+00
 1.106355e-29   2.923251e-30   3.784673e+00
 1.127943e-29   3.176050e-30   3.551402e+00
 1.130465e-29   4.189292e-30   2.698464e+00
 1.207994e-29   3.681502e-30   3.281254e+00
 1.238636e-29   3.791262e-30   3.267081e+00
 1.012918e-29   3.389506e-30   2.988396e+00
 1.071501e-29   3.246381e-30   3.300602e+00
 1.177842e-29   3.091950e-30   3.809382e+00
 1.112015e-29   2.979086e-30   3.732737e+00
 1.125421e-29   3.190987e-30   3.526875e+00
 1.126643e-29   2.920279e-30   3.857997e+00
 9.778690e-30   4.313013e-30   2.267253e+00
 9.740981e-30   3.121307e-30   3.120802e+00
 1.371193e-29   2.796253e-30   4.903681e+00
 7.908168e-30   3.138571e-30   2.519672e+00
 1.167855e-29   3.151298e-30   3.705948e+00
 9.535741e-30   2.897681e-30   3.290818e+00
 1.034996e-29   4.098781e-30   2.525133e+00
 1.018779e-29   3.023066e-30   3.370020e+00
 1.125176e-29   3.897995e-30   2.886550e+00
 8.761316e-30   3.885688e-30   2.254766e+00
 1.138832e-29   2.726938e-30   4.176230e+00
 1.543464e-29   3.262576e-30   4.730814e+00
 1.045936e-29   2.901763e-30   3.604486e+00
 1.190089e-29   3.765923e-30   3.160152e+00
 1.213724e-29   2.815356e-30   4.311084e+00
 1.130108e-29   3.291694e-30   3.433209e+00
 1.195469e-29   3.411789e-30   3.503935e+00
 9.756664e-30   3.727573e-30   2.617431e+00
 1.026469e-29   3.509083e-30   2.925176e+00
 1.376731e-29   3.198930e-30   4.303724e+00
 1.132239e-29   2.602892e-30   4.349926e+00
 1.190353e-29   3.036459e-30   3.920200e+00
 1.138718e-29   3.677876e-30   3.096129e+00
 1.001480e-29   2.602450e-30   3.848220e+00
 8.820915e-30   2.883458e-30   3.059144e+00
 1.142567e-29   2.605365e-30   4.385439e+00
 1.291355e-29   3.146117e-30   4.104600e+00
 1.154500e-29   3.560598e-30   3.242434e+00
 1.191200e-29   3.020226e-30   3.944076e+00
 1.162618e-29   3.557147e-30   3.268401e+00
 1.172843e-29   2.697270e-30   4.348259e+00
 1.025978e-29   3.451877e-30   2.972231e+00
 1.215464e-29   3.221450e-30   3.773034e+00
 8.551860e-30   2.634827e-30   3.245701e+00
 8.723307e-30   3.244856e-30   2.688349e+00
 1.208720e-29   3.608814e-30   3.349354e+00
 9.299084e-30   3.338084e-30   2.785755e+00
 1.229975e-29   2.688572e-30   4.574827e+00
 1.405652e-29   3.100413e-30   4.533756e+00
 1.010700e-29   3.055959e-30   3.307308e+00
 8.899789e-30   3.282435e-30   2.711337e+00
 1.072849e-29   3.351864e-30   3.200753e+00
 1.116638e-29   3.053254e-30   3.657207e+00
 1.193615e-29   2.660336e-30   4.486709e+00
 1.098870e-29   3.054998e-30   3.596957e+00
 1.128484e-29   2.589340e-30   4.358192e+00
 1.077075e-29   2.491201e-30   4.323515e+00
 9.984983e-30   3.023730e-30   3.302208e+00
 1.048368e-29   3.845717e-30   2.726067e+00
 1.063121e-29   3.697971e-30   2.874877e+00
 1.074758e-29   3.557792e-30   3.020858e+00
 8.692835e-30   3.364226e-30   2.583904e+00
 1.286273e-29   3.006972e-30   4.277636e+00
 9.601947e-30   2.449631e-30   3.919752e+00
 1.253062e-29   3.004723e-30   4.170306e+00
 1.165073e-29   2.963531e-30   3.931368e+00
 1.063763e-29   2.831364e-30   3.757069e+00
 1.142735e-29   3.505961e-30   3.259408e+00
 1.364995e-29   2.908997e-30   4.692322e+00
 9.728088e-30   3.545546e-30   2.743749e+00
 1.072109e-29   3.099471e-30   3.459007e+00
 1.137632e-29   3.402819e-30   3.343204e+00
 1.118878e-29   3.504262e-30   3.192906e+00
 9.457706e-30   3.537217e-30   2.673770e+00
 1.136384e-29   3.969617e-30   2.862705e+00
 1.071741e-29   2.573696e-30   4.164210e+00
 1.092521e-29   3.697104e-30   2.955073e+00
 1.290180e-29   4.107239e-30   3.141233e+00
 1.071559e-29   3.490126e-30   3.070259e+00
 1.107480e-29   3.332175e-30   3.323595e+00
 1.117800e-29   3.249090e-30   3.440347e+00
 1.312913e-29   2.930084e-30   4.480801e+00
 1.004320e-29   2.414390e-30   4.159725e+00
 1.120875e-29   3.507185e-30   3.195939e+00
 1.121208e-29   3.078734e-30   3.641782e+00
 1.049219e-29   3.137519e-30   3.344105e+00
 9.906812e-30   3.264840e-30   3.034394e+00
 1.084378e-29   3.086377e-30   3.513433e+00
 8.566850e-30   3.139513e-30   2.728719e+00
 9.547771e-30   3.280513e-30   2.910451e+00
 1.161605e-29   3.064310e-30   3.790758e+00
 1.139165e-29   3.858021e-30   2.952719e+00
 1.027449e-29   3.517275e-30   2.921150e+00
 1.304398e-29   3.342223e-30   3.902785e+00
 1.177901e-29   3.111679e-30   3.785420e+00
 1.139263e-29   3.335740e-30   3.415323e+00
 1.316517e-29   2.928693e-30   4.495236e+00
 9.181824e-30   2.947091e-30   3.115555e+00
 1.203202e-29   3.344633e-30   3.597413e+00
 1.151165e-29   4.148970e-30   2.774581e+00
 9.641934e-30   3.468043e-30   2.780223e+00
 1.180592e-29   3.186846e-30   3.704577e+00
 1.107810e-29   2.523964e-30   4.389166e+00
 1.176386e-29   3.078682e-30   3.821069e+00
 1.105381e-29   3.157403e-30   3.500920e+00
 1.260653e-29   2.686829e-30   4.691975e+00
 1.057473e-29   3.089067e-30   3.423277e+00
 1.085694e-29   3.034142e-30   3.578256e+00
 1.205445e-29   3.040186e-30   3.965037e+00
 1.144894e-29   3.862757e-30   2.963929e+00
 1.045497e-29   2.907011e-30   3.596466e+00
 1.137592e-29   3.056268e-30   3.722161e+00
 1.025631e-29   3.108838e-30   3.299082e+00
 1.095133e-29   3.293481e-30   3.325155e+00
 1.085086e-29   3.143747e-30   3.451570e+00
 9.316698e-30   3.093391e-30   3.011808e+00
 1.028504e-29   3.906409e-30   2.632864e+00
 9.237615e-30   2.992954e-30   3.086454e+00
 1.090326e-29   3.772236e-30   2.890397e+00
 1.105510e-29   3.933535e-30   2.810476e+00
 1.099722e-29   3.541993e-30   3.104812e+00
 1.196108e-29   3.095668e-30   3.863810e+00
 1.410013e-29   3.328359e-30   4.236362e+00
 9.965511e-30   3.479023e-30   2.864457e+00
 9.777243e-30   3.441632e-30   2.840874e+00
 8.751707e-30   3.608376e-30   2.425387e+00
 1.235270e-29   2.889326e-30   4.275288e+00
 1.079569e-29   3.776528e-30   2.858628e+00
 1.083405e-29   2.820709e-30   3.840897e+00
 1.110276e-29   3.398066e-30   3.267375e+00
 1.011213e-29   3.282872e-30   3.080270e+00
 1.349030e-29   3.697389e-30   3.648602e+00
 9.024884e-30   3.444388e-30   2.620170e+00
 1.365917e-29   3.381216e-30   4.039722e+00
 1.097592e-29   2.900212e-30   3.784522e+00
 1.102354e-29   3.306416e-30   3.333985e+00
 1.150021e-29   2.893571e-30   3.974399e+00
 1.175677e-29   3.609534e-30   3.257143e+00
 6.747197e-30   3.017946e-30   2.235692e+00
 1.126207e-29   3.056419e-30   3.684728e+00
 9.831029e-30   3.309965e-30   2.970131e+00
 1.179631e-29   2.986659e-30   3.949666e+00
 1.003243e-29   3.509315e-30   2.858800e+00
 9.720057e-30   3.584418e-30   2.711753e+00
 1.084891e-29   3.060738e-30   3.544541e+00
 1.149986e-29   2.783253e-30   4.131806e+00
 8.787274e-30   2.697173e-30   3.257957e+00
 6.688596e-30   2.509008e-30   2.665833e+00
 1.021863e-29   3.751623e-30   2.723790e+00
 1.152238e-29   3.930917e-30   2.931220e+00
 1.073896e-29   4.005100e-30   2.681321e+00
 8.880030e-30   3.235023e-30   2.744966e+00
 1.157769e-29   3.678566e-30   3.147339e+00
 1.126910e-29   3.147295e-30   3.580566e+00
 1.106733e-29   2.924577e-30   3.784251e+00
 9.867484e-30   3.284535e-30   3.004226e+00
 1.176063e-29   3.666473e-30   3.207613e+00
 1.125361e-29   2.268677e-30   4.960430e+00
 1.186310e-29   3.382749e-30   3.506942e+00
 9.592903e-30   2.889799e-30   3.319575e+00
 9.738087e-30   3.962506e-30   2.457558e+00
 1.082131e-29   2.867349e-30   3.773979e+00
 1.145494e-29   2.260412e-30   5.067632e+00
 1.160013e-29   3.014816e-30   3.847706e+00
 1.062267e-29   2.869046e-30   3.702510e+00
 6.608314e-30   2.908295e-30   2.272229e+00
 9.264561e-30   3.169902e-30   2.922665e+00
 1.172279e-29   3.019924e-30   3.881816e+00
 1.169497e-29   3.129245e-30   3.737313e+00
 9.398534e-30   3.706036e-30   2.536007e+00
 8.265265e-30   2.763350e-30   2.991030e+00
 1.061221e-29   3.042355e-30   3.488156e+00
 8.667952e-30   2.762283e-30   3.137967e+00
 1.039232e-29   3.066861e-30   3.388585e+00
 9.596004e-30   2.909408e-30   3.298267e+00
 1.000512e-29   3.526591e-30   2.837051e+00
 1.163974e-29   3.074500e-30   3.785897e+00
 8.837719e-30   3.114097e-30   2.837972e+00
 1.322509e-29   2.653986e-30   4.983107e+00
 1.207577e-29   3.416250e-30   3.534803e+00
 9.497972e-30   3.334926e-30   2.848031e+00
 1.195760e-29   3.274123e-30   3.652154e+00
 1.042177e-29   3.056837e-30   3.409333e+00
 1.165551e-29   3.126333e-30   3.728174e+00
 1.056991e-29   3.518925e-30   3.003733e+00
 1.115121e-29   2.922808e-30   3.815237e+00
 1.223822e-29   3.106403e-30   3.939676e+00
 1.158920e-29   3.461635e-30   3.347898e+00
 1.152385e-29   3.552472e-30   3.243896e+00
 1.174389e-29   3.254195e-30   3.608846e+00
 9.859642e-30   3.510272e-30   2.808797e+00
 1.117307e-29   3.085918e-30   3.620664e+00
 1.180907e-29   3.173498e-30   3.721153e+00
 1.147518e-29   3.152717e-30   3.639774e+00
 9.459375e-30   2.651827e-30   3.567116e+00
 1.187303e-29   2.936629e-30   4.043083e+00
 1.171108e-29   3.020750e-30   3.876878e+00
 1.230242e-29   2.874347e-30   4.280075e+00
 1.098513e-29   2.572934e-30   4.269496e+00
 7.579019e-30   3.503351e-30   2.163363e+00
 1.259346e-29   3.538168e-30   3.559317e+00
 1.100543e-29   2.531621e-30   4.347188e+00
 9.327739e-30   2.836049e-30   3.288991e+00
 1.102822e-29   2.788763e-30   3.954523e+00
 1.205015e-29   2.692989e-30   4.474637e+00
 1.092037e-29   2.760322e-30   3.956195e+00
 6.337359e-30   2.994751e-30   2.116156e+00
 1.127335e-29   3.500080e-30   3.220883e+00
 1.096783e-29   3.521386e-30   3.114635e+00
 1.068908e-29   3.188119e-30   3.352785e+00
 1.080383e-29   2.938865e-30   3.676191e+00
 1.057992e-29   2.768769e-30   3.821165e+00
 7.566845e-30   3.345118e-30   2.262056e+00
 1.143404e-29   3.786754e-30   3.019482e+00
 1.142860e-29   3.869965e-30   2.953153e+00
 1.169962e-29   3.274384e-30   3.573076e+00
 1.042943e-29   3.254297e-30   3.204817e+00
 1.123053e-29   3.147968e-30   3.567550e+00
 9.044329e-30   3.497737e-30   2.585766e+00
 1.133777e-29   2.525232e-30   4.489793e+00
 1.304659e-29   3.383256e-30   3.856223e+00
 9.835574e-30   3.639403e-30   2.702524e+00
 1.219360e-29   3.583424e-30   3.402778e+00
 1.166107e-29   3.130414e-30   3.725088e+00
 9.919082e-30   3.256038e-30   3.046366e+00
 1.115691e-29   3.193140e-30   3.494025e+00
 1.098702e-29   2.929501e-30   3.750476e+00
 1.214394e-29   2.412263e-30   5.034250e+00
 1.191267e-29   2.893164e-30   4.117524e+00
 1.200149e-29   3.300478e-30   3.636288e+00
 8.340484e-30   2.911550e-30   2.864620e+00
 1.086632e-29   3.050255e-30   3.562430e+00
 1.104252e-29   2.614364e-30   4.223786e+00
 1.162821e-29   3.331892e-30   3.489970e+00
 1.171322e-29   3.339431e-30   3.507550e+00
 1.169350e-29   3.029339e-30   3.860082e+00
 1.178879e-29   3.068886e-30   3.841390e+00
 1.110442e-29   2.550758e-30   4.353380e+00
 1.208150e-29   2.931818e-30   4.120820e+00
 1.258799e-29   3.261680e-30   3.859358e+00
 9.370565e-30   4.247490e-30   2.206141e+00
 1.247117e-29   3.878132e-30   3.215769e+00
 1.144170e-29   3.155814e-30   3.625595e+00
 1.050744e-29   3.472565e-30   3.025845e+00
 1.082162e-29   2.616036e-30   4.136649e+00
 1.147151e-29   3.032593e-30   3.782738e+00
 1.059071e-29   3.963208e-30   2.672256e+00
 1.158463e-29   3.914284e-30   2.959578e+00
 1.071558e-29   3.702203e-30   2.894381e+00
 1.094877e-29   3.747054e-30   2.921968e+00
 1.226925e-29   3.428562e-30   3.578540e+00
 1.165656e-29   3.321549e-30   3.509375e+00
 1.128983e-29   3.360131e-30   3.359938e+00
 1.008799e-29   2.712838e-30   3.718612e+00
 1.033836e-29   3.462877e-30   2.985484e+00
 1.167672e-29   3.505475e-30   3.330995e+00
 1.090153e-29   3.637364e-30   2.997095e+00
 1.157852e-29   3.518270e-30   3.290971e+00
 1.279072e-29   3.267986e-30   3.913945e+00
 1.145880e-29   3.421326e-30   3.349229e+00
 1.070223e-29   3.703124e-30   2.890055e+00
 1.131283e-29   3.507340e-30   3.225473e+00
 1.045345e-29   3.218332e-30   3.248094e+00
 9.319433e-30   2.697021e-30   3.455454e+00
 1.313846e-29   3.310878e-30   3.968271e+00
 1.106364e-29   3.136105e-30   3.527828e+00
 1.171902e-29   3.195449e-30   3.667411e+00
 1.417591e-29   2.953771e-30   4.799260e+00
 1.172151e-29   2.897732e-30   4.045063e+00
 1.135809e-29   2.599856e-30   4.368737e+00
 9.062435e-30   3.754784e-30   2.413570e+00
 9.769746e-30   2.835451e-30   3.445571e+00
 1.094281e-29   3.260948e-30   3.355713e+00
 1.076055e-29   2.807172e-30   3.833235e+00
 1.030301e-29   2.977254e-30   3.460574e+00
 1.106257e-29   2.984792e-30   3.706312e+00
 1.177346e-29   3.076153e-30   3.827331e+00
 1.173466e-29   3.426692e-30   3.424485e+00
 1.117270e-29   3.476170e-30   3.214084e+00
 1.226211e-29   2.996882e-30   4.091623e+00
 1.171143e-29   3.413193e-30   3.431226e+00
 9.056586e-30   2.917639e-30   3.104080e+00
 1.087883e-29   3.514566e-30   3.095355e+00
 1.053964e-29   3.177256e-30   3.317216e+00
 1.157807e-29   3.859868e-30   2.999603e+00
 1.191594e-29   3.022460e-30   3.942463e+00
 1.143671e-29   3.714121e-30   3.079252e+00
 1.085956e-29   2.973548e-30   3.652056e+00
 1.216287e-29   2.850817e-30   4.266452e+00
