 1.575418e-30   1.508057e-30   1.044667e+00
 1.979650e-30   1.880396e-30   1.052784e+00
 2.029389e-30   2.290200e-30   8.861189e-01
 1.388308e-30   1.739631e-30   7.980474e-01
 1.613778e-30   1.554802e-30   1.037931e+00
 1.579903e-30   1.732018e-30   9.121744e-01
 1.362052e-30   1.579046e-30   8.625792e-01
 1.814270e-30   1.727870e-30   1.050004e+00
 1.397031e-30   1.412988e-30   9.887064e-01
 1.319413e-30   1.711788e-30   7.707808e-01
 1.726603e-30   1.590433e-30   1.085618e+00
 1.615242e-30   1.276996e-30   1.264876e+00
 2.217611e-30   2.173394e-30   1.020345e+00
 1.680542e-30   1.691678e-30   9.934170e-01
 1.480314e-30   1.632189e-30   9.069500e-01
 9.892489e-31   1.823464e-30   5.425106e-01
 1.822334e-30   1.515969e-30   1.202092e+00
 2.359192e-30   1.575098e-30   1.497806e+00
 1.721241e-30   1.429175e-30   1.204360e+00
 1.835414e-30   1.946871e-30   9.427508e-01
 1.538338e-30   1.615208e-30   9.524087e-01
 1.990581e-30   1.962639e-30   1.014237e+00
 1.641664e-30   1.585502e-30   1.035422e+00
 1.831664e-30   1.847242e-30   9.915666e-01
 1.634707e-30   1.458561e-30   1.120767e+00
 1.997136e-30   1.712980e-30   1.165884e+00
 1.561410e-30   1.692495e-30   9.225495e-01
 1.992354e-30   2.008779e-30   9.918232e-01
 2.263551e-30   1.560679e-30   1.450363e+00
 2.156312e-30   1.336240e-30   1.613716e+00
 2.045741e-30   2.190111e-30   9.340811e-01
 1.926823e-30   2.194009e-30   8.782199e-01
 1.618223e-30   1.524446e-30   1.061516e+00
 1.062225e-30   1.674842e-30   6.342241e-01
 2.048720e-30   1.536068e-30   1.333743e+00
 1.302236e-30   1.521839e-30   8.556989e-01
 1.658252e-30   1.304194e-30   1.271476e+00
 2.583648e-30   1.803628e-30   1.432473e+00
 1.721133e-30   1.584564e-30   1.086187e+00
 1.661550e-30   1.732714e-30   9.589292e-01
 1.607236e-30   1.779908e-30   9.029884e-01
 1.457054e-30   1.480064e-30   9.844537e-01
 1.885202e-30   1.856436e-30   1.015495e+00
 1.903278e-30   2.027790e-30   9.385972e-01
 1.577247e-30   1.654533e-30   9.532886e-01
 1.861528e-30   1.554609e-30   1.197425e+00
 2.307503e-30   1.566384e-30   1.473140e+00
 3.669376e-31   1.327285e-30   2.764572e-01
 2.555310e-30   1.630025e-30   1.567651e+00
 2.677816e-30   1.766600e-30   1.515802e+00
 2.361376e-30   1.810847e-30   1.304017e+00
 1.667525e-30   1.546165e-30   1.078491e+00
 1.702188e-30   1.610897e-30   1.056671e+00
 2.633450e-30   1.849893e-30   1.423569e+00
 2.078654e-30   2.391806e-30   8.690729e-01
 1.692841e-30   1.648143e-30   1.027120e+00
 1.795420e-30   1.775692e-30   1.011110e+00
 3.354229e-30   2.034502e-30   1.648674e+00
 2.391221e-30   2.067075e-30   1.156814e+00
 2.163910e-30   2.082561e-30   1.039062e+00
 2.195522e-30   2.048782e-30   1.071623e+00
 1.771726e-30   1.780946e-30   9.948234e-01
 1.575485e-30   1.667135e-30   9.450256e-01
 1.529021e-30   1.481709e-30   1.031930e+00
 1.637240e-30   1.585663e-30   1.032527e+00
 1.828832e-30   2.072560e-30   8.824025e-01
 2.673497e-30   1.584214e-30   1.687585e+00
 1.476167e-30   1.497830e-30   9.855371e-01
 1.742567e-30   1.967636e-30   8.856144e-01
 1.779971e-30   1.968798e-30   9.040902e-01
 1.713738e-30   1.585333e-30   1.080995e+00
 1.721976e-30   1.614667e-30   1.066459e+00
 1.577052e-30   1.516823e-30   1.039707e+00
 1.852175e-30   1.573361e-30   1.177209e+00
 2.918758e-30   1.720417e-30   1.696541e+00
 1.968962e-30   1.466892e-30   1.342268e+00
 2.664278e-30   1.728920e-30   1.541007e+00
 1.642638e-30   1.885461e-30   8.712130e-01
 1.240445e-30   1.586504e-30   7.818733e-01
 1.769031e-30   1.732084e-30   1.021331e+00
 1.939440e-30   1.859488e-30   1.042996e+00
 2.042692e-30   2.044370e-30   9.991794e-01
 2.575338e-30   1.866444e-30   1.379810e+00
 1.901339e-30   1.553876e-30   1.223610e+00
 2.255346e-30   1.662187e-30   1.356854e+00
 1.442168e-30   1.691240e-30   8.527285e-01
 1.491356e-30   1.457772e-30   1.023038e+00
 1.286740e-30   1.340933e-30   9.595854e-01
 2.554460e-30   2.161087e-30   1.182026e+00
 1.458572e-30   1.472647e-30   9.904428e-01
 1.168412e-30   1.980928e-30   5.898305e-01
 2.019694e-30   2.083783e-30   9.692439e-01
 1.632231e-30   1.602988e-30   1.018243e+00
 1.432855e-30   1.338951e-30   1.070132e+00
 1.387716e-30   1.674640e-30   8.286654e-01
 1.779413e-30   1.782611e-30   9.982060e-01
 1.174666e-30   1.408701e-30   8.338651e-01
 1.608982e-30   1.560326e-30   1.031183e+00
 1.825742e-30   2.062160e-30   8.853540e-01
 1.135939e-30   1.655979e-30   6.859618e-01
 1.748351e-30   1.669275e-30   1.047371e+00
 1.616639e-30   2.320721e-30   6.966108e-01
 1.592334e-30   1.628813e-30   9.776036e-01
 2.401146e-30   1.566413e-30   1.532894e+00
 2.561069e-30   1.530806e-30   1.673020e+00
 1.901412e-30   1.883731e-30   1.009386e+00
 2.073543e-30   1.724677e-30   1.202279e+00
 1.702792e-30   1.565241e-30   1.087878e+00
 2.624990e-30   1.635486e-30   1.605022e+00
 1.464798e-30   1.621722e-30   9.032361e-01
 1.610955e-30   1.809386e-30   8.903326e-01
 2.456056e-30   1.790997e-30   1.371335e+00
 1.805434e-30   1.433909e-30   1.259100e+00
 8.338211e-31   1.384496e-30   6.022559e-01
 1.612224e-30   1.754146e-30   9.190929e-01
 1.908276e-30   1.778759e-30   1.072814e+00
 1.973218e-30   2.016756e-30   9.784118e-01
 1.588926e-30   1.784151e-30   8.905780e-01
 1.390464e-30   1.780234e-30   7.810571e-01
 1.819707e-30   1.612799e-30   1.128291e+00
 1.780824e-30   1.566669e-30   1.136695e+00
 1.879259e-30   1.829855e-30   1.026999e+00
 1.317663e-30   1.326323e-30   9.934708e-01
 2.412326e-30   1.730470e-30   1.394030e+00
 1.715437e-30   1.599728e-30   1.072331e+00
 2.707538e-30   1.597455e-30   1.694907e+00
 1.627232e-30   1.950843e-30   8.341174e-01
 1.715688e-30   2.105542e-30   8.148438e-01
 2.144459e-30   2.119386e-30   1.011830e+00
 2.049205e-30   1.331538e-30   1.538976e+00
 1.477061e-30   1.728464e-30   8.545514e-01
 1.733321e-30   1.670763e-30   1.037442e+00
 2.491504e-30   1.978239e-30   1.259455e+00
 1.693978e-30   1.909134e-30   8.873019e-01
 1.951080e-30   1.952121e-30   9.994669e-01
 2.139797e-30   1.779999e-30   1.202133e+00
 1.665537e-30   1.515592e-30   1.098935e+00
 2.277803e-30   1.633018e-30   1.394843e+00
 1.266418e-30   1.683704e-30   7.521622e-01
 2.300122e-30   1.848828e-30   1.244097e+00
 1.902233e-30   1.737850e-30   1.094589e+00
 2.690244e-30   2.244696e-30   1.198489e+00
 2.027682e-30   2.039059e-30   9.944204e-01
 2.224951e-30   1.761111e-30   1.263379e+00
 1.688111e-30   1.757319e-30   9.606172e-01
 1.681450e-30   1.807166e-30   9.304344e-01
 1.890064e-30   1.827633e-30   1.034160e+00
 1.883866e-30   1.687522e-30   1.116350e+00
 2.763155e-30   1.884102e-30   1.466563e+00
 1.943810e-30   1.690087e-30   1.150124e+00
 2.402028e-30   2.025236e-30   1.186048e+00
 2.066583e-30   2.170833e-30   9.519771e-01
 1.459147e-30   1.443200e-30   1.011050e+00
 1.571274e-30   1.630783e-30   9.635091e-01
 1.752024e-30   1.602597e-30   1.093241e+00
 2.351101e-30   1.950247e-30   1.205540e+00
 1.240285e-30   1.283821e-30   9.660891e-01
 1.757432e-30   1.697572e-30   1.035262e+00
 1.650666e-30   1.926259e-30   8.569284e-01
 1.508205e-30   1.630813e-30   9.248182e-01
 2.073000e-30   1.629615e-30   1.272080e+00
 2.096813e-30   2.071556e-30   1.012192e+00
 1.890822e-30   1.881670e-30   1.004863e+00
 1.889732e-30   1.907537e-30   9.906656e-01
 1.517332e-30   1.645274e-30   9.222370e-01
 1.866865e-30   1.948579e-30   9.580648e-01
 1.930321e-30   1.798873e-30   1.073072e+00
 1.556562e-30   1.634105e-30   9.525470e-01
 1.484763e-30   1.994303e-30   7.445021e-01
 1.957037e-30   1.782280e-30   1.098053e+00
 1.571480e-30   2.123026e-30   7.402077e-01
 1.417468e-30   1.442639e-30   9.825523e-01
 2.001666e-30   2.227656e-30   8.985525e-01
 1.139550e-30   1.786775e-30   6.377691e-01
 1.838629e-30   1.693847e-30   1.085475e+00
 2.108773e-30   2.186540e-30   9.644337e-01
 1.760377e-30   1.812796e-30   9.710838e-01
 1.911882e-30   1.981866e-30   9.646876e-01
 2.095490e-30   1.855445e-30   1.129373e+00
 2.009442e-30   1.836381e-30   1.094240e+00
 2.579264e-30   1.786978e-30   1.443366e+00
 1.691682e-30   1.668804e-30   1.013709e+00
 1.925420e-30   1.722922e-30   1.117532e+00
 1.067268e-30   2.001768e-30   5.331626e-01
 1.935886e-30   1.924737e-30   1.005793e+00
 1.878456e-30   1.928311e-30   9.741458e-01
 1.349734e-30   1.420691e-30   9.500544e-01
 1.272309e-30   1.575569e-30   8.075237e-01
 1.529192e-30   1.934484e-30   7.904911e-01
 2.151572e-30   1.857694e-30   1.158195e+00
 1.576960e-30   1.787614e-30   8.821588e-01
 1.357929e-30   1.327794e-30   1.022695e+00
 1.646395e-30   1.769376e-30   9.304948e-01
 2.099709e-30   2.203252e-30   9.530043e-01
 1.777924e-30   1.867935e-30   9.518126e-01
 2.203876e-30   1.700746e-30   1.295829e+00
 2.072956e-30   2.040321e-30   1.015995e+00
 2.092399e-30   1.403188e-30   1.491175e+00
 1.468468e-30   1.548625e-30   9.482401e-01
 1.819259e-30   1.799671e-30   1.010884e+00
 2.121244e-30   1.761460e-30   1.204253e+00
 1.581851e-30   1.423819e-30   1.110992e+00
 1.185956e-30   1.758524e-30   6.744041e-01
 1.716637e-30   1.803514e-30   9.518291e-01
 9.880238e-31   2.279426e-30   4.334529e-01
 1.723625e-30   1.688631e-30   1.020723e+00
 1.475131e-30   1.941086e-30   7.599517e-01
 2.232592e-30   1.946291e-30   1.147101e+00
 1.638702e-30   1.727026e-30   9.488578e-01
 1.745664e-30   1.876429e-30   9.303120e-01
 2.054384e-30   1.707079e-30   1.203450e+00
 1.732138e-30   1.659491e-30   1.043776e+00
 1.722145e-30   1.698000e-30   1.014219e+00
 2.682708e-30   2.468390e-30   1.086825e+00
 2.500579e-30   1.801222e-30   1.388268e+00
 1.860835e-30   1.416609e-30   1.313584e+00
 1.513958e-30   2.185083e-30   6.928607e-01
 2.682654e-30   1.659013e-30   1.617018e+00
 1.827373e-30   1.926412e-30   9.485887e-01
 2.778542e-30   2.145750e-30   1.294905e+00
 1.292398e-30   1.583710e-30   8.160574e-01
 2.173874e-30   1.778544e-30   1.222277e+00
 1.825824e-30   2.038072e-30   8.958587e-01
 1.970810e-30   1.992727e-30   9.890015e-01
 2.029449e-30   2.103561e-30   9.647682e-01
 1.538529e-30   1.470592e-30   1.046197e+00
 1.346524e-30   1.728957e-30   7.788071e-01
 1.697791e-30   1.743574e-30   9.737419e-01
 1.559060e-30   2.018258e-30   7.724780e-01
 1.195419e-30   1.528277e-30   7.822004e-01
 1.021271e-30   2.085336e-30   4.897393e-01
 1.736161e-30   1.640512e-30   1.058304e+00
 1.247589e-30   1.600225e-30   7.796334e-01
 1.659002e-30   1.941413e-30   8.545333e-01
 1.924250e-30   1.867084e-30   1.030618e+00
 2.179621e-30   1.751850e-30   1.244182e+00
 2.285890e-30   2.024098e-30   1.129337e+00
 1.958878e-30   2.087808e-30   9.382462e-01
 1.674298e-30   1.706472e-30   9.811457e-01
 1.619147e-30   1.747236e-30   9.266902e-01
 9.029346e-31   1.492281e-30   6.050701e-01
 2.499476e-30   1.926473e-30   1.297436e+00
 1.770235e-30   1.874730e-30   9.442612e-01
 1.644685e-30   1.615377e-30   1.018143e+00
 1.229314e-30   1.740315e-30   7.063742e-01
 2.040473e-30   2.030634e-30   1.004845e+00
 1.532959e-30   1.413856e-30   1.084239e+00
 7.608573e-31   1.605126e-30   4.740171e-01
 2.196454e-30   1.535288e-30   1.430646e+00
 1.559060e-30   2.018258e-30   7.724780e-01
 1.439913e-30   1.355253e-30   1.062468e+00
 1.615505e-30   1.420851e-30   1.136998e+00
 2.049205e-30   1.331538e-30   1.538976e+00
 2.634174e-30   2.039853e-30   1.291355e+00
 1.816149e-30   1.979501e-30   9.174780e-01
 1.589675e-30   1.738601e-30   9.143410e-01
 1.975278e-30   2.027805e-30   9.740965e-01
 1.648825e-30   1.707859e-30   9.654340e-01
 1.521222e-30   1.494103e-30   1.018151e+00
 1.897573e-30   1.323305e-30   1.433964e+00
 1.840722e-30   1.708513e-30   1.077382e+00
 1.905125e-30   1.953206e-30   9.753835e-01
 1.832821e-30   1.826311e-30   1.003565e+00
 1.543297e-30   1.632613e-30   9.452929e-01
 1.664104e-30   1.608098e-30   1.034828e+00
 2.131001e-30   2.087358e-30   1.020908e+00
 1.463436e-30   1.391009e-30   1.052068e+00
 1.593955e-30   1.997187e-30   7.981001e-01
 2.244094e-30   1.850960e-30   1.212395e+00
 1.037112e-30   1.336020e-30   7.762695e-01
 1.890903e-30   1.687483e-30   1.120546e+00
 1.825480e-30   1.431057e-30   1.275616e+00
 1.705809e-30   1.445835e-30   1.179809e+00
 1.928173e-30   1.805805e-30   1.067764e+00
 1.748481e-30   1.737843e-30   1.006122e+00
 6.585396e-31   1.323977e-30   4.973949e-01
 1.736990e-30   1.661073e-30   1.045703e+00
 1.777572e-30   1.726961e-30   1.029306e+00
 1.754567e-30   1.726969e-30   1.015981e+00
 1.950816e-30   1.606526e-30   1.214307e+00
 1.895967e-30   1.879912e-30   1.008540e+00
 2.110142e-30   1.555867e-30   1.356248e+00
 2.260671e-30   2.075471e-30   1.089233e+00
 1.746126e-30   1.849553e-30   9.440801e-01
 1.432973e-30   1.338554e-30   1.070538e+00
 1.929189e-30   1.655422e-30   1.165376e+00
 2.004525e-30   2.089671e-30   9.592541e-01
 1.588051e-30   1.502439e-30   1.056982e+00
 2.391808e-30   1.793480e-30   1.333613e+00
 1.919111e-30   2.172018e-30   8.835611e-01
 1.597379e-30   1.460135e-30   1.093994e+00
 1.161918e-30   1.828370e-30   6.354939e-01
 1.667367e-30   1.695590e-30   9.833553e-01
 2.117096e-30   2.009269e-30   1.053665e+00
 9.640753e-31   1.257626e-30   7.665835e-01
 1.850346e-30   1.802732e-30   1.026413e+00
 2.495792e-30   2.042560e-30   1.221894e+00
 1.138474e-30   1.480098e-30   7.691882e-01
 1.804238e-30   1.713296e-30   1.053080e+00
 2.201066e-30   1.561300e-30   1.409765e+00
 1.322873e-30   1.966552e-30   6.726866e-01
 1.483774e-30   1.649486e-30   8.995372e-01
 2.156362e-30   1.531680e-30   1.407841e+00
 1.900128e-30   1.687311e-30   1.126128e+00
 1.585201e-30   1.564566e-30   1.013189e+00
 1.843574e-30   1.697744e-30   1.085896e+00
 1.986928e-30   1.797788e-30   1.105207e+00
 1.365287e-30   1.757544e-30   7.768155e-01
 1.870024e-30   2.051478e-30   9.115497e-01
 1.926823e-30   2.194009e-30   8.782199e-01
 1.535526e-30   1.714444e-30   8.956406e-01
 2.132728e-30   2.091304e-30   1.019808e+00
 1.438038e-30   1.601764e-30   8.977840e-01
 2.146075e-30   2.114359e-30   1.015000e+00
 1.863889e-30   1.797704e-30   1.036817e+00
 1.625286e-30   1.862523e-30   8.726260e-01
 1.807484e-30   1.621671e-30   1.114581e+00
 1.818846e-30   1.902442e-30   9.560585e-01
 1.600499e-30   1.905136e-30   8.400971e-01
 2.028097e-30   1.896071e-30   1.069631e+00
 1.585170e-30   1.736864e-30   9.126621e-01
 1.706108e-30   2.043754e-30   8.347909e-01
 1.677184e-30   1.666380e-30   1.006483e+00
 1.438443e-30   1.620455e-30   8.876789e-01
 1.728730e-30   1.847135e-30   9.358977e-01
 1.587242e-30   1.790479e-30   8.864903e-01
 9.099671e-31   1.637965e-30   5.555473e-01
 1.632490e-30   1.405329e-30   1.161642e+00
 7.272692e-31   1.435519e-30   5.066246e-01
 1.873435e-30   2.074063e-30   9.032680e-01
 2.555684e-30   1.833018e-30   1.394249e+00
 2.901160e-30   2.549476e-30   1.137944e+00
 1.216469e-30   1.639993e-30   7.417527e-01
 2.272947e-30   1.750048e-30   1.298791e+00
 1.181080e-30   1.681071e-30   7.025759e-01
 1.867525e-30   2.026990e-30   9.213290e-01
 1.664974e-30   1.873144e-30   8.888663e-01
 1.057067e-30   1.467549e-30   7.202940e-01
 1.603142e-30   1.251280e-30   1.281202e+00
 1.719762e-30   1.414934e-30   1.215436e+00
 2.019518e-30   1.642638e-30   1.229436e+00
 1.863607e-30   1.881485e-30   9.904982e-01
 1.411078e-30   1.357603e-30   1.039389e+00
 1.759329e-30   1.835236e-30   9.586392e-01
 2.803133e-30   1.744622e-30   1.606728e+00
 1.385340e-30   1.374324e-30   1.008016e+00
 1.766732e-30   1.741656e-30   1.014397e+00
 1.921348e-30   1.790389e-30   1.073145e+00
 1.302671e-30   1.740599e-30   7.484038e-01
 1.423419e-30   1.516803e-30   9.384334e-01
 1.926823e-30   2.194009e-30   8.782199e-01
 1.961202e-30   2.147229e-30   9.133639e-01
 2.252947e-30   2.091131e-30   1.077382e+00
 1.773853e-30   1.756907e-30   1.009646e+00
 1.580879e-30   2.056641e-30   7.686702e-01
 2.325985e-30   2.107977e-30   1.103420e+00
 1.173556e-30   1.896500e-30   6.188008e-01
 1.054896e-30   1.576662e-30   6.690693e-01
 2.555723e-30   1.713841e-30   1.491225e+00
 1.839866e-30   1.783502e-30   1.031603e+00
 1.862336e-30   1.971447e-30   9.446543e-01
 1.531058e-30   1.592493e-30   9.614222e-01
 1.917261e-30   1.918757e-30   9.992207e-01
 1.803920e-30   1.857329e-30   9.712441e-01
 1.775249e-30   1.788590e-30   9.925412e-01
 1.035199e-30   1.569835e-30   6.594319e-01
 2.042718e-30   2.025795e-30   1.008354e+00
 1.023440e-30   1.427954e-30   7.167182e-01
 1.758089e-30   2.048018e-30   8.584342e-01
 1.617194e-30   1.544541e-30   1.047038e+00
 2.158273e-30   1.752552e-30   1.231503e+00
 1.885775e-30   2.121795e-30   8.887641e-01
 1.240721e-30   1.415346e-30   8.766199e-01
 1.327748e-30   1.648824e-30   8.052695e-01
 1.629862e-30   1.615721e-30   1.008752e+00
 1.644192e-30   1.905221e-30   8.629928e-01
 1.973257e-30   1.990513e-30   9.913307e-01
 1.935832e-30   1.988444e-30   9.735409e-01
 2.292085e-30   1.792041e-30   1.279036e+00
 1.692434e-30   1.489664e-30   1.136118e+00
 8.274025e-31   1.377956e-30   6.004565e-01
 1.668757e-30   1.620202e-30   1.029969e+00
 1.695984e-30   1.743038e-30   9.730045e-01
 1.418010e-30   1.591878e-30   8.907780e-01
 1.900128e-30   1.687311e-30   1.126128e+00
 2.247146e-30   1.931599e-30   1.163360e+00
 1.345362e-30   1.334271e-30   1.008313e+00
 2.083877e-30   1.514136e-30   1.376282e+00
 1.801279e-30   1.798624e-30   1.001476e+00
 2.587123e-30   1.459681e-30   1.772390e+00
 1.386860e-30   1.779143e-30   7.795102e-01
 1.831020e-30   1.837325e-30   9.965684e-01
 2.234833e-30   1.568649e-30   1.424687e+00
 1.460058e-30   1.596714e-30   9.144143e-01
 1.320849e-30   1.468131e-30   8.996807e-01
 1.772868e-30   1.778744e-30   9.966968e-01
 1.853517e-30   1.680862e-30   1.102718e+00
 2.045089e-30   1.923275e-30   1.063337e+00
 1.391939e-30   1.622646e-30   8.578207e-01
 1.815569e-30   1.617739e-30   1.122288e+00
 1.373190e-30   1.547674e-30   8.872608e-01
 1.373754e-30   1.986126e-30   6.916751e-01
 1.850197e-30   1.405086e-30   1.316786e+00
 2.073988e-30   1.622500e-30   1.278267e+00
 1.434463e-30   1.702286e-30   8.426686e-01
 1.755938e-30   2.003507e-30   8.764326e-01
 1.965397e-30   1.721487e-30   1.141686e+00
 1.680712e-30   1.638317e-30   1.025877e+00
 1.798061e-30   1.700889e-30   1.057130e+00
 1.689777e-30   1.669950e-30   1.011873e+00
 1.586995e-30   1.973755e-30   8.040485e-01
 1.513657e-30   1.853827e-30   8.165035e-01
 1.601917e-30   1.698312e-30   9.432405e-01
 1.544255e-30   1.899116e-30   8.131444e-01
 1.535824e-30   1.485671e-30   1.033758e+00
 1.748119e-30   2.065097e-30   8.465072e-01
 2.031163e-30   1.856293e-30   1.094204e+00
 2.155465e-30   1.691129e-30   1.274572e+00
 1.791272e-30   1.708673e-30   1.048341e+00
 2.059278e-30   2.446659e-30   8.416693e-01
 1.362933e-30   1.425895e-30   9.558435e-01
 1.746679e-30   1.758795e-30   9.931112e-01
 1.795050e-30   1.594856e-30   1.125525e+00
 1.286419e-30   1.839268e-30   6.994193e-01
 1.578336e-30   1.662334e-30   9.494699e-01
 1.534432e-30   1.504439e-30   1.019936e+00
 1.281429e-30   1.214214e-30   1.055357e+00
 2.975278e-30   1.677754e-30   1.773370e+00
 1.528145e-30   1.772523e-30   8.621299e-01
 2.394687e-30   2.157539e-30   1.109916e+00
 1.350637e-30   1.467809e-30   9.201720e-01
 1.494041e-30   1.574974e-30   9.486133e-01
 2.154488e-30   2.209470e-30   9.751150e-01
 1.189844e-30   1.445180e-30   8.233186e-01
 1.902996e-30   2.067803e-30   9.202983e-01
 1.966995e-30   1.819416e-30   1.081113e+00
 1.530690e-30   1.729458e-30   8.850692e-01
 1.373626e-30   1.805055e-30   7.609884e-01
 1.502316e-30   1.394579e-30   1.077254e+00
 1.818806e-30   1.808067e-30   1.005940e+00
 1.831538e-30   2.272218e-30   8.060571e-01
 1.797709e-30   1.920134e-30   9.362413e-01
 3.012929e-30   1.548655e-30   1.945513e+00
 1.911783e-30   1.349254e-30   1.416918e+00
 1.865204e-30   1.986453e-30   9.389625e-01
 1.363485e-30   1.419626e-30   9.604536e-01
 2.500983e-30   1.646131e-30   1.519310e+00
 2.006121e-30   1.918567e-30   1.045635e+00
 2.324032e-30   1.439527e-30   1.614441e+00
 1.941321e-30   1.966448e-30   9.872222e-01
 1.662575e-30   2.115228e-30   7.860028e-01
 1.923916e-30   1.503402e-30   1.279709e+00
 1.596257e-30   1.555773e-30   1.026022e+00
 1.868116e-30   2.025095e-30   9.224829e-01
 1.849216e-30   1.807445e-30   1.023110e+00
 1.794363e-30   1.834308e-30   9.782237e-01
 1.935241e-30   1.926844e-30   1.004358e+00
 2.019620e-30   1.784888e-30   1.131510e+00
 1.943759e-30   1.932512e-30   1.005820e+00
 1.618244e-30   1.501358e-30   1.077853e+00
 9.594712e-31   1.537111e-30   6.242043e-01
 1.668430e-30   1.734918e-30   9.616768e-01
 1.433640e-30   1.783139e-30   8.039978e-01
 1.592992e-30   1.619006e-30   9.839316e-01
 1.405768e-30   1.423780e-30   9.873497e-01
 1.545384e-30   1.651855e-30   9.355447e-01
 1.726007e-30   1.614098e-30   1.069332e+00
 1.615242e-30   1.276996e-30   1.264876e+00
 2.856132e-30   1.901208e-30   1.502272e+00
 1.147000e-30   1.806343e-30   6.349845e-01
 1.698008e-30   1.647498e-30   1.030659e+00
 1.708410e-30   1.636662e-30   1.043838e+00
 1.722628e-30   1.865039e-30   9.236422e-01
 2.208495e-30   2.086262e-30   1.058589e+00
 1.911223e-30   1.742240e-30   1.096992e+00
 1.938359e-30   1.865009e-30   1.039330e+00
 1.454686e-30   1.447798e-30   1.004757e+00
 1.833377e-30   1.958139e-30   9.362851e-01
 1.969786e-30   2.024686e-30   9.728849e-01
 1.502529e-30   1.562893e-30   9.613767e-01
 1.488725e-30   1.747313e-30   8.520081e-01
 1.855856e-30   1.608837e-30   1.153539e+00
 1.553437e-30   1.520536e-30   1.021638e+00
 1.171470e-30   1.396406e-30   8.389177e-01
 1.846640e-30   1.812345e-30   1.018923e+00
 2.046141e-30   2.081652e-30   9.829410e-01
 2.130225e-30   1.520720e-30   1.400801e+00
 2.569340e-30   1.941541e-30   1.323351e+00
 1.243948e-30   1.474003e-30   8.439254e-01
 2.027599e-30   1.842054e-30   1.100727e+00
 1.809951e-30   1.744812e-30   1.037333e+00
 1.069615e-30   1.548859e-30   6.905825e-01
 2.075126e-30   2.171286e-30   9.557128e-01
 1.846793e-30   1.675334e-30   1.102343e+00
 1.320923e-30   1.585701e-30   8.330212e-01
 1.942158e-30   1.983461e-30   9.791762e-01
 9.025037e-31   1.879461e-30   4.801927e-01
 1.861288e-30   1.789912e-30   1.039877e+00
 1.778534e-30   1.692900e-30   1.050584e+00
 1.958951e-30   2.208321e-30   8.870772e-01
 1.827657e-30   1.569230e-30   1.164684e+00
 1.047232e-30   2.244117e-30   4.666564e-01
 1.035199e-30   1.569835e-30   6.594319e-01
 1.921855e-30   2.193649e-30   8.760998e-01
 1.821284e-30   1.688214e-30   1.078823e+00
 2.177952e-30   1.411281e-30   1.543245e+00
 2.279360e-30   1.668471e-30   1.366137e+00
 2.056956e-30   2.029421e-30   1.013567e+00
 6.471984e-31   1.594807e-30   4.058162e-01
 1.577414e-30   1.793742e-30   8.793984e-01
 1.719483e-30   1.410818e-30   1.218785e+00
 1.401508e-30   1.321904e-30   1.060220e+00
 1.052405e-30   1.627093e-30   6.468007e-01
 2.807164e-30   1.675827e-30   1.675092e+00
 2.042695e-30   2.044370e-30   9.991809e-01
 1.742527e-30   2.063009e-30   8.446531e-01
 1.396435e-30   1.282769e-30   1.088610e+00
 2.283118e-30   2.238062e-30   1.020132e+00
 1.825616e-30   1.828872e-30   9.982197e-01
 2.143624e-30   1.870149e-30   1.146232e+00
 1.515124e-30   1.550268e-30   9.773301e-01
 2.024852e-30   1.883990e-30   1.074768e+00
 1.651250e-30   1.692887e-30   9.754047e-01
 2.135763e-30   1.996639e-30   1.069679e+00
 1.006758e-30   1.662781e-30   6.054662e-01
 1.918980e-30   1.913924e-30   1.002641e+00
 1.959242e-30   1.942480e-30   1.008629e+00
 2.301678e-30   2.626560e-30   8.763091e-01
 1.855547e-30   1.737700e-30   1.067818e+00
 1.238406e-30   1.527470e-30   8.107566e-01
 2.003819e-30   1.501135e-30   1.334869e+00
 1.826674e-30   1.885751e-30   9.686718e-01
 2.085106e-30   1.832409e-30   1.137904e+00
 1.739770e-30   1.394469e-30   1.247621e+00
 2.413570e-30   1.707993e-30   1.413103e+00
 1.672201e-30   1.891544e-30   8.840404e-01
 1.848577e-30   1.530127e-30   1.208120e+00
 2.248851e-30   1.608267e-30   1.398307e+00
 1.599722e-30   1.689209e-30   9.470245e-01
 1.174481e-30   1.979941e-30   5.931900e-01
 1.543883e-30   1.572503e-30   9.817998e-01
 1.261455e-30   1.631261e-30   7.733008e-01
 1.214707e-30   1.359826e-30   8.932809e-01
 1.742212e-30   1.580416e-30   1.102376e+00
 1.553078e-30   1.710955e-30   9.077259e-01
 1.717155e-30   1.678999e-30   1.022726e+00
 1.024965e-30   1.567945e-30   6.536997e-01
 2.116629e-30   1.958359e-30   1.080817e+00
 2.386594e-30   2.623358e-30   9.097475e-01
 2.327793e-30   2.618380e-30   8.890203e-01
 1.557885e-30   1.701202e-30   9.157557e-01
 1.546284e-30   1.581558e-30   9.776966e-01
 1.785104e-30   1.572752e-30   1.135019e+00
 1.005992e-30   1.678672e-30   5.992788e-01
 2.023924e-30   1.858012e-30   1.089295e+00
 2.133883e-30   2.068148e-30   1.031784e+00
 1.711586e-30   1.658529e-30   1.031991e+00
 1.785168e-30   1.952879e-30   9.141213e-01
 2.022145e-30   1.804240e-30   1.120774e+00
 1.929569e-30   1.651400e-30   1.168444e+00
 1.750316e-30   1.875461e-30   9.332728e-01
 1.931430e-30   1.743636e-30   1.107703e+00
 1.831831e-30   2.038809e-30   8.984810e-01
 2.189742e-30   1.821577e-30   1.202113e+00
 1.309834e-30   1.485907e-30   8.815046e-01
 1.362028e-30   1.379570e-30   9.872850e-01
 1.619258e-30   1.450635e-30   1.116240e+00
 2.441630e-30   2.380520e-30   1.025671e+00
 2.013849e-30   1.818251e-30   1.107575e+00
 1.431808e-30   1.453628e-30   9.849892e-01
 1.807287e-30   1.614092e-30   1.119693e+00
 1.179899e-30   1.550843e-30   7.608115e-01
 1.044905e-30   1.309068e-30   7.982054e-01
 1.556225e-30   1.615297e-30   9.634296e-01
 1.232693e-30   1.576720e-30   7.818087e-01
 1.697488e-30   2.012448e-30   8.434942e-01
 1.488703e-30   1.844875e-30   8.069399e-01
 2.156243e-30   2.180563e-30   9.888467e-01
 1.576148e-30   1.404756e-30   1.122009e+00
 2.692147e-30   1.645440e-30   1.636126e+00
 1.646421e-30   1.630994e-30   1.009459e+00
 9.156525e-31   1.402302e-30   6.529639e-01
 1.712388e-30   1.882832e-30   9.094748e-01
 2.285890e-30   2.024098e-30   1.129337e+00
 1.886036e-30   1.958093e-30   9.632004e-01
 1.309217e-30   1.561883e-30   8.382303e-01
 1.704163e-30   1.813172e-30   9.398790e-01
 1.192549e-30   1.800405e-30   6.623780e-01
 1.549584e-30   1.550136e-30   9.996435e-01
 1.826093e-30   1.582760e-30   1.153740e+00
 1.911047e-30   1.920900e-30   9.948705e-01
 2.351757e-30   1.506205e-30   1.561380e+00
 1.975382e-30   1.751388e-30   1.127895e+00
 2.123679e-30   1.543636e-30   1.375763e+00
 1.300800e-30   1.582131e-30   8.221822e-01
 1.958059e-30   2.014341e-30   9.720597e-01
 2.864371e-30   1.942474e-30   1.474599e+00
 2.221975e-30   1.783727e-30   1.245692e+00
 2.581200e-30   1.779035e-30   1.450899e+00
 1.516350e-30   1.717587e-30   8.828375e-01
 2.148432e-30   1.818581e-30   1.181378e+00
 1.607237e-30   1.917413e-30   8.382321e-01
 2.141296e-30   1.963172e-30   1.090733e+00
 1.827373e-30   1.926412e-30   9.485887e-01
 2.055890e-30   2.097319e-30   9.802466e-01
 1.861554e-30   1.815309e-30   1.025475e+00
 1.840121e-30   1.834870e-30   1.002862e+00
 2.153259e-30   2.000329e-30   1.076452e+00
 1.841895e-30   1.856095e-30   9.923495e-01
 1.828916e-30   2.072818e-30   8.823329e-01
 2.137394e-30   1.614647e-30   1.323753e+00
 1.675185e-30   1.634897e-30   1.024643e+00
 1.713959e-30   1.503859e-30   1.139707e+00
 2.257671e-30   2.036921e-30   1.108374e+00
 1.662580e-30   1.580794e-30   1.051737e+00
 1.691844e-30   1.761267e-30   9.605834e-01
 1.969041e-30   2.186347e-30   9.006080e-01
 1.136157e-30   1.882108e-30   6.036619e-01
 1.364008e-30   1.526234e-30   8.937078e-01
 1.736161e-30   1.640512e-30   1.058304e+00
 1.304182e-30   1.444348e-30   9.029558e-01
 1.711003e-30   1.350658e-30   1.266791e+00
 1.777634e-30   1.595646e-30   1.114053e+00
 8.088554e-31   1.840993e-30   4.393582e-01
 1.660564e-30   1.599245e-30   1.038343e+00
 1.454534e-30   1.794234e-30   8.106715e-01
 1.552483e-30   1.932540e-30   8.033380e-01
 1.893586e-30   1.715268e-30   1.103959e+00
 2.214792e-30   2.306239e-30   9.603477e-01
 2.382759e-30   1.742435e-30   1.367488e+00
 1.643456e-30   1.910195e-30   8.603606e-01
 1.809499e-30   1.793222e-30   1.009077e+00
 2.242392e-30   1.516603e-30   1.478562e+00
 1.744440e-30   1.665061e-30   1.047673e+00
 2.109517e-30   1.649074e-30   1.279213e+00
 1.417301e-30   1.826991e-30   7.757567e-01
 2.110362e-30   1.856660e-30   1.136644e+00
 2.093856e-30   1.403454e-30   1.491930e+00
 2.350814e-30   2.160966e-30   1.087853e+00
 1.751365e-30   1.800123e-30   9.729142e-01
 1.351639e-30   1.532837e-30   8.817894e-01
 1.715651e-30   1.659085e-30   1.034095e+00
 2.003412e-30   1.903816e-30   1.052314e+00
 1.929475e-30   1.471561e-30   1.311176e+00
 1.586397e-30   1.491349e-30   1.063733e+00
 1.365274e-30   1.488431e-30   9.172568e-01
 1.865204e-30   1.986453e-30   9.389625e-01
 1.652729e-30   1.461912e-30   1.130526e+00
 1.607158e-30   1.568390e-30   1.024718e+00
 1.727257e-30   1.498118e-30   1.152951e+00
 1.722144e-30   1.639988e-30   1.050095e+00
 1.727377e-30   1.664278e-30   1.037914e+00
 1.818526e-30   1.625515e-30   1.118739e+00
 1.451654e-30   1.795256e-30   8.086056e-01
 1.751767e-30   2.020527e-30   8.669850e-01
 1.752804e-30   1.640528e-30   1.068439e+00
 1.445157e-30   1.524406e-30   9.480127e-01
 1.930273e-30   1.862262e-30   1.036521e+00
 1.725673e-30   1.614134e-30   1.069102e+00
 1.645108e-30   1.590068e-30   1.034615e+00
 2.074431e-30   1.740960e-30   1.191544e+00
 2.430029e-30   1.577229e-30   1.540695e+00
 2.710888e-30   1.405502e-30   1.928768e+00
 1.913984e-30   1.925356e-30   9.940934e-01
 2.071198e-30   2.137259e-30   9.690910e-01
 1.555407e-30   1.347373e-30   1.154399e+00
 2.233748e-30   2.013145e-30   1.109581e+00
 2.243364e-30   1.512125e-30   1.483583e+00
 2.105150e-30   1.720229e-30   1.223762e+00
 2.845849e-30   1.695661e-30   1.678312e+00
 1.880234e-30   1.886358e-30   9.967538e-01
 1.122851e-30   1.224986e-30   9.166238e-01
 1.564217e-30   1.663884e-30   9.400998e-01
 2.274898e-30   1.385202e-30   1.642286e+00
 1.320994e-30   1.585713e-30   8.330600e-01
 1.792405e-30   1.874973e-30   9.559628e-01
 8.616232e-31   1.539406e-30   5.597114e-01
 1.783093e-30   2.093895e-30   8.515674e-01
 1.667358e-30   1.708637e-30   9.758410e-01
 2.410229e-30   1.716144e-30   1.404444e+00
 1.494394e-30   1.818485e-30   8.217798e-01
 1.948033e-30   2.003070e-30   9.725237e-01
 1.372093e-30   1.686377e-30   8.136333e-01
 1.809632e-30   1.433607e-30   1.262293e+00
 2.057610e-30   1.902075e-30   1.081771e+00
 2.288812e-30   1.859403e-30   1.230939e+00
 1.501063e-30   1.515728e-30   9.903252e-01
 1.999998e-30   1.973386e-30   1.013485e+00
 1.821729e-30   1.854371e-30   9.823977e-01
 1.557934e-30   2.197396e-30   7.089910e-01
 2.187890e-30   1.715963e-30   1.275021e+00
 9.892489e-31   1.823464e-30   5.425106e-01
 2.373572e-30   2.208202e-30   1.074889e+00
 1.995562e-30   2.048998e-30   9.739211e-01
 2.692958e-30   1.548277e-30   1.739325e+00
 1.432818e-30   1.878995e-30   7.625449e-01
 2.349784e-30   2.312778e-30   1.016000e+00
 1.880397e-30   1.951087e-30   9.637687e-01
 1.936967e-30   1.700652e-30   1.138955e+00
 2.030645e-30   2.099276e-30   9.673070e-01
 1.885590e-30   1.576583e-30   1.195998e+00
 2.148040e-30   2.268646e-30   9.468378e-01
 1.854284e-30   1.996381e-30   9.288226e-01
 1.589485e-30   1.544889e-30   1.028867e+00
 2.433630e-30   1.889336e-30   1.288088e+00
 1.796323e-30   1.575186e-30   1.140388e+00
 1.797868e-30   1.836185e-30   9.791321e-01
 1.812801e-30   1.799117e-30   1.007606e+00
 1.327864e-30   1.356744e-30   9.787138e-01
 1.478023e-30   1.945222e-30   7.598225e-01
 1.961293e-30   2.001675e-30   9.798259e-01
 1.864414e-30   1.759417e-30   1.059677e+00
 1.256167e-30   1.749685e-30   7.179388e-01
 1.583653e-30   1.695562e-30   9.339990e-01
 1.494914e-30   1.338447e-30   1.116902e+00
 1.911874e-30   1.981800e-30   9.647160e-01
 1.565516e-30   1.949056e-30   8.032172e-01
 2.057058e-30   1.910446e-30   1.076742e+00
 2.030570e-30   1.917131e-30   1.059171e+00
 2.250522e-30   1.439458e-30   1.563452e+00
 2.517292e-30   2.197850e-30   1.145343e+00
 1.399574e-30   1.357225e-30   1.031203e+00
 1.703695e-30   1.623378e-30   1.049475e+00
 1.967524e-30   1.964232e-30   1.001676e+00
 2.261716e-30   1.810388e-30   1.249299e+00
 1.905202e-30   1.912539e-30   9.961636e-01
 1.961029e-30   1.930434e-30   1.015848e+00
 1.739815e-30   1.373324e-30   1.266864e+00
 1.963904e-30   1.991467e-30   9.861592e-01
 2.038348e-30   1.619988e-30   1.258249e+00
 1.742667e-30   1.449840e-30   1.201972e+00
 2.351757e-30   1.506205e-30   1.561380e+00
 1.421913e-30   1.617972e-30   8.788245e-01
 1.889322e-30   1.627194e-30   1.161092e+00
 1.896516e-30   1.328155e-30   1.427933e+00
 1.551263e-30   1.486798e-30   1.043358e+00
 1.895402e-30   1.863442e-30   1.017151e+00
 2.939021e-30   2.293805e-30   1.281286e+00
 1.620331e-30   1.850681e-30   8.755326e-01
 1.139479e-30   1.449371e-30   7.861884e-01
 2.063918e-30   1.924111e-30   1.072660e+00
 1.940118e-30   1.748248e-30   1.109750e+00
 1.589636e-30   1.544793e-30   1.029028e+00
 1.659938e-30   1.534684e-30   1.081616e+00
 2.748236e-30   1.613812e-30   1.702947e+00
 1.831063e-30   1.822674e-30   1.004603e+00
 1.862645e-30   1.691398e-30   1.101246e+00
 2.211250e-30   1.618884e-30   1.365910e+00
 1.060991e-30   1.900948e-30   5.581375e-01
 1.846342e-30   1.542043e-30   1.197335e+00
 1.762675e-30   1.727606e-30   1.020299e+00
 2.066266e-30   1.750074e-30   1.180673e+00
 2.126462e-30   1.955890e-30   1.087209e+00
 2.464447e-30   1.773150e-30   1.389869e+00
 1.767370e-30   1.762846e-30   1.002567e+00
 1.575111e-30   1.836147e-30   8.578350e-01
 1.337464e-30   1.734165e-30   7.712438e-01
 1.637940e-30   1.525157e-30   1.073948e+00
 1.289319e-30   1.584215e-30   8.138532e-01
 1.373811e-30   1.930627e-30   7.115880e-01
 1.654818e-30   1.554421e-30   1.064588e+00
 1.772868e-30   1.778744e-30   9.966968e-01
 2.012551e-30   2.051992e-30   9.807794e-01
 2.053974e-30   2.037466e-30   1.008103e+00
 1.939096e-30   1.969050e-30   9.847876e-01
 1.779109e-30   1.759496e-30   1.011146e+00
 1.587324e-30   1.712531e-30   9.268882e-01
 1.615109e-30   1.276946e-30   1.264822e+00
 2.542775e-30   1.463779e-30   1.737130e+00
 1.263186e-30   1.367635e-30   9.236276e-01
 1.721278e-30   2.020773e-30   8.517918e-01
 1.359131e-30   1.632478e-30   8.325569e-01
 1.502624e-30   1.852489e-30   8.111380e-01
 2.399400e-30   1.762422e-30   1.361422e+00
 1.879259e-30   1.829855e-30   1.026999e+00
 1.719232e-30   1.519821e-30   1.131207e+00
 1.756302e-30   1.593114e-30   1.102433e+00
 1.044599e-30   1.753106e-30   5.958560e-01
 1.397206e-30   1.452749e-30   9.617670e-01
 1.993164e-30   2.104558e-30   9.470701e-01
 1.643311e-30   1.760499e-30   9.334349e-01
 1.850915e-30   1.919434e-30   9.643023e-01
 1.774975e-30   1.952473e-30   9.090906e-01
 1.319997e-30   1.567549e-30   8.420771e-01
 1.280937e-30   1.574350e-30   8.136290e-01
 1.010390e-30   1.512267e-30   6.681292e-01
 1.568770e-30   1.508395e-30   1.040026e+00
 1.645042e-30   1.908059e-30   8.621550e-01
 2.429044e-30   2.349017e-30   1.034068e+00
 2.071595e-30   1.587725e-30   1.304757e+00
 2.089503e-30   1.424642e-30   1.466686e+00
 1.900616e-30   1.600081e-30   1.187825e+00
 1.980368e-30   1.965087e-30   1.007777e+00
 2.806746e-30   2.169341e-30   1.293824e+00
 1.148506e-30   1.508552e-30   7.613296e-01
 1.164404e-30   1.672118e-30   6.963651e-01
 2.268756e-30   2.467732e-30   9.193690e-01
 1.969933e-30   2.019538e-30   9.754377e-01
 1.972072e-30   1.719723e-30   1.146738e+00
 1.943492e-30   1.700691e-30   1.142766e+00
 1.632423e-30   1.673547e-30   9.754270e-01
 2.101779e-30   2.207428e-30   9.521393e-01
 1.563765e-30   1.479359e-30   1.057056e+00
 1.704600e-30   1.795302e-30   9.494777e-01
 2.144332e-30   1.668721e-30   1.285016e+00
 1.453238e-30   1.715646e-30   8.470501e-01
 2.084034e-30   2.184603e-30   9.539645e-01
 1.670519e-30   1.716662e-30   9.731206e-01
 1.679519e-30   1.917348e-30   8.759598e-01
 1.993520e-30   1.795064e-30   1.110557e+00
 1.370273e-30   1.693027e-30   8.093627e-01
 1.433640e-30   1.783139e-30   8.039978e-01
 2.024521e-30   1.476265e-30   1.371381e+00
 1.462759e-30   1.759966e-30   8.311287e-01
 1.615562e-30   1.794000e-30   9.005363e-01
 1.800005e-30   2.069018e-30   8.699803e-01
 2.161443e-30   2.201410e-30   9.818450e-01
 2.095335e-30   2.200833e-30   9.520641e-01
 1.811614e-30   1.938245e-30   9.346674e-01
 1.848183e-30   1.911601e-30   9.668247e-01
 2.400980e-30   2.165889e-30   1.108542e+00
 1.591163e-30   1.772460e-30   8.977144e-01
 1.788174e-30   2.017510e-30   8.863271e-01
 1.543441e-30   1.627300e-30   9.484674e-01
 2.066266e-30   1.750074e-30   1.180673e+00
 1.988077e-30   1.953144e-30   1.017885e+00
 3.061782e-30   1.520229e-30   2.014026e+00
 1.791918e-30   1.752265e-30   1.022629e+00
 1.657751e-30   1.831152e-30   9.053050e-01
 1.559198e-30   1.613953e-30   9.660736e-01
 2.045796e-30   1.643107e-30   1.245078e+00
 1.809035e-30   1.832092e-30   9.874147e-01
 1.281429e-30   1.214214e-30   1.055357e+00
 1.617564e-30   1.606013e-30   1.007192e+00
 1.527846e-30   1.465478e-30   1.042558e+00
 1.502831e-30   1.486190e-30   1.011197e+00
 1.681450e-30   1.807166e-30   9.304344e-01
 2.820804e-30   1.531235e-30   1.842176e+00
 2.253866e-30   1.970434e-30   1.143843e+00
 1.085938e-30   1.573057e-30   6.903358e-01
 2.192654e-30   1.674467e-30   1.309464e+00
 1.895967e-30   1.879912e-30   1.008540e+00
 1.841332e-30   1.691311e-30   1.088701e+00
 1.814386e-30   1.477121e-30   1.228325e+00
 1.578400e-30   1.558396e-30   1.012836e+00
 2.318608e-30   1.713852e-30   1.352864e+00
 1.558434e-30   1.597677e-30   9.754371e-01
 1.006758e-30   1.662781e-30   6.054662e-01
 1.769716e-30   1.711660e-30   1.033918e+00
 1.894632e-30   1.421224e-30   1.333099e+00
 1.138108e-30   1.507148e-30   7.551400e-01
 1.502969e-30   1.583114e-30   9.493755e-01
 1.467520e-30   1.772485e-30   8.279451e-01
 1.641440e-30   1.620873e-30   1.012689e+00
 1.768673e-30   1.691334e-30   1.045727e+00
 1.252201e-30   1.548797e-30   8.084990e-01
 1.913166e-30   1.973772e-30   9.692946e-01
 1.601360e-30   1.756317e-30   9.117716e-01
 1.913783e-30   1.791739e-30   1.068115e+00
 2.645415e-30   1.749584e-30   1.512025e+00
 2.255279e-30   1.487067e-30   1.516595e+00
 9.074459e-31   1.630134e-30   5.566694e-01
 1.914200e-30   1.846297e-30   1.036778e+00
 1.696589e-30   1.745861e-30   9.717782e-01
 2.973797e-30   2.499411e-30   1.189799e+00
 2.259093e-30   2.560959e-30   8.821274e-01
 1.516218e-30   1.456881e-30   1.040729e+00
 1.306173e-30   1.811153e-30   7.211832e-01
 2.162355e-30   1.896740e-30   1.140038e+00
 2.849385e-30   2.269763e-30   1.255367e+00
 1.487967e-30   1.663396e-30   8.945357e-01
 1.588374e-30   2.067727e-30   7.681738e-01
 1.906859e-30   2.118776e-30   8.999811e-01
 2.097438e-30   1.931682e-30   1.085809e+00
 2.274806e-30   1.829873e-30   1.243149e+00
 2.138280e-30   2.022480e-30   1.057257e+00
 1.741503e-30   1.713118e-30   1.016569e+00
 1.164528e-30   1.544051e-30   7.542030e-01
 1.741040e-30   1.738520e-30   1.001450e+00
 2.912871e-30   1.621847e-30   1.796020e+00
 1.689505e-30   1.696728e-30   9.957428e-01
 2.673687e-30   1.596163e-30   1.675072e+00
 1.780545e-30   1.758575e-30   1.012493e+00
 1.943626e-30   1.777638e-30   1.093376e+00
 1.776421e-30   1.744672e-30   1.018197e+00
 2.526956e-30   2.289577e-30   1.103678e+00
 1.433845e-30   1.783236e-30   8.040693e-01
 1.968661e-30   1.814347e-30   1.085052e+00
 1.278327e-30   1.464660e-30   8.727804e-01
 1.625995e-30   1.768077e-30   9.196403e-01
 2.141192e-30   2.359801e-30   9.073611e-01
 2.350203e-30   1.746855e-30   1.345391e+00
 1.979380e-30   1.792159e-30   1.104467e+00
 1.444090e-30   1.434125e-30   1.006949e+00
 1.149327e-30   1.449922e-30   7.926819e-01
 7.080056e-31   1.262030e-30   5.610055e-01
 1.531255e-30   1.692288e-30   9.048430e-01
 1.863036e-30   1.798033e-30   1.036152e+00
 2.096315e-30   1.916069e-30   1.094071e+00
 1.591122e-30   1.794871e-30   8.864826e-01
 1.829816e-30   1.856390e-30   9.856851e-01
 2.099264e-30   1.726906e-30   1.215621e+00
 2.594613e-30   1.801933e-30   1.439906e+00
 1.990590e-30   1.702174e-30   1.169440e+00
 1.454612e-30   1.692108e-30   8.596450e-01
 1.611582e-30   1.582717e-30   1.018237e+00
 1.670757e-30   1.740300e-30   9.600397e-01
 1.557445e-30   1.534842e-30   1.014727e+00
 1.553904e-30   1.885049e-30   8.243306e-01
 1.970014e-30   1.912361e-30   1.030148e+00
 2.319105e-30   1.801862e-30   1.287060e+00
 2.223501e-30   2.366955e-30   9.393930e-01
 2.566490e-30   1.496676e-30   1.714793e+00
 1.354903e-30   1.476236e-30   9.178090e-01
 1.618309e-30   1.687196e-30   9.591707e-01
 1.833908e-30   1.468758e-30   1.248611e+00
 1.552874e-30   2.184624e-30   7.108195e-01
 1.067877e-30   1.670776e-30   6.391505e-01
 3.279751e-30   1.651615e-30   1.985784e+00
 1.612705e-30   1.994795e-30   8.084566e-01
 1.667358e-30   1.708637e-30   9.758410e-01
 2.244390e-30   1.817419e-30   1.234933e+00
 1.785340e-30   2.116941e-30   8.433585e-01
 1.458851e-30   1.500498e-30   9.722448e-01
 1.030556e-30   1.646868e-30   6.257674e-01
 2.026915e-30   1.530249e-30   1.324565e+00
 1.986868e-30   1.798123e-30   1.104968e+00
 1.768256e-30   1.628868e-30   1.085573e+00
 1.348903e-30   1.300948e-30   1.036862e+00
 2.442411e-30   1.786004e-30   1.367528e+00
 1.196469e-30   1.561703e-30   7.661313e-01
 1.268458e-30   1.528981e-30   8.296098e-01
 1.971346e-30   1.540759e-30   1.279464e+00
 1.649077e-30   1.668834e-30   9.881614e-01
 1.341338e-30   1.502343e-30   8.928307e-01
 1.612723e-30   1.708631e-30   9.438684e-01
 2.128286e-30   1.959215e-30   1.086296e+00
 1.221830e-30   2.041165e-30   5.985945e-01
 1.284357e-30   1.339839e-30   9.585904e-01
 1.951080e-30   1.952121e-30   9.994669e-01
 1.757044e-30   1.605750e-30   1.094221e+00
 2.228840e-30   1.947331e-30   1.144561e+00
 2.214532e-30   1.691373e-30   1.309310e+00
 1.565780e-30   1.411914e-30   1.108977e+00
 1.729792e-30   1.811468e-30   9.549117e-01
 1.899526e-30   1.656068e-30   1.147009e+00
 1.758611e-30   1.730877e-30   1.016023e+00
 2.055890e-30   2.097319e-30   9.802466e-01
 1.920801e-30   1.990044e-30   9.652052e-01
 1.711896e-30   1.658513e-30   1.032187e+00
 2.016752e-30   2.007006e-30   1.004856e+00
 1.737615e-30   1.692398e-30   1.026718e+00
 9.689893e-31   1.448329e-30   6.690395e-01
 1.396410e-30   1.952497e-30   7.151919e-01
 2.707923e-30   1.777401e-30   1.523530e+00
 1.385793e-30   1.807629e-30   7.666359e-01
 2.157682e-30   2.357114e-30   9.153917e-01
 1.616277e-30   1.526968e-30   1.058488e+00
 1.317649e-30   1.282663e-30   1.027276e+00
 2.647696e-30   2.510873e-30   1.054492e+00
 2.221456e-30   1.783557e-30   1.245520e+00
 1.546646e-30   1.493217e-30   1.035781e+00
 1.788879e-30   1.759967e-30   1.016427e+00
 1.195721e-30   1.604122e-30   7.454053e-01
 1.656575e-30   1.606436e-30   1.031212e+00
 1.534924e-30   1.314953e-30   1.167284e+00
 1.433333e-30   1.593531e-30   8.994697e-01
 1.490605e-30   1.457590e-30   1.022650e+00
 1.686736e-30   1.633005e-30   1.032903e+00
 1.019612e-30   1.568680e-30   6.499806e-01
 1.589495e-30   1.590569e-30   9.993253e-01
 1.834177e-30   1.831451e-30   1.001489e+00
 1.692841e-30   1.648143e-30   1.027120e+00
 1.357008e-30   1.521205e-30   8.920612e-01
 2.014251e-30   2.113486e-30   9.530466e-01
 1.662960e-30   1.886244e-30   8.816248e-01
 1.517218e-30   1.565869e-30   9.689302e-01
 1.410555e-30   1.809738e-30   7.794250e-01
 1.352104e-30   1.770792e-30   7.635586e-01
 1.666332e-30   1.962600e-30   8.490428e-01
 2.286581e-30   1.844966e-30   1.239362e+00
 1.594005e-30   1.529431e-30   1.042221e+00
 1.903001e-30   2.069070e-30   9.197372e-01
 1.326801e-30   1.619636e-30   8.191967e-01
 1.635165e-30   1.543312e-30   1.059517e+00
 1.605883e-30   1.485715e-30   1.080882e+00
 1.831491e-30   1.731257e-30   1.057896e+00
 1.068109e-30   1.573994e-30   6.785979e-01
 1.260567e-30   1.591409e-30   7.921072e-01
 2.489872e-30   1.874622e-30   1.328199e+00
 1.187887e-30   1.384636e-30   8.579054e-01
 1.905923e-30   1.615917e-30   1.179468e+00
 2.466648e-30   1.727126e-30   1.428180e+00
 1.856222e-30   1.709594e-30   1.085768e+00
 1.977994e-30   1.900142e-30   1.040971e+00
 1.545822e-30   1.513879e-30   1.021100e+00
 2.535322e-30   2.453247e-30   1.033456e+00
 1.504480e-30   1.635481e-30   9.199008e-01
 2.033824e-30   1.731799e-30   1.174400e+00
 1.865405e-30   1.770951e-30   1.053335e+00
