 5.890308e-30   2.279456e-30   2.584085e+00
 5.547581e-30   2.848598e-30   1.947478e+00
 5.649289e-30   3.437633e-30   1.643366e+00
 5.608413e-30   2.647085e-30   2.118713e+00
 5.742580e-30   2.349026e-30   2.444664e+00
 6.280797e-30   2.601263e-30   2.414519e+00
 5.922167e-30   2.389385e-30   2.478532e+00
 5.750843e-30   2.608937e-30   2.204286e+00
 5.611273e-30   2.134809e-30   2.628467e+00
 6.119471e-30   2.621073e-30   2.334720e+00
 5.937398e-30   2.397876e-30   2.476108e+00
 6.548718e-30   1.933555e-30   3.386880e+00
 6.198045e-30   3.275503e-30   1.892242e+00
 5.910822e-30   2.563732e-30   2.305554e+00
 5.575107e-30   2.473058e-30   2.254337e+00
 4.714459e-30   2.793970e-30   1.687369e+00
 6.119335e-30   2.276130e-30   2.688482e+00
 7.182806e-30   2.379665e-30   3.018410e+00
 6.657628e-30   2.154125e-30   3.090641e+00
 5.648796e-30   2.943623e-30   1.918994e+00
 5.617170e-30   2.440609e-30   2.301545e+00
 6.627595e-30   2.960788e-30   2.238457e+00
 5.743609e-30   2.395254e-30   2.397913e+00
 5.732998e-30   2.793293e-30   2.052416e+00
 6.024223e-30   2.200956e-30   2.737093e+00
 5.298462e-30   2.595133e-30   2.041692e+00
 4.783565e-30   2.585621e-30   1.850064e+00
 5.885189e-30   3.037639e-30   1.937422e+00
 5.769936e-30   2.327089e-30   2.479465e+00
 7.962156e-30   2.015167e-30   3.951115e+00
 5.216104e-30   3.328075e-30   1.567304e+00
 6.222700e-30   3.298231e-30   1.886678e+00
 5.801872e-30   2.303200e-30   2.519048e+00
 5.701674e-30   2.552771e-30   2.233523e+00
 7.118350e-30   2.324093e-30   3.062850e+00
 5.923125e-30   2.292179e-30   2.584059e+00
 5.609334e-30   1.965937e-30   2.853263e+00
 7.127640e-30   2.705967e-30   2.634045e+00
 6.350266e-30   2.385026e-30   2.662557e+00
 5.709665e-30   2.624439e-30   2.175575e+00
 6.056995e-30   2.699814e-30   2.243486e+00
 5.926577e-30   2.241641e-30   2.643856e+00
 5.892291e-30   2.808168e-30   2.098269e+00
 6.740584e-30   3.082214e-30   2.186929e+00
 5.711732e-30   2.544404e-30   2.244821e+00
 5.979343e-30   2.356973e-30   2.536874e+00
 7.643078e-30   2.363008e-30   3.234470e+00
 3.779557e-30   2.053639e-30   1.840419e+00
 7.348684e-30   2.449595e-30   2.999959e+00
 7.465734e-30   2.662709e-30   2.803812e+00
 7.225930e-30   2.739720e-30   2.637470e+00
 5.633039e-30   2.343393e-30   2.403796e+00
 5.715161e-30   2.435565e-30   2.346544e+00
 7.337966e-30   2.789831e-30   2.630255e+00
 5.712067e-30   3.621425e-30   1.577298e+00
 5.748689e-30   2.490337e-30   2.308398e+00
 5.765611e-30   2.683659e-30   2.148414e+00
 8.355602e-30   3.051667e-30   2.738045e+00
 6.865816e-30   3.110840e-30   2.207062e+00
 5.746555e-30   3.151304e-30   1.823548e+00
 6.763417e-30   3.100186e-30   2.181617e+00
 5.733783e-30   2.694228e-30   2.128173e+00
 6.057301e-30   2.520038e-30   2.403655e+00
 5.797286e-30   2.239661e-30   2.588465e+00
 5.929728e-30   2.383249e-30   2.488085e+00
 5.889325e-30   3.137673e-30   1.876972e+00
 8.483386e-30   2.400021e-30   3.534713e+00
 6.239278e-30   2.275829e-30   2.741541e+00
 5.903074e-30   2.960166e-30   1.994170e+00
 5.788443e-30   2.978916e-30   1.943138e+00
 5.671405e-30   2.399045e-30   2.364026e+00
 5.912343e-30   2.441959e-30   2.421148e+00
 5.743249e-30   2.293724e-30   2.503898e+00
 6.437376e-30   2.377782e-30   2.707303e+00
 7.844290e-30   2.555029e-30   3.070137e+00
 7.123592e-30   2.224650e-30   3.202119e+00
 7.621410e-30   2.651608e-30   2.874259e+00
 5.047440e-30   2.883692e-30   1.750339e+00
 6.271186e-30   2.386872e-30   2.627367e+00
 6.211103e-30   2.607677e-30   2.381853e+00
 6.005760e-30   2.813314e-30   2.134763e+00
 5.861356e-30   3.092764e-30   1.895184e+00
 7.702897e-30   2.826637e-30   2.725111e+00
 5.967507e-30   2.331775e-30   2.559212e+00
 7.079598e-30   2.506995e-30   2.823937e+00
 5.369884e-30   2.562389e-30   2.095655e+00
 6.865037e-30   2.205234e-30   3.113065e+00
 5.664925e-30   2.025157e-30   2.797276e+00
 5.500930e-30   3.277724e-30   1.678277e+00
 5.796625e-30   2.222860e-30   2.607733e+00
 4.151483e-30   3.054489e-30   1.359142e+00
 5.779101e-30   3.151856e-30   1.833555e+00
 5.762252e-30   2.418590e-30   2.382484e+00
 5.799357e-30   2.023888e-30   2.865453e+00
 5.255600e-30   2.543391e-30   2.066375e+00
 5.760495e-30   2.694477e-30   2.137890e+00
 5.395638e-30   2.144549e-30   2.515977e+00
 5.755227e-30   2.362080e-30   2.436508e+00
 5.466662e-30   3.103803e-30   1.761279e+00
 4.808564e-30   2.524276e-30   1.904928e+00
 5.789998e-30   2.520340e-30   2.297309e+00
 5.116273e-30   3.536501e-30   1.446705e+00
 5.623265e-30   2.462640e-30   2.283430e+00
 7.555739e-30   2.345842e-30   3.220907e+00
 7.220617e-30   2.289947e-30   3.153180e+00
 5.796520e-30   2.845489e-30   2.037091e+00
 6.763704e-30   2.620477e-30   2.581096e+00
 5.282246e-30   2.378199e-30   2.221112e+00
 7.466345e-30   2.459827e-30   3.035313e+00
 5.242339e-30   2.467815e-30   2.124283e+00
 6.020412e-30   2.728718e-30   2.206315e+00
 7.729564e-30   2.726846e-30   2.834617e+00
 5.095084e-30   2.182608e-30   2.334401e+00
 5.554552e-30   2.099384e-30   2.645801e+00
 5.586930e-30   2.593319e-30   2.154355e+00
 7.474236e-30   2.684692e-30   2.784020e+00
 4.886194e-30   3.084755e-30   1.583981e+00
 5.723924e-30   2.687680e-30   2.129689e+00
 5.282809e-30   2.684776e-30   1.967690e+00
 6.442224e-30   2.437179e-30   2.643311e+00
 6.472414e-30   2.381400e-30   2.717903e+00
 5.752450e-30   2.764268e-30   2.081003e+00
 5.489319e-30   2.021585e-30   2.715353e+00
 6.612979e-30   2.607231e-30   2.536399e+00
 6.236385e-30   2.443515e-30   2.552219e+00
 7.267764e-30   2.403128e-30   3.024294e+00
 6.144473e-30   2.949819e-30   2.083000e+00
 4.320409e-30   3.261605e-30   1.324627e+00
 5.640733e-30   3.211565e-30   1.756382e+00
 7.686614e-30   2.014080e-30   3.816440e+00
 5.923765e-30   2.631113e-30   2.251430e+00
 5.829007e-30   2.524994e-30   2.308523e+00
 7.376964e-30   2.985943e-30   2.470564e+00
 5.881341e-30   2.872383e-30   2.047548e+00
 5.931956e-30   2.959223e-30   2.004566e+00
 5.276651e-30   2.720833e-30   1.939352e+00
 5.823857e-30   2.284632e-30   2.549144e+00
 6.754334e-30   2.459735e-30   2.745960e+00
 5.984926e-30   2.518557e-30   2.376331e+00
 6.785460e-30   2.807520e-30   2.416888e+00
 5.721632e-30   2.618526e-30   2.185058e+00
 7.638444e-30   3.395262e-30   2.249736e+00
 5.798184e-30   3.080992e-30   1.881921e+00
 5.401408e-30   2.624100e-30   2.058385e+00
 6.164518e-30   2.642279e-30   2.333031e+00
 5.577736e-30   2.712948e-30   2.055969e+00
 5.761792e-30   2.760415e-30   2.087292e+00
 6.489777e-30   2.559853e-30   2.535214e+00
 6.834136e-30   2.852919e-30   2.395489e+00
 6.322987e-30   2.566546e-30   2.463617e+00
 7.410105e-30   3.054538e-30   2.425933e+00
 5.798719e-30   3.284019e-30   1.765739e+00
 5.702025e-30   2.180817e-30   2.614628e+00
 5.601542e-30   2.465013e-30   2.272419e+00
 5.951957e-30   2.423780e-30   2.455651e+00
 5.522391e-30   2.953865e-30   1.869548e+00
 5.680349e-30   1.948875e-30   2.914682e+00
 5.619047e-30   2.573685e-30   2.183269e+00
 5.307875e-30   2.912759e-30   1.822285e+00
 5.588258e-30   2.470128e-30   2.262335e+00
 7.305560e-30   2.461744e-30   2.967637e+00
 5.752147e-30   3.132295e-30   1.836400e+00
 5.831749e-30   2.840287e-30   2.053225e+00
 6.074020e-30   2.904816e-30   2.091017e+00
 6.022351e-30   2.481465e-30   2.426934e+00
 5.761115e-30   2.936079e-30   1.962180e+00
 6.081087e-30   2.719817e-30   2.235844e+00
 5.980639e-30   2.474671e-30   2.416741e+00
 5.213686e-30   3.027597e-30   1.722054e+00
 7.595670e-30   2.691506e-30   2.822089e+00
 4.873577e-30   3.246060e-30   1.501382e+00
 5.244438e-30   2.210226e-30   2.372806e+00
 5.987843e-30   3.349100e-30   1.787896e+00
 4.462418e-30   2.712197e-30   1.645315e+00
 5.541211e-30   2.565367e-30   2.160007e+00
 5.991951e-30   3.306335e-30   1.812263e+00
 5.735889e-30   2.738073e-30   2.094864e+00
 5.669706e-30   2.997929e-30   1.891208e+00
 7.645517e-30   2.809747e-30   2.721069e+00
 6.071136e-30   2.779667e-30   2.184123e+00
 8.102077e-30   2.706717e-30   2.993322e+00
 5.725599e-30   2.521191e-30   2.270989e+00
 5.984495e-30   2.596561e-30   2.304777e+00
 4.687868e-30   3.065906e-30   1.529032e+00
 5.867993e-30   2.928265e-30   2.003914e+00
 5.520913e-30   2.918976e-30   1.891387e+00
 5.584035e-30   2.156352e-30   2.589575e+00
 5.080744e-30   2.400474e-30   2.116559e+00
 6.339487e-30   2.978307e-30   2.128554e+00
 6.668706e-30   2.807325e-30   2.375467e+00
 5.857877e-30   2.701818e-30   2.168124e+00
 5.694557e-30   2.001945e-30   2.844513e+00
 5.865361e-30   2.698446e-30   2.173607e+00
 5.839442e-30   3.332075e-30   1.752494e+00
 5.739291e-30   2.820462e-30   2.034876e+00
 5.021465e-30   2.597909e-30   1.932887e+00
 5.495775e-30   3.107816e-30   1.768372e+00
 6.385297e-30   2.160552e-30   2.955401e+00
 5.838776e-30   2.318240e-30   2.518624e+00
 5.754885e-30   2.723952e-30   2.112697e+00
 5.305654e-30   2.642681e-30   2.007679e+00
 5.669552e-30   2.139134e-30   2.650396e+00
 5.503979e-30   2.672923e-30   2.059161e+00
 5.716066e-30   2.730296e-30   2.093570e+00
 4.973392e-30   3.469575e-30   1.433430e+00
 5.751346e-30   2.551561e-30   2.254049e+00
 6.462040e-30   2.928918e-30   2.206289e+00
 5.007745e-30   2.978374e-30   1.681368e+00
 6.141917e-30   2.602036e-30   2.360428e+00
 5.991323e-30   2.832220e-30   2.115416e+00
 6.045836e-30   2.577680e-30   2.345456e+00
 5.687381e-30   2.509029e-30   2.266765e+00
 5.719751e-30   2.567236e-30   2.227981e+00
 7.089268e-30   3.732920e-30   1.899122e+00
 7.027081e-30   2.732211e-30   2.571939e+00
 6.770961e-30   2.141187e-30   3.162247e+00
 4.844276e-30   3.356375e-30   1.443306e+00
 7.650892e-30   2.504370e-30   3.055017e+00
 5.721827e-30   2.917043e-30   1.961517e+00
 6.256675e-30   3.189814e-30   1.961455e+00
 5.753532e-30   2.392144e-30   2.405178e+00
 5.412417e-30   2.706414e-30   1.999848e+00
 5.619099e-30   3.086169e-30   1.820736e+00
 6.316274e-30   2.984372e-30   2.116450e+00
 5.804462e-30   3.181026e-30   1.824714e+00
 5.731565e-30   2.221206e-30   2.580384e+00
 6.550054e-30   2.596851e-30   2.522306e+00
 5.468204e-30   2.656383e-30   2.058515e+00
 5.495385e-30   3.080344e-30   1.784017e+00
 5.239569e-30   2.276076e-30   2.302018e+00
 4.542657e-30   3.185964e-30   1.425834e+00
 5.658808e-30   2.481722e-30   2.280194e+00
 5.300990e-30   2.423297e-30   2.187511e+00
 5.477926e-30   2.941184e-30   1.862490e+00
 5.755058e-30   2.802620e-30   2.053456e+00
 7.858874e-30   2.642212e-30   2.974354e+00
 6.751052e-30   3.060193e-30   2.206087e+00
 5.641391e-30   3.157023e-30   1.786934e+00
 5.401254e-30   2.595833e-30   2.080740e+00
 5.857738e-30   2.643038e-30   2.216290e+00
 4.453667e-30   2.295955e-30   1.939789e+00
 7.227529e-30   2.907010e-30   2.486241e+00
 5.806533e-30   2.824038e-30   2.056110e+00
 5.675247e-30   2.440244e-30   2.325688e+00
 4.511310e-30   2.623080e-30   1.719853e+00
 5.823342e-30   3.063096e-30   1.901130e+00
 5.661688e-30   2.123520e-30   2.666181e+00
 5.050432e-30   2.439325e-30   2.070422e+00
 7.167237e-30   2.321076e-30   3.087895e+00
 5.495385e-30   3.080344e-30   1.784017e+00
 5.720918e-30   2.046846e-30   2.794992e+00
 5.209584e-30   2.164286e-30   2.407068e+00
 7.686614e-30   2.014080e-30   3.816440e+00
 7.646474e-30   3.083880e-30   2.479498e+00
 6.411568e-30   2.998536e-30   2.138233e+00
 5.884466e-30   2.627102e-30   2.239908e+00
 5.791454e-30   3.065692e-30   1.889118e+00
 5.643240e-30   2.582858e-30   2.184882e+00
 5.856989e-30   2.253336e-30   2.599253e+00
 6.904481e-30   1.994458e-30   3.461833e+00
 5.422377e-30   2.593433e-30   2.090810e+00
 5.818755e-30   2.952792e-30   1.970594e+00
 5.770030e-30   2.760413e-30   2.090278e+00
 5.637905e-30   2.472020e-30   2.280688e+00
 5.933053e-30   2.431828e-30   2.439750e+00
 6.211692e-30   3.149491e-30   1.972284e+00
 5.761142e-30   2.100741e-30   2.742433e+00
 4.788378e-30   3.045787e-30   1.572131e+00
 6.252163e-30   2.776770e-30   2.251595e+00
 5.606362e-30   2.037153e-30   2.752057e+00
 5.962188e-30   2.529001e-30   2.357527e+00
 6.462954e-30   2.152425e-30   3.002639e+00
 6.219323e-30   2.184185e-30   2.847434e+00
 5.841572e-30   2.720299e-30   2.147401e+00
 5.798124e-30   2.628705e-30   2.205696e+00
 4.661100e-30   1.965646e-30   2.371282e+00
 6.359887e-30   2.528069e-30   2.515709e+00
 5.824854e-30   2.610171e-30   2.231599e+00
 5.765737e-30   2.609346e-30   2.209648e+00
 6.445541e-30   2.425333e-30   2.657590e+00
 5.764423e-30   2.840020e-30   2.029712e+00
 6.086569e-30   2.325486e-30   2.617332e+00
 5.804793e-30   3.148464e-30   1.843690e+00
 5.924510e-30   2.793911e-30   2.120508e+00
 5.857509e-30   2.021837e-30   2.897123e+00
 6.790210e-30   2.510808e-30   2.704393e+00
 6.317821e-30   3.154505e-30   2.002793e+00
 5.789887e-30   2.270140e-30   2.550454e+00
 6.229975e-30   2.710796e-30   2.298209e+00
 7.537212e-30   3.288837e-30   2.291756e+00
 5.787217e-30   2.192366e-30   2.639713e+00
 4.500361e-30   2.808222e-30   1.602566e+00
 6.316690e-30   2.514271e-30   2.512334e+00
 5.614969e-30   3.086586e-30   1.819152e+00
 4.955179e-30   1.920329e-30   2.580380e+00
 5.942595e-30   2.724681e-30   2.181024e+00
 6.587934e-30   3.073466e-30   2.143487e+00
 6.332554e-30   2.223864e-30   2.847545e+00
 5.633261e-30   2.595242e-30   2.170612e+00
 7.394057e-30   2.378913e-30   3.108166e+00
 5.813734e-30   2.962529e-30   1.962423e+00
 5.469926e-30   2.494737e-30   2.192586e+00
 7.261335e-30   2.313327e-30   3.138915e+00
 6.222697e-30   2.553380e-30   2.437043e+00
 6.111380e-30   2.376636e-30   2.571441e+00
 6.196648e-30   2.549049e-30   2.430964e+00
 5.937271e-30   2.684912e-30   2.211346e+00
 5.213563e-30   2.738389e-30   1.903880e+00
 5.802400e-30   3.094504e-30   1.875066e+00
 6.222700e-30   3.298231e-30   1.886678e+00
 5.501852e-30   2.594845e-30   2.120301e+00
 6.286512e-30   3.184312e-30   1.974214e+00
 5.831585e-30   2.418150e-30   2.411589e+00
 5.461213e-30   3.208394e-30   1.702164e+00
 5.774372e-30   2.715637e-30   2.126341e+00
 5.708723e-30   2.820093e-30   2.024303e+00
 5.832755e-30   2.472486e-30   2.359065e+00
 5.730574e-30   2.883360e-30   1.987464e+00
 5.762905e-30   2.889666e-30   1.994316e+00
 6.286234e-30   2.883022e-30   2.180432e+00
 5.748235e-30   2.628994e-30   2.186477e+00
 5.962854e-30   3.090220e-30   1.929589e+00
 5.775907e-30   2.518890e-30   2.293036e+00
 5.715119e-30   2.430790e-30   2.351137e+00
 5.644433e-30   2.791106e-30   2.022293e+00
 5.535445e-30   2.711303e-30   2.041618e+00
 4.515345e-30   2.518081e-30   1.793169e+00
 6.043209e-30   2.134329e-30   2.831433e+00
 5.383391e-30   2.175079e-30   2.475033e+00
 5.563830e-30   3.144756e-30   1.769241e+00
 7.618363e-30   2.773870e-30   2.746475e+00
 5.332715e-30   3.846740e-30   1.386295e+00
 5.738935e-30   2.491598e-30   2.303315e+00
 7.137277e-30   2.655921e-30   2.687307e+00
 4.697916e-30   2.522738e-30   1.862229e+00
 5.858333e-30   3.028521e-30   1.934388e+00
 5.936208e-30   2.843687e-30   2.087504e+00
 5.059087e-30   2.227184e-30   2.271517e+00
 6.448288e-30   1.890114e-30   3.411586e+00
 6.703998e-30   2.132181e-30   3.144197e+00
 5.709864e-30   2.470849e-30   2.310891e+00
 5.793115e-30   2.843742e-30   2.037145e+00
 5.410235e-30   2.054831e-30   2.632935e+00
 6.940333e-30   2.766817e-30   2.508418e+00
 6.635399e-30   2.581073e-30   2.570791e+00
 5.726985e-30   2.066923e-30   2.770777e+00
 5.763218e-30   2.632851e-30   2.188965e+00
 5.894186e-30   2.721486e-30   2.165797e+00
 5.241046e-30   2.652310e-30   1.976031e+00
 5.846977e-30   2.289095e-30   2.554274e+00
 6.222700e-30   3.298231e-30   1.886678e+00
 5.839231e-30   3.244210e-30   1.799893e+00
 6.784703e-30   3.131339e-30   2.166710e+00
 5.755763e-30   2.656192e-30   2.166923e+00
 6.128417e-30   3.138851e-30   1.952440e+00
 6.903551e-30   3.204180e-30   2.154545e+00
 5.041757e-30   2.880210e-30   1.750482e+00
 5.038722e-30   2.405780e-30   2.094424e+00
 7.480566e-30   2.545494e-30   2.938748e+00
 5.694556e-30   2.698613e-30   2.110179e+00
 5.731778e-30   2.982744e-30   1.921646e+00
 5.626444e-30   2.407785e-30   2.336772e+00
 5.771134e-30   2.901938e-30   1.988717e+00
 5.759096e-30   2.791748e-30   2.062899e+00
 5.835551e-30   2.694040e-30   2.166096e+00
 4.603670e-30   2.453165e-30   1.876625e+00
 5.523135e-30   3.069688e-30   1.799250e+00
 6.124152e-30   2.156307e-30   2.840111e+00
 5.211375e-30   3.123810e-30   1.668275e+00
 5.871713e-30   2.334805e-30   2.514863e+00
 6.068404e-30   2.631933e-30   2.305683e+00
 5.745340e-30   3.232489e-30   1.777373e+00
 4.404126e-30   2.178228e-30   2.021884e+00
 6.250196e-30   2.482012e-30   2.518197e+00
 5.832890e-30   2.441598e-30   2.388964e+00
 5.151382e-30   2.890512e-30   1.782169e+00
 5.848460e-30   3.009332e-30   1.943441e+00
 5.830833e-30   3.005344e-30   1.940155e+00
 7.106926e-30   2.710903e-30   2.621609e+00
 6.450221e-30   2.269808e-30   2.841747e+00
 4.619924e-30   2.112810e-30   2.186625e+00
 5.744754e-30   2.448061e-30   2.346655e+00
 5.620424e-30   2.640341e-30   2.128673e+00
 5.645277e-30   2.379643e-30   2.372321e+00
 6.222697e-30   2.553380e-30   2.437043e+00
 5.790472e-30   2.918833e-30   1.983831e+00
 5.510511e-30   2.020337e-30   2.727521e+00
 6.775920e-30   2.287154e-30   2.962599e+00
 5.706685e-30   2.715620e-30   2.101430e+00
 7.288303e-30   2.189579e-30   3.328632e+00
 5.262903e-30   2.683243e-30   1.961397e+00
 5.679184e-30   2.763144e-30   2.055334e+00
 7.483748e-30   2.374082e-30   3.152271e+00
 6.097647e-30   2.416662e-30   2.523169e+00
 6.178539e-30   2.199654e-30   2.808869e+00
 5.322658e-30   2.710163e-30   1.963962e+00
 5.473443e-30   2.549658e-30   2.146736e+00
 6.833364e-30   2.938295e-30   2.325622e+00
 5.600169e-30   2.454121e-30   2.281945e+00
 5.537234e-30   2.437795e-30   2.271411e+00
 5.481792e-30   2.321968e-30   2.360839e+00
 5.146674e-30   3.013590e-30   1.707822e+00
 6.489670e-30   2.120230e-30   3.060834e+00
 7.108435e-30   2.434755e-30   2.919569e+00
 5.041868e-30   2.593884e-30   1.943752e+00
 6.214865e-30   3.013372e-30   2.062429e+00
 5.966916e-30   2.573779e-30   2.318348e+00
 5.742191e-30   2.475465e-30   2.319641e+00
 5.838621e-30   2.576621e-30   2.266000e+00
 5.751169e-30   2.524064e-30   2.278536e+00
 5.513081e-30   2.982785e-30   1.848300e+00
 6.328580e-30   2.789542e-30   2.268680e+00
 5.099699e-30   2.554062e-30   1.996701e+00
 5.412131e-30   2.882408e-30   1.877642e+00
 5.814556e-30   2.242030e-30   2.593434e+00
 5.081648e-30   3.122846e-30   1.627249e+00
 5.912765e-30   2.790585e-30   2.118826e+00
 5.296093e-30   2.528327e-30   2.094703e+00
 5.964969e-30   2.593770e-30   2.299729e+00
 5.869094e-30   3.701775e-30   1.585481e+00
 5.584862e-30   2.155946e-30   2.590445e+00
 5.725654e-30   2.657306e-30   2.154684e+00
 6.219531e-30   2.411390e-30   2.579230e+00
 4.649139e-30   2.817453e-30   1.650121e+00
 5.175992e-30   2.524965e-30   2.049926e+00
 5.941941e-30   2.313769e-30   2.568079e+00
 5.684013e-30   1.833769e-30   3.099633e+00
 7.455092e-30   2.539099e-30   2.936116e+00
 5.661402e-30   2.674448e-30   2.116849e+00
 5.850412e-30   3.287417e-30   1.779638e+00
 5.895705e-30   2.214889e-30   2.661851e+00
 5.727357e-30   2.355234e-30   2.431757e+00
 5.820076e-30   3.344538e-30   1.740174e+00
 6.222604e-30   2.182130e-30   2.851619e+00
 5.777667e-30   3.124445e-30   1.849182e+00
 6.150089e-30   2.738981e-30   2.245393e+00
 5.561792e-30   2.621085e-30   2.121942e+00
 4.779957e-30   2.764487e-30   1.729057e+00
 5.143249e-30   2.142972e-30   2.400055e+00
 5.763106e-30   2.732424e-30   2.109155e+00
 6.289042e-30   3.411722e-30   1.843363e+00
 5.993049e-30   2.898155e-30   2.067884e+00
 7.809333e-30   2.312354e-30   3.377223e+00
 6.900554e-30   2.038140e-30   3.385712e+00
 6.143484e-30   3.002899e-30   2.045851e+00
 5.626009e-30   2.142434e-30   2.625990e+00
 7.152109e-30   2.477278e-30   2.887083e+00
 5.475550e-30   2.910064e-30   1.881591e+00
 7.534705e-30   2.173431e-30   3.466734e+00
 5.380363e-30   2.982953e-30   1.803703e+00
 5.617878e-30   3.220967e-30   1.744159e+00
 6.442166e-30   2.268317e-30   2.840064e+00
 5.964135e-30   2.347095e-30   2.541071e+00
 5.852642e-30   3.024814e-30   1.934877e+00
 5.897071e-30   2.728287e-30   2.161456e+00
 6.190162e-30   2.764842e-30   2.238885e+00
 5.830611e-30   2.918469e-30   1.997832e+00
 5.675788e-30   2.674703e-30   2.122026e+00
 5.837615e-30   2.921182e-30   1.998374e+00
 5.746480e-30   2.267927e-30   2.533802e+00
 4.714208e-30   2.357063e-30   2.000035e+00
 5.909943e-30   2.619106e-30   2.256473e+00
 5.033194e-30   2.728899e-30   1.844405e+00
 5.514516e-30   2.454236e-30   2.246938e+00
 5.871388e-30   2.152127e-30   2.728179e+00
 5.712507e-30   2.507356e-30   2.278300e+00
 5.654097e-30   2.456207e-30   2.301963e+00
 6.548718e-30   1.933555e-30   3.386880e+00
 7.604828e-30   2.871447e-30   2.648431e+00
 4.578702e-30   2.769589e-30   1.653206e+00
 5.883074e-30   2.501202e-30   2.352099e+00
 5.802906e-30   2.472471e-30   2.347006e+00
 5.727404e-30   2.835104e-30   2.020174e+00
 6.232105e-30   3.160381e-30   1.971947e+00
 6.194830e-30   2.628966e-30   2.356375e+00
 5.932597e-30   2.814506e-30   2.107865e+00
 5.765800e-30   2.183269e-30   2.640903e+00
 5.640600e-30   2.966280e-30   1.901574e+00
 5.770140e-30   3.062887e-30   1.883889e+00
 5.550483e-30   2.366165e-30   2.345771e+00
 6.052006e-30   2.632724e-30   2.298762e+00
 5.916831e-30   2.418869e-30   2.446115e+00
 5.727187e-30   2.296937e-30   2.493402e+00
 5.339379e-30   2.134422e-30   2.501557e+00
 5.840486e-30   2.744628e-30   2.127970e+00
 5.981069e-30   3.141902e-30   1.903646e+00
 7.294355e-30   2.291467e-30   3.183269e+00
 7.589715e-30   2.934161e-30   2.586673e+00
 5.179648e-30   2.240458e-30   2.311870e+00
 5.178452e-30   2.807878e-30   1.844258e+00
 6.830561e-30   2.648761e-30   2.578776e+00
 4.130354e-30   2.388469e-30   1.729290e+00
 5.811588e-30   3.284007e-30   1.769664e+00
 5.756769e-30   2.526342e-30   2.278697e+00
 5.067737e-30   2.427166e-30   2.087924e+00
 5.666425e-30   3.000906e-30   1.888238e+00
 4.153288e-30   2.877131e-30   1.443552e+00
 5.812478e-30   2.706951e-30   2.147242e+00
 6.005578e-30   2.542038e-30   2.362505e+00
 6.399070e-30   3.346736e-30   1.912033e+00
 6.022037e-30   2.358445e-30   2.553393e+00
 3.809687e-30   3.486776e-30   1.092610e+00
 4.603670e-30   2.453165e-30   1.876625e+00
 6.222611e-30   3.297669e-30   1.886972e+00
 5.652079e-30   2.559045e-30   2.208668e+00
 6.648833e-30   2.142514e-30   3.103286e+00
 6.454390e-30   2.514493e-30   2.566875e+00
 5.672488e-30   3.082434e-30   1.840262e+00
 3.846025e-30   2.466565e-30   1.559263e+00
 5.761231e-30   2.724699e-30   2.114446e+00
 6.062701e-30   2.121143e-30   2.858223e+00
 5.747969e-30   1.996015e-30   2.879722e+00
 4.697856e-30   2.475821e-30   1.897494e+00
 6.768335e-30   2.533000e-30   2.672062e+00
 5.861361e-30   3.092764e-30   1.895185e+00
 4.931987e-30   3.141446e-30   1.569973e+00
 5.693688e-30   1.928053e-30   2.953077e+00
 6.237923e-30   3.392378e-30   1.838805e+00
 5.786215e-30   2.774697e-30   2.085350e+00
 6.841898e-30   2.810852e-30   2.434102e+00
 5.578205e-30   2.339901e-30   2.383950e+00
 6.189974e-30   2.854269e-30   2.168672e+00
 5.761369e-30   2.571241e-30   2.240696e+00
 5.990205e-30   2.998953e-30   1.997432e+00
 4.829016e-30   2.552031e-30   1.892225e+00
 5.817788e-30   2.893118e-30   2.010906e+00
 5.960336e-30   2.938877e-30   2.028100e+00
 6.213266e-30   3.946840e-30   1.574238e+00
 6.300167e-30   2.600173e-30   2.422980e+00
 6.233333e-30   2.293413e-30   2.717928e+00
 6.681047e-30   2.250662e-30   2.968482e+00
 5.670438e-30   2.852835e-30   1.987650e+00
 6.598064e-30   2.770556e-30   2.381495e+00
 5.314690e-30   2.129236e-30   2.496055e+00
 8.227797e-30   2.583998e-30   3.184135e+00
 4.802892e-30   2.855201e-30   1.682155e+00
 6.592214e-30   2.345244e-30   2.810886e+00
 7.452654e-30   2.418689e-30   3.081278e+00
 6.321079e-30   2.561877e-30   2.467363e+00
 4.143821e-30   3.053298e-30   1.357162e+00
 5.429333e-30   2.386156e-30   2.275347e+00
 5.240736e-30   2.488378e-30   2.106085e+00
 5.653034e-30   2.028728e-30   2.786491e+00
 5.805367e-30   2.394733e-30   2.424223e+00
 5.821025e-30   2.581678e-30   2.254744e+00
 5.734080e-30   2.535638e-30   2.261395e+00
 6.346896e-30   2.388999e-30   2.656717e+00
 6.326285e-30   2.946062e-30   2.147370e+00
 6.409028e-30   3.942036e-30   1.625817e+00
 5.960833e-30   3.969417e-30   1.501690e+00
 5.859636e-30   2.566080e-30   2.283497e+00
 5.600410e-30   2.390829e-30   2.342455e+00
 6.287835e-30   2.377381e-30   2.644858e+00
 4.410107e-30   2.581055e-30   1.708645e+00
 6.268848e-30   2.816621e-30   2.225663e+00
 5.629059e-30   3.114875e-30   1.807154e+00
 5.368157e-30   2.500099e-30   2.147178e+00
 5.787281e-30   2.944348e-30   1.965556e+00
 6.291393e-30   2.741772e-30   2.294645e+00
 5.490482e-30   2.462941e-30   2.229239e+00
 5.646238e-30   2.834027e-30   1.992302e+00
 5.964654e-30   2.614044e-30   2.281773e+00
 4.983938e-30   3.122156e-30   1.596313e+00
 6.209437e-30   2.741120e-30   2.265292e+00
 5.325327e-30   2.254832e-30   2.361740e+00
 5.573859e-30   2.086652e-30   2.671197e+00
 6.675261e-30   2.193003e-30   3.043891e+00
 6.011197e-30   3.576074e-30   1.680949e+00
 6.318982e-30   2.743577e-30   2.303191e+00
 5.735447e-30   2.190904e-30   2.617845e+00
 5.838169e-30   2.461028e-30   2.372248e+00
 6.409896e-30   2.366383e-30   2.708732e+00
 5.920716e-30   1.974001e-30   2.999349e+00
 5.668431e-30   2.437820e-30   2.325205e+00
 4.949109e-30   2.408092e-30   2.055199e+00
 5.590336e-30   3.053543e-30   1.830770e+00
 5.118622e-30   2.793776e-30   1.832152e+00
 5.834183e-30   3.301802e-30   1.766970e+00
 4.899700e-30   2.117603e-30   2.313795e+00
 7.606163e-30   2.487070e-30   3.058282e+00
 5.749459e-30   2.452902e-30   2.343942e+00
 4.630915e-30   2.150703e-30   2.153210e+00
 5.761233e-30   2.846656e-30   2.023860e+00
 6.751052e-30   3.060193e-30   2.206087e+00
 6.053854e-30   2.950478e-30   2.051821e+00
 5.713885e-30   2.361515e-30   2.419584e+00
 6.264375e-30   2.748823e-30   2.278930e+00
 4.801151e-30   2.759407e-30   1.739921e+00
 5.654891e-30   2.345253e-30   2.411208e+00
 5.888051e-30   2.378225e-30   2.475818e+00
 5.820452e-30   2.903928e-30   2.004337e+00
 6.638017e-30   2.289430e-30   2.899419e+00
 6.778929e-30   2.647401e-30   2.560597e+00
 7.004887e-30   2.363261e-30   2.964076e+00
 6.176338e-30   2.380746e-30   2.594287e+00
 5.854913e-30   3.039270e-30   1.926421e+00
 6.866942e-30   2.942135e-30   2.333999e+00
 7.036825e-30   2.710197e-30   2.596425e+00
 7.724775e-30   2.691785e-30   2.869759e+00
 5.764114e-30   2.601422e-30   2.215755e+00
 6.939211e-30   2.745705e-30   2.527296e+00
 5.619649e-30   2.911806e-30   1.929953e+00
 6.309286e-30   2.964337e-30   2.128397e+00
 5.721827e-30   2.917043e-30   1.961517e+00
 5.845028e-30   3.164429e-30   1.847104e+00
 5.081159e-30   2.767457e-30   1.836039e+00
 5.821439e-30   2.784506e-30   2.090654e+00
 6.208946e-30   3.029199e-30   2.049699e+00
 5.752615e-30   2.804557e-30   2.051167e+00
 5.888109e-30   3.138032e-30   1.876370e+00
 7.041815e-30   2.440573e-30   2.885312e+00
 5.730383e-30   2.470773e-30   2.319267e+00
 5.838078e-30   2.274090e-30   2.567215e+00
 6.750753e-30   3.085114e-30   2.188169e+00
 5.615520e-30   2.392183e-30   2.347445e+00
 4.621165e-30   2.704044e-30   1.708983e+00
 5.657703e-30   3.311601e-30   1.708449e+00
 5.700166e-30   2.864204e-30   1.990140e+00
 5.480016e-30   2.307027e-30   2.375358e+00
 5.658808e-30   2.481722e-30   2.280194e+00
 6.338922e-30   2.171333e-30   2.919370e+00
 6.084736e-30   2.035567e-30   2.989210e+00
 6.023890e-30   2.407525e-30   2.502109e+00
 5.091724e-30   2.797924e-30   1.819822e+00
 5.837496e-30   2.414499e-30   2.417684e+00
 5.139137e-30   2.731649e-30   1.881331e+00
 5.455268e-30   2.931843e-30   1.860696e+00
 5.666148e-30   2.574639e-30   2.200755e+00
 5.793337e-30   3.491693e-30   1.659177e+00
 6.510403e-30   2.651015e-30   2.455816e+00
 6.085382e-30   2.881246e-30   2.112066e+00
 4.957410e-30   2.730622e-30   1.815488e+00
 6.488223e-30   2.282358e-30   2.842771e+00
 5.664190e-30   2.518180e-30   2.249319e+00
 6.390166e-30   2.488240e-30   2.568147e+00
 5.462084e-30   2.773285e-30   1.969536e+00
 6.559360e-30   2.804737e-30   2.338672e+00
 6.794525e-30   2.120652e-30   3.203980e+00
 5.934769e-30   3.243267e-30   1.829874e+00
 5.654892e-30   2.725373e-30   2.074905e+00
 5.988769e-30   2.306773e-30   2.596168e+00
 5.767837e-30   2.502746e-30   2.304603e+00
 4.775219e-30   2.809872e-30   1.699443e+00
 7.466879e-30   2.222536e-30   3.359621e+00
 5.632148e-30   2.245553e-30   2.508134e+00
 6.453557e-30   2.241801e-30   2.878737e+00
 6.143484e-30   3.002899e-30   2.045851e+00
 6.162820e-30   2.214744e-30   2.782633e+00
 6.051193e-30   2.401820e-30   2.519419e+00
 6.478249e-30   2.255296e-30   2.872460e+00
 5.291269e-30   2.482597e-30   2.131344e+00
 5.731795e-30   2.515802e-30   2.278318e+00
 6.096155e-30   2.458780e-30   2.479342e+00
 5.744166e-30   2.699702e-30   2.127704e+00
 5.109654e-30   3.080816e-30   1.658539e+00
 5.356045e-30   2.495615e-30   2.146182e+00
 5.753715e-30   2.305654e-30   2.495481e+00
 6.082775e-30   2.817400e-30   2.159003e+00
 5.653889e-30   2.456251e-30   2.301837e+00
 5.743349e-30   2.402334e-30   2.390737e+00
 6.440832e-30   2.638614e-30   2.440991e+00
 7.913816e-30   2.382562e-30   3.321557e+00
 7.701913e-30   2.046918e-30   3.762688e+00
 5.750180e-30   2.911356e-30   1.975086e+00
 5.863196e-30   3.231797e-30   1.814222e+00
 5.885727e-30   2.028058e-30   2.902149e+00
 7.177097e-30   2.999306e-30   2.392920e+00
 7.126843e-30   2.285513e-30   3.118269e+00
 5.840068e-30   2.604827e-30   2.242018e+00
 7.770959e-30   2.551617e-30   3.045503e+00
 5.777756e-30   2.850933e-30   2.026619e+00
 5.685829e-30   1.845746e-30   3.080504e+00
 5.666465e-30   2.509946e-30   2.257604e+00
 6.611894e-30   2.125268e-30   3.111087e+00
 5.067578e-30   2.427190e-30   2.087838e+00
 6.030707e-30   2.840891e-30   2.122822e+00
 4.629626e-30   2.363674e-30   1.958657e+00
 7.551507e-30   3.165455e-30   2.385599e+00
 5.843995e-30   2.580218e-30   2.264923e+00
 7.415331e-30   2.599795e-30   2.852275e+00
 5.828194e-30   2.724928e-30   2.138844e+00
 5.805652e-30   3.030434e-30   1.915782e+00
 5.205889e-30   2.557928e-30   2.035198e+00
 5.096619e-30   2.182068e-30   2.335683e+00
 6.260586e-30   2.883752e-30   2.170986e+00
 7.045969e-30   2.812009e-30   2.505670e+00
 6.201877e-30   2.311223e-30   2.683374e+00
 5.789875e-30   2.978009e-30   1.944210e+00
 5.695422e-30   2.804264e-30   2.030986e+00
 5.710680e-30   3.326324e-30   1.716814e+00
 6.916212e-30   2.595501e-30   2.664692e+00
 4.714459e-30   2.793970e-30   1.687369e+00
 6.962130e-30   3.313591e-30   2.101083e+00
 5.786601e-30   3.098456e-30   1.867576e+00
 7.284523e-30   2.328775e-30   3.128049e+00
 5.004666e-30   2.880460e-30   1.737453e+00
 5.480343e-30   3.515743e-30   1.558801e+00
 5.705644e-30   2.949330e-30   1.934556e+00
 5.732765e-30   2.539959e-30   2.257031e+00
 5.824926e-30   3.174353e-30   1.834996e+00
 5.234233e-30   2.396161e-30   2.184425e+00
 5.892506e-30   3.433350e-30   1.716256e+00
 5.718584e-30   3.022305e-30   1.892127e+00
 5.738719e-30   2.334178e-30   2.458561e+00
 7.149708e-30   2.850553e-30   2.508183e+00
 6.242524e-30   2.375137e-30   2.628279e+00
 5.400229e-30   2.784118e-30   1.939656e+00
 5.703525e-30   2.728505e-30   2.090348e+00
 5.800522e-30   2.043857e-30   2.838028e+00
 6.272515e-30   2.929136e-30   2.141422e+00
 5.896791e-30   3.013504e-30   1.956789e+00
 5.722699e-30   2.650150e-30   2.159387e+00
 5.557523e-30   2.656924e-30   2.091713e+00
 5.560590e-30   2.625634e-30   2.117809e+00
 6.137911e-30   2.002204e-30   3.065577e+00
 5.669711e-30   2.997875e-30   1.891243e+00
 5.981882e-30   2.954234e-30   2.024851e+00
 6.121038e-30   2.890887e-30   2.117356e+00
 5.599126e-30   2.905901e-30   1.926813e+00
 6.399664e-30   2.188302e-30   2.924489e+00
 5.257937e-30   3.347110e-30   1.570889e+00
 5.682036e-30   2.050764e-30   2.770693e+00
 5.711770e-30   2.456540e-30   2.325128e+00
 5.472827e-30   2.967676e-30   1.844146e+00
 7.028868e-30   2.738061e-30   2.567097e+00
 5.795907e-30   2.891438e-30   2.004507e+00
 6.198273e-30   2.917219e-30   2.124720e+00
 6.876173e-30   2.082069e-30   3.302568e+00
 5.824033e-30   3.000823e-30   1.940812e+00
 7.089434e-30   2.417194e-30   2.932919e+00
 4.910223e-30   2.214173e-30   2.217632e+00
 6.638017e-30   2.289430e-30   2.899419e+00
 5.788462e-30   2.454743e-30   2.358072e+00
 5.756011e-30   2.447505e-30   2.351787e+00
 6.930616e-30   2.002896e-30   3.460297e+00
 5.818436e-30   2.246847e-30   2.589600e+00
 5.892864e-30   2.825868e-30   2.085329e+00
 7.919648e-30   3.445282e-30   2.298694e+00
 5.329709e-30   2.806598e-30   1.898993e+00
 5.843181e-30   2.171728e-30   2.690567e+00
 6.216766e-30   2.906047e-30   2.139251e+00
 6.043917e-30   2.716718e-30   2.224712e+00
 5.751657e-30   2.327745e-30   2.470914e+00
 6.099431e-30   2.334276e-30   2.612986e+00
 7.370371e-30   2.416621e-30   3.049867e+00
 5.761208e-30   2.755328e-30   2.090934e+00
 5.939322e-30   2.554349e-30   2.325181e+00
 7.139117e-30   2.446528e-30   2.918061e+00
 4.921420e-30   2.920143e-30   1.685335e+00
 7.069103e-30   2.332893e-30   3.030188e+00
 5.817032e-30   2.611536e-30   2.227437e+00
 5.072005e-30   2.634098e-30   1.925519e+00
 6.247912e-30   2.955172e-30   2.114229e+00
 7.464461e-30   2.682565e-30   2.782583e+00
 5.776476e-30   2.671310e-30   2.162413e+00
 6.114600e-30   2.767859e-30   2.209144e+00
 6.266625e-30   2.608948e-30   2.401973e+00
 6.443517e-30   2.311419e-30   2.787689e+00
 5.750625e-30   2.392307e-30   2.403798e+00
 4.963560e-30   2.945998e-30   1.684848e+00
 7.382338e-30   2.282707e-30   3.234028e+00
 5.322658e-30   2.710163e-30   1.963962e+00
 5.770886e-30   3.103435e-30   1.859516e+00
 5.963657e-30   3.101011e-30   1.923133e+00
 6.243324e-30   2.976419e-30   2.097595e+00
 5.692519e-30   2.668216e-30   2.133455e+00
 5.136748e-30   2.623141e-30   1.958243e+00
 6.549373e-30   1.933470e-30   3.387367e+00
 7.303005e-30   2.245224e-30   3.252684e+00
 5.424186e-30   2.074742e-30   2.614390e+00
 5.781295e-30   3.065207e-30   1.886103e+00
 5.344276e-30   2.463570e-30   2.169322e+00
 5.880624e-30   2.785816e-30   2.110916e+00
 7.408962e-30   2.667563e-30   2.777427e+00
 5.752450e-30   2.764268e-30   2.081003e+00
 6.131911e-30   2.271380e-30   2.699642e+00
 5.689709e-30   2.402658e-30   2.368089e+00
 4.621058e-30   2.687401e-30   1.719526e+00
 5.825446e-30   2.192159e-30   2.657401e+00
 5.728467e-30   3.166782e-30   1.808924e+00
 5.995990e-30   2.657067e-30   2.256620e+00
 6.061993e-30   2.895594e-30   2.093523e+00
 6.278458e-30   2.934286e-30   2.139689e+00
 5.646262e-30   2.344343e-30   2.408462e+00
 6.190018e-30   2.373830e-30   2.607607e+00
 5.721819e-30   2.292414e-30   2.495980e+00
 5.739530e-30   2.278120e-30   2.519415e+00
 5.683562e-30   2.893376e-30   1.964335e+00
 6.228490e-30   3.531052e-30   1.763919e+00
 6.839374e-30   2.406283e-30   2.842299e+00
 7.684551e-30   2.147324e-30   3.578664e+00
 5.561325e-30   2.416727e-30   2.301181e+00
 5.430223e-30   2.974002e-30   1.825898e+00
 6.424079e-30   3.218986e-30   1.995684e+00
 4.717280e-30   2.314685e-30   2.037980e+00
 4.835387e-30   2.546550e-30   1.898799e+00
 5.885126e-30   3.720482e-30   1.581818e+00
 5.758333e-30   3.054927e-30   1.884933e+00
 5.240520e-30   2.606821e-30   2.010311e+00
 6.063887e-30   2.559028e-30   2.369606e+00
 5.808770e-30   2.526050e-30   2.299547e+00
 5.843699e-30   3.337254e-30   1.751050e+00
 5.840249e-30   2.235845e-30   2.612099e+00
 5.489940e-30   2.726986e-30   2.013189e+00
 7.525748e-30   2.515854e-30   2.991329e+00
 5.619345e-30   2.607426e-30   2.155131e+00
 6.103509e-30   3.286095e-30   1.857374e+00
 5.954400e-30   2.601316e-30   2.288995e+00
 5.987342e-30   2.907171e-30   2.059508e+00
 5.383386e-30   2.691569e-30   2.000092e+00
 4.928045e-30   2.576947e-30   1.912358e+00
 5.033194e-30   2.728899e-30   1.844405e+00
 5.688676e-30   2.245674e-30   2.533171e+00
 6.057645e-30   2.653874e-30   2.282567e+00
 5.717180e-30   2.729501e-30   2.094588e+00
 6.157246e-30   3.154580e-30   1.951844e+00
 5.898833e-30   3.327993e-30   1.772490e+00
 5.698503e-30   3.330765e-30   1.710869e+00
 5.607251e-30   2.932000e-30   1.912432e+00
 5.729271e-30   2.903812e-30   1.973017e+00
 6.805660e-30   3.260596e-30   2.087244e+00
 5.785368e-30   2.678299e-30   2.160090e+00
 5.770421e-30   3.056305e-30   1.888038e+00
 6.473211e-30   2.465076e-30   2.625969e+00
 5.072005e-30   2.634098e-30   1.925519e+00
 6.146545e-30   2.939680e-30   2.090889e+00
 8.120329e-30   2.308445e-30   3.517661e+00
 5.749961e-30   2.649234e-30   2.170424e+00
 5.379979e-30   2.773093e-30   1.940065e+00
 5.749722e-30   2.439032e-30   2.357379e+00
 5.765861e-30   2.480171e-30   2.324784e+00
 5.722782e-30   2.778440e-30   2.059711e+00
 5.684021e-30   1.833769e-30   3.099638e+00
 5.724969e-30   2.431264e-30   2.354730e+00
 5.656569e-30   2.215606e-30   2.553057e+00
 5.955861e-30   2.243870e-30   2.654282e+00
 5.577736e-30   2.712948e-30   2.055969e+00
 7.604998e-30   2.287641e-30   3.324385e+00
 5.328734e-30   3.020980e-30   1.763909e+00
 4.135619e-30   2.426084e-30   1.704648e+00
 6.976943e-30   2.528831e-30   2.758960e+00
 5.764423e-30   2.840020e-30   2.029712e+00
 5.881782e-30   2.557364e-30   2.299940e+00
 6.918930e-30   2.231226e-30   3.100954e+00
 5.773624e-30   2.343800e-30   2.463361e+00
 6.562243e-30   2.582369e-30   2.541171e+00
 5.815372e-30   2.374043e-30   2.449564e+00
 4.829016e-30   2.552031e-30   1.892225e+00
 5.507446e-30   2.578761e-30   2.135694e+00
 6.735059e-30   2.143482e-30   3.142111e+00
 4.720722e-30   2.312174e-30   2.041681e+00
 7.438924e-30   2.375557e-30   3.131443e+00
 5.112237e-30   2.696275e-30   1.896037e+00
 5.717673e-30   2.448566e-30   2.335111e+00
 5.655665e-30   2.563551e-30   2.206184e+00
 5.016247e-30   2.358518e-30   2.126864e+00
 5.286605e-30   3.004668e-30   1.759464e+00
 5.999932e-30   2.646616e-30   2.267021e+00
 5.661919e-30   2.699459e-30   2.097428e+00
 7.817025e-30   2.688219e-30   2.907883e+00
 7.402480e-30   2.275823e-30   3.252661e+00
 4.380833e-30   2.483536e-30   1.763950e+00
 6.176101e-30   2.806258e-30   2.200832e+00
 5.588925e-30   2.644717e-30   2.113241e+00
 8.256720e-30   3.796838e-30   2.174631e+00
 5.938816e-30   3.877593e-30   1.531573e+00
 5.946308e-30   2.200997e-30   2.701642e+00
 4.764387e-30   2.779222e-30   1.714288e+00
 6.598211e-30   2.868171e-30   2.300494e+00
 7.453620e-30   3.404864e-30   2.189109e+00
 5.450063e-30   2.519025e-30   2.163561e+00
 5.612650e-30   3.103008e-30   1.808777e+00
 5.407975e-30   3.219168e-30   1.679930e+00
 6.029989e-30   2.907680e-30   2.073815e+00
 7.370714e-30   2.768743e-30   2.662116e+00
 6.086404e-30   3.069828e-30   1.982654e+00
 5.744622e-30   2.581889e-30   2.224969e+00
 4.871320e-30   2.347927e-30   2.074732e+00
 5.786511e-30   2.624867e-30   2.204497e+00
 7.841946e-30   2.440807e-30   3.212850e+00
 5.675694e-30   2.569057e-30   2.209252e+00
 7.448517e-30   2.419902e-30   3.078025e+00
 5.757000e-30   2.657785e-30   2.166089e+00
 6.269211e-30   2.683258e-30   2.336418e+00
 5.494432e-30   2.631798e-30   2.087710e+00
 7.018326e-30   3.462307e-30   2.027066e+00
 5.033707e-30   2.728937e-30   1.844567e+00
 5.672881e-30   2.747991e-30   2.064374e+00
 6.244327e-30   2.211155e-30   2.824012e+00
 5.561775e-30   2.685128e-30   2.071326e+00
 5.681716e-30   3.575648e-30   1.589003e+00
 5.613787e-30   2.603442e-30   2.156294e+00
 6.089170e-30   2.712677e-30   2.244709e+00
 4.795285e-30   2.172667e-30   2.207096e+00
 4.998241e-30   2.256621e-30   2.214923e+00
 4.980288e-30   1.921334e-30   2.592099e+00
 5.598047e-30   2.561714e-30   2.185274e+00
 5.829735e-30   2.719202e-30   2.143914e+00
 6.636558e-30   2.888370e-30   2.297683e+00
 6.017657e-30   2.720692e-30   2.211811e+00
 7.136636e-30   2.799912e-30   2.548879e+00
 6.958657e-30   2.611690e-30   2.664427e+00
 7.123960e-30   2.703725e-30   2.634868e+00
 6.948891e-30   2.569915e-30   2.703938e+00
 5.966098e-30   2.550747e-30   2.338961e+00
 5.692960e-30   2.391179e-30   2.380818e+00
 5.559329e-30   2.635196e-30   2.109646e+00
 5.665101e-30   2.319672e-30   2.442199e+00
 6.302414e-30   2.839173e-30   2.219806e+00
 5.585225e-30   2.893213e-30   1.930458e+00
 6.853822e-30   2.725920e-30   2.514315e+00
 5.471189e-30   3.608951e-30   1.516005e+00
 7.414348e-30   2.245637e-30   3.301668e+00
 6.228794e-30   2.204791e-30   2.825117e+00
 6.300580e-30   2.558305e-30   2.462794e+00
 6.826697e-30   2.227960e-30   3.064102e+00
 5.736113e-30   3.301298e-30   1.737532e+00
 4.416348e-30   2.571362e-30   1.717513e+00
 8.192468e-30   2.485910e-30   3.295561e+00
 5.482600e-30   3.027595e-30   1.810876e+00
 5.843995e-30   2.580218e-30   2.264923e+00
 5.550324e-30   2.705805e-30   2.051265e+00
 7.597944e-30   3.207645e-30   2.368699e+00
 5.421190e-30   2.232852e-30   2.427922e+00
 4.428907e-30   2.540184e-30   1.743538e+00
 5.937082e-30   2.347159e-30   2.529476e+00
 6.002087e-30   2.733112e-30   2.196064e+00
 5.835850e-30   2.458316e-30   2.373922e+00
 6.324577e-30   1.934717e-30   3.268993e+00
 7.371533e-30   2.703674e-30   2.726487e+00
 4.595430e-30   2.398909e-30   1.915634e+00
 5.955269e-30   2.343741e-30   2.540924e+00
 7.028376e-30   2.355481e-30   2.983839e+00
 5.724261e-30   2.526089e-30   2.266057e+00
 6.262784e-30   2.254766e-30   2.777576e+00
 5.390104e-30   2.588827e-30   2.082065e+00
 6.417866e-30   2.925405e-30   2.193838e+00
 5.225595e-30   3.097708e-30   1.686923e+00
 5.629117e-30   2.023202e-30   2.782282e+00
 5.931956e-30   2.959223e-30   2.004566e+00
 5.967820e-30   2.426272e-30   2.459666e+00
 6.075715e-30   2.957929e-30   2.054044e+00
 7.633943e-30   2.551924e-30   2.991446e+00
 5.157315e-30   2.145159e-30   2.404164e+00
 5.615185e-30   2.736760e-30   2.051764e+00
 5.546280e-30   2.499863e-30   2.218633e+00
 5.506951e-30   2.613875e-30   2.106814e+00
 5.845028e-30   3.164429e-30   1.847104e+00
 5.779938e-30   3.007531e-30   1.921821e+00
 5.368531e-30   2.500069e-30   2.147353e+00
 5.664772e-30   3.043628e-30   1.861191e+00
 5.685776e-30   2.558590e-30   2.222230e+00
 5.357583e-30   2.198821e-30   2.436570e+00
 6.598138e-30   2.922189e-30   2.257944e+00
 7.736790e-30   2.683109e-30   2.883517e+00
 5.108693e-30   2.745438e-30   1.860793e+00
 5.929242e-30   3.559896e-30   1.665566e+00
 6.479120e-30   2.313464e-30   2.800614e+00
 4.924746e-30   1.940367e-30   2.538049e+00
 5.544547e-30   3.789550e-30   1.463115e+00
 7.061357e-30   2.711272e-30   2.604444e+00
 5.322098e-30   2.254422e-30   2.360737e+00
 5.791560e-30   2.659925e-30   2.177339e+00
 5.253116e-30   2.435873e-30   2.156563e+00
 5.828781e-30   2.419960e-30   2.408626e+00
 5.821214e-30   1.995465e-30   2.917222e+00
 5.044537e-30   2.447368e-30   2.061209e+00
 6.865449e-30   2.204874e-30   3.113759e+00
 5.813988e-30   2.467054e-30   2.356652e+00
 6.348788e-30   2.389907e-30   2.656500e+00
 6.423999e-30   2.379973e-30   2.699190e+00
 5.800399e-30   2.768106e-30   2.095440e+00
 5.748689e-30   2.490337e-30   2.308398e+00
 6.474608e-30   2.312453e-30   2.799887e+00
 5.816813e-30   3.200771e-30   1.817316e+00
 5.990760e-30   2.847045e-30   2.104203e+00
 5.805273e-30   2.370749e-30   2.448709e+00
 5.633752e-30   2.765408e-30   2.037223e+00
 6.333612e-30   2.665970e-30   2.375725e+00
 5.345076e-30   2.985055e-30   1.790612e+00
 5.292371e-30   2.746809e-30   1.926734e+00
 5.742997e-30   2.310418e-30   2.485696e+00
 5.777378e-30   3.125278e-30   1.848596e+00
 5.774657e-30   2.427673e-30   2.378680e+00
 5.518702e-30   2.336802e-30   2.361647e+00
 5.714203e-30   2.249851e-30   2.539814e+00
 5.875269e-30   2.618536e-30   2.243723e+00
 4.601417e-30   2.405035e-30   1.913243e+00
 4.987414e-30   2.429785e-30   2.052615e+00
 6.566178e-30   2.825233e-30   2.324119e+00
 5.818221e-30   2.095396e-30   2.776669e+00
 6.982876e-30   2.447778e-30   2.852741e+00
 7.200322e-30   2.572714e-30   2.798727e+00
 6.116293e-30   2.587055e-30   2.364191e+00
 5.921905e-30   2.874000e-30   2.060510e+00
 4.835775e-30   2.330219e-30   2.075245e+00
 7.076755e-30   3.717083e-30   1.903846e+00
 5.948374e-30   2.467392e-30   2.410795e+00
 5.627357e-30   2.609714e-30   2.156311e+00
 5.939358e-30   2.677486e-30   2.218259e+00
