 8.355443e-30   4.220283e-30   1.979830e+00
 9.203552e-30   5.265024e-30   1.748055e+00
 7.966141e-30   6.311258e-30   1.262211e+00
 7.873527e-30   4.994915e-30   1.576308e+00
 8.146631e-30   4.353973e-30   1.871080e+00
 7.998485e-30   4.808623e-30   1.663363e+00
 8.168461e-30   4.443918e-30   1.838122e+00
 8.227544e-30   4.837474e-30   1.700793e+00
 7.927077e-30   3.957871e-30   2.002864e+00
 8.081761e-30   4.830721e-30   1.672993e+00
 8.503732e-30   4.446738e-30   1.912353e+00
 9.203018e-30   3.607703e-30   2.550936e+00
 9.014754e-30   6.064076e-30   1.486583e+00
 1.108833e-29   4.691293e-30   2.363597e+00
 7.997883e-30   4.572626e-30   1.749079e+00
 5.708782e-30   5.167607e-30   1.104725e+00
 8.377702e-30   4.213065e-30   1.988505e+00
 1.003467e-29   4.421984e-30   2.269268e+00
 9.723461e-30   3.986024e-30   2.439388e+00
 8.174912e-30   5.456715e-30   1.498138e+00
 8.000881e-30   4.534215e-30   1.764557e+00
 7.973070e-30   5.458230e-30   1.460743e+00
 8.167241e-30   4.439969e-30   1.839482e+00
 8.271278e-30   5.178365e-30   1.597276e+00
 8.335360e-30   4.080036e-30   2.042963e+00
 7.799365e-30   4.850949e-30   1.607802e+00
 6.713287e-30   4.875216e-30   1.377024e+00
 8.609930e-30   5.632438e-30   1.528633e+00
 7.904828e-30   4.338472e-30   1.822030e+00
 1.170263e-29   3.744796e-30   3.125038e+00
 7.861273e-30   6.239381e-30   1.259944e+00
 7.856520e-30   6.023663e-30   1.304276e+00
 8.218969e-30   4.270074e-30   1.924784e+00
 8.751941e-30   4.704625e-30   1.860285e+00
 1.008585e-29   4.313330e-30   2.338298e+00
 8.561416e-30   4.182650e-30   2.046888e+00
 8.164920e-30   3.644807e-30   2.240151e+00
 1.034453e-29   5.016820e-30   2.061970e+00
 8.167801e-30   4.380747e-30   1.864477e+00
 8.031282e-30   4.861660e-30   1.651963e+00
 8.969279e-30   4.997924e-30   1.794601e+00
 8.580667e-30   4.173153e-30   2.056159e+00
 8.449539e-30   5.198499e-30   1.625381e+00
 9.221177e-30   5.682239e-30   1.622807e+00
 7.467682e-30   4.730637e-30   1.578579e+00
 8.448814e-30   4.390529e-30   1.924327e+00
 1.086711e-29   4.391710e-30   2.474460e+00
 5.473869e-30   3.667999e-30   1.492331e+00
 1.060951e-29   4.547270e-30   2.333160e+00
 1.133838e-29   4.960962e-30   2.285520e+00
 1.053492e-29   5.081963e-30   2.073002e+00
 8.524021e-30   4.347704e-30   1.960580e+00
 8.253814e-30   4.510246e-30   1.830014e+00
 1.141726e-29   5.179019e-30   2.204522e+00
 8.497387e-30   6.732567e-30   1.262132e+00
 8.207404e-30   4.616366e-30   1.777893e+00
 8.297701e-30   4.975077e-30   1.667854e+00
 1.221432e-29   5.681120e-30   2.149984e+00
 1.097818e-29   5.756618e-30   1.907053e+00
 8.335959e-30   5.846981e-30   1.425686e+00
 9.669442e-30   5.768429e-30   1.676270e+00
 8.274002e-30   4.994053e-30   1.656771e+00
 7.518341e-30   4.663078e-30   1.612313e+00
 8.055554e-30   4.135572e-30   1.947869e+00
 7.993951e-30   4.431913e-30   1.803725e+00
 8.594249e-30   5.794405e-30   1.483198e+00
 1.220257e-29   4.475623e-30   2.726451e+00
 8.798793e-30   4.217190e-30   2.086411e+00
 8.866098e-30   5.489295e-30   1.615162e+00
 7.859372e-30   5.536707e-30   1.419503e+00
 8.179762e-30   4.457518e-30   1.835048e+00
 8.488787e-30   4.528630e-30   1.874471e+00
 8.050250e-30   4.252105e-30   1.893239e+00
 9.220050e-30   4.407900e-30   2.091711e+00
 1.108737e-29   4.767673e-30   2.325530e+00
 1.013252e-29   4.151064e-30   2.440946e+00
 1.053396e-29   4.971474e-30   2.118880e+00
 7.340542e-30   5.336282e-30   1.375591e+00
 8.850873e-30   4.411549e-30   2.006296e+00
 8.654497e-30   4.817334e-30   1.796532e+00
 8.747902e-30   5.215634e-30   1.677246e+00
 8.733612e-30   5.732549e-30   1.523513e+00
 1.112239e-29   5.254846e-30   2.116597e+00
 8.270183e-30   4.292339e-30   1.926731e+00
 1.106339e-29   4.643156e-30   2.382730e+00
 7.697759e-30   4.780798e-30   1.610141e+00
 9.543867e-30   4.088534e-30   2.334301e+00
 7.895651e-30   3.759664e-30   2.100095e+00
 8.878661e-30   6.132828e-30   1.447727e+00
 8.102283e-30   4.116254e-30   1.968363e+00
 5.201339e-30   5.608898e-30   9.273371e-01
 8.524279e-30   5.847452e-30   1.457777e+00
 8.268818e-30   4.476689e-30   1.847083e+00
 8.143282e-30   3.755292e-30   2.168482e+00
 7.072264e-30   4.725660e-30   1.496566e+00
 8.283170e-30   4.994268e-30   1.658535e+00
 6.696061e-30   3.979930e-30   1.682457e+00
 7.804350e-30   4.366166e-30   1.787460e+00
 7.179082e-30   5.759656e-30   1.246443e+00
 5.692456e-30   4.684587e-30   1.215146e+00
 8.664602e-30   4.660417e-30   1.859190e+00
 7.124801e-30   6.615473e-30   1.076990e+00
 7.971038e-30   4.565932e-30   1.745763e+00
 1.053706e-29   4.375734e-30   2.408068e+00
 1.025041e-29   4.241511e-30   2.416689e+00
 8.382436e-30   5.275699e-30   1.588877e+00
 9.507049e-30   4.887508e-30   1.945173e+00
 7.717057e-30   4.438033e-30   1.738846e+00
 1.078447e-29   4.570539e-30   2.359562e+00
 7.100512e-30   4.589013e-30   1.547285e+00
 8.848965e-30   5.050227e-30   1.752192e+00
 1.104225e-29   5.030724e-30   2.194963e+00
 1.080546e-29   3.992111e-30   2.706703e+00
 7.038859e-30   3.882961e-30   1.812755e+00
 7.713857e-30   4.828592e-30   1.597537e+00
 1.022355e-29   4.974546e-30   2.055173e+00
 1.116604e-29   5.638609e-30   1.980283e+00
 8.299789e-30   4.991997e-30   1.662619e+00
 7.570114e-30   4.950712e-30   1.529096e+00
 8.996482e-30   4.517623e-30   1.991419e+00
 8.766663e-30   4.422816e-30   1.982145e+00
 8.275488e-30   5.127849e-30   1.613832e+00
 7.356465e-30   3.750077e-30   1.961684e+00
 1.032601e-29   4.844329e-30   2.131566e+00
 8.953871e-30   4.556999e-30   1.964861e+00
 1.128374e-29   4.449504e-30   2.535954e+00
 9.292232e-30   5.478272e-30   1.696197e+00
 8.964450e-30   5.961296e-30   1.503775e+00
 8.386937e-30   5.976220e-30   1.403385e+00
 1.119601e-29   3.760895e-30   2.976954e+00
 7.503832e-30   4.858433e-30   1.544496e+00
 8.390966e-30   4.680873e-30   1.792607e+00
 1.040450e-29   5.546628e-30   1.875824e+00
 7.144133e-30   5.243471e-30   1.362482e+00
 8.626157e-30   5.496701e-30   1.569333e+00
 9.627557e-30   4.973186e-30   1.935893e+00
 8.190506e-30   4.232136e-30   1.935312e+00
 8.813759e-30   4.568253e-30   1.929350e+00
 7.225873e-30   4.647412e-30   1.554817e+00
 9.658994e-30   5.216879e-30   1.851489e+00
 8.118583e-30   4.856365e-30   1.671741e+00
 1.105785e-29   6.326721e-30   1.747800e+00
 8.490954e-30   5.707831e-30   1.487597e+00
 7.144336e-30   4.898284e-30   1.458539e+00
 7.745395e-30   4.849049e-30   1.597302e+00
 7.620317e-30   5.045777e-30   1.510237e+00
 8.312865e-30   5.119368e-30   1.623807e+00
 9.140140e-30   4.665460e-30   1.959108e+00
 1.080902e-29   5.338825e-30   2.024607e+00
 9.197826e-30   4.762678e-30   1.931230e+00
 1.199211e-29   5.647036e-30   2.123612e+00
 8.529298e-30   6.090624e-30   1.400398e+00
 8.025312e-30   4.040291e-30   1.986320e+00
 7.788498e-30   4.579250e-30   1.700824e+00
 8.395617e-30   4.498858e-30   1.866166e+00
 1.059526e-29   5.430913e-30   1.950918e+00
 7.703445e-30   3.601821e-30   2.138764e+00
 7.370503e-30   4.752121e-30   1.550992e+00
 7.928525e-30   5.413184e-30   1.464669e+00
 7.885272e-30   4.600383e-30   1.714047e+00
 1.084717e-29   4.555446e-30   2.381144e+00
 8.939664e-30   5.797726e-30   1.541926e+00
 8.429452e-30   5.260925e-30   1.602276e+00
 8.988241e-30   5.412927e-30   1.660514e+00
 8.390317e-30   4.593626e-30   1.826513e+00
 8.373196e-30   5.445912e-30   1.537520e+00
 8.541392e-30   5.043841e-30   1.693430e+00
 8.828520e-30   4.605242e-30   1.917059e+00
 7.613660e-30   5.670169e-30   1.342757e+00
 1.043720e-29   4.988940e-30   2.092068e+00
 6.306617e-30   6.019219e-30   1.047747e+00
 6.142182e-30   4.093403e-30   1.500508e+00
 8.768186e-30   6.211831e-30   1.411530e+00
 5.194961e-30   5.044368e-30   1.029854e+00
 7.956577e-30   4.773412e-30   1.666853e+00
 8.666042e-30   6.118189e-30   1.416439e+00
 8.250921e-30   5.070010e-30   1.627397e+00
 8.237642e-30   5.568965e-30   1.479205e+00
 1.134260e-29   5.190918e-30   2.185085e+00
 8.127823e-30   5.149937e-30   1.578237e+00
 1.175717e-29   5.029164e-30   2.337798e+00
 8.073480e-30   4.672398e-30   1.727909e+00
 7.496305e-30   4.811721e-30   1.557926e+00
 6.429911e-30   5.646465e-30   1.138750e+00
 8.234129e-30   5.486903e-30   1.500688e+00
 7.275792e-30   5.408483e-30   1.345256e+00
 6.994966e-30   4.003169e-30   1.747357e+00
 6.577237e-30   4.448644e-30   1.478481e+00
 7.730089e-30   5.493420e-30   1.407154e+00
 9.146601e-30   5.215276e-30   1.753810e+00
 8.361545e-30   5.015622e-30   1.667100e+00
 7.831364e-30   3.710066e-30   2.110842e+00
 7.895535e-30   5.086206e-30   1.552343e+00
 8.616041e-30   6.178962e-30   1.394416e+00
 8.241127e-30   5.218830e-30   1.579114e+00
 1.198490e-29   4.734056e-30   2.531635e+00
 8.788343e-30   5.819802e-30   1.510076e+00
 1.062842e-29   4.074423e-30   2.608570e+00
 8.154708e-30   4.307837e-30   1.892994e+00
 8.371772e-30   5.049683e-30   1.657881e+00
 1.064859e-29   4.801347e-30   2.217833e+00
 7.496011e-30   3.975173e-30   1.885707e+00
 7.556986e-30   4.990768e-30   1.514193e+00
 8.198591e-30   5.072707e-30   1.616216e+00
 7.217402e-30   6.569403e-30   1.098639e+00
 8.232712e-30   4.729750e-30   1.740623e+00
 9.208615e-30   5.407607e-30   1.702900e+00
 1.037644e-29   5.446374e-30   1.905202e+00
 8.814719e-30   4.827721e-30   1.825855e+00
 8.473542e-30   5.243825e-30   1.615908e+00
 9.285377e-30   4.788472e-30   1.939110e+00
 8.301755e-30   4.655276e-30   1.783300e+00
 8.280613e-30   4.742422e-30   1.746073e+00
 1.062329e-29   6.954550e-30   1.527531e+00
 1.059865e-29   5.062508e-30   2.093557e+00
 9.517184e-30   3.979287e-30   2.391681e+00
 6.143288e-30   6.234781e-30   9.853253e-01
 1.146715e-29   4.671765e-30   2.454565e+00
 8.764319e-30   5.389534e-30   1.626174e+00
 8.919883e-30   5.941072e-30   1.501393e+00
 8.423198e-30   4.414734e-30   1.907974e+00
 1.055825e-29   4.920032e-30   2.145971e+00
 8.154468e-30   5.732506e-30   1.422496e+00
 8.995747e-30   5.525459e-30   1.628054e+00
 8.449196e-30   5.898489e-30   1.432434e+00
 8.082043e-30   4.117452e-30   1.962875e+00
 9.406467e-30   4.809131e-30   1.955960e+00
 7.688597e-30   4.968596e-30   1.547439e+00
 7.626227e-30   5.680044e-30   1.342635e+00
 7.831255e-30   4.233574e-30   1.849797e+00
 6.389994e-30   6.012174e-30   1.062842e+00
 7.660506e-30   4.597271e-30   1.666316e+00
 7.606115e-30   4.479594e-30   1.697947e+00
 7.965915e-30   5.480221e-30   1.453576e+00
 8.299304e-30   5.216947e-30   1.590835e+00
 1.177173e-29   4.930543e-30   2.387512e+00
 9.827008e-30   5.657922e-30   1.736858e+00
 8.528935e-30   5.860505e-30   1.455324e+00
 1.067793e-29   4.721450e-30   2.261579e+00
 7.801923e-30   4.940655e-30   1.579127e+00
 5.257733e-30   4.251311e-30   1.236732e+00
 1.057642e-29   5.406449e-30   1.956260e+00
 8.414154e-30   5.232569e-30   1.608035e+00
 8.244486e-30   4.504699e-30   1.830197e+00
 6.042831e-30   4.860777e-30   1.243182e+00
 8.545133e-30   5.676127e-30   1.505451e+00
 7.684514e-30   3.948181e-30   1.946343e+00
 4.969888e-30   4.450602e-30   1.116678e+00
 1.021040e-29   4.322395e-30   2.362209e+00
 7.626227e-30   5.680044e-30   1.342635e+00
 8.124907e-30   3.792013e-30   2.142637e+00
 7.736363e-30   4.056392e-30   1.907203e+00
 1.119601e-29   3.760895e-30   2.976954e+00
 1.098098e-29   5.730281e-30   1.916307e+00
 7.440956e-30   5.565164e-30   1.337060e+00
 8.613442e-30   4.859950e-30   1.772332e+00
 8.408747e-30   5.684698e-30   1.479190e+00
 8.097841e-30   4.796758e-30   1.688190e+00
 8.060286e-30   4.163021e-30   1.936163e+00
 9.862180e-30   3.704923e-30   2.661912e+00
 7.971024e-30   4.835971e-30   1.648278e+00
 8.438099e-30   5.473879e-30   1.541521e+00
 8.328662e-30   5.117813e-30   1.627387e+00
 7.864744e-30   4.591064e-30   1.713055e+00
 8.360298e-30   4.505959e-30   1.855387e+00
 8.845325e-30   5.854858e-30   1.510767e+00
 8.099907e-30   3.893448e-30   2.080394e+00
 6.698376e-30   5.630605e-30   1.189637e+00
 8.907914e-30   5.134468e-30   1.734924e+00
 7.669203e-30   3.803676e-30   2.016261e+00
 8.117547e-30   4.696217e-30   1.728529e+00
 8.505208e-30   3.989977e-30   2.131643e+00
 8.371962e-30   4.054081e-30   2.065070e+00
 8.402493e-30   5.038183e-30   1.667762e+00
 8.257907e-30   4.878075e-30   1.692862e+00
 5.135913e-30   3.666710e-30   1.400687e+00
 9.031554e-30   4.711318e-30   1.916991e+00
 8.333648e-30   4.836299e-30   1.723146e+00
 8.296891e-30   4.836839e-30   1.715354e+00
 9.329007e-30   4.500149e-30   2.073044e+00
 8.320890e-30   5.266694e-30   1.579907e+00
 7.913196e-30   4.304373e-30   1.838409e+00
 7.886631e-30   5.853849e-30   1.347256e+00
 7.887948e-30   5.159793e-30   1.528733e+00
 8.225502e-30   3.749040e-30   2.194029e+00
 9.646548e-30   4.653235e-30   2.073084e+00
 9.024401e-30   5.841989e-30   1.544748e+00
 8.210431e-30   4.208206e-30   1.951052e+00
 9.878814e-30   5.038584e-30   1.960633e+00
 1.015731e-29   6.044558e-30   1.680405e+00
 8.274287e-30   4.051807e-30   2.042123e+00
 6.018871e-30   5.229630e-30   1.150917e+00
 8.780628e-30   4.696339e-30   1.869675e+00
 8.105352e-30   5.825334e-30   1.391397e+00
 5.801557e-30   3.551928e-30   1.633354e+00
 8.475102e-30   5.053399e-30   1.677109e+00
 1.026290e-29   5.709419e-30   1.797539e+00
 8.621292e-30   4.101775e-30   2.101844e+00
 8.218911e-30   4.826299e-30   1.702943e+00
 1.046406e-29   4.441548e-30   2.355949e+00
 8.513676e-30   5.461675e-30   1.558803e+00
 7.806118e-30   4.642864e-30   1.681315e+00
 1.034261e-29   4.295273e-30   2.407906e+00
 9.050063e-30   4.741328e-30   1.908761e+00
 8.548197e-30   4.486508e-30   1.905312e+00
 8.744191e-30   4.734199e-30   1.847026e+00
 8.373871e-30   4.932769e-30   1.697601e+00
 5.622164e-30   5.120080e-30   1.098062e+00
 8.527620e-30   5.741875e-30   1.485163e+00
 7.856520e-30   6.023663e-30   1.304276e+00
 7.801416e-30   4.830064e-30   1.615179e+00
 8.958993e-30   5.926833e-30   1.511599e+00
 8.503507e-30   4.486204e-30   1.895479e+00
 8.179392e-30   5.978963e-30   1.368028e+00
 8.285151e-30   5.036761e-30   1.644936e+00
 8.324787e-30   5.179589e-30   1.607229e+00
 9.911190e-30   4.535699e-30   2.185152e+00
 8.193343e-30   5.361006e-30   1.528322e+00
 8.040450e-30   5.382056e-30   1.493936e+00
 9.376089e-30   5.352030e-30   1.751875e+00
 8.179616e-30   4.860981e-30   1.682709e+00
 8.213333e-30   5.710094e-30   1.438388e+00
 8.253920e-30   4.667186e-30   1.768500e+00
 8.654815e-30   4.465938e-30   1.937961e+00
 7.956377e-30   5.181619e-30   1.535500e+00
 7.986225e-30   5.046444e-30   1.582545e+00
 4.744380e-30   4.629428e-30   1.024831e+00
 8.151387e-30   3.984057e-30   2.046002e+00
 6.734710e-30   4.001404e-30   1.683087e+00
 7.912076e-30   5.831570e-30   1.356766e+00
 1.100997e-29   5.156456e-30   2.135182e+00
 1.000483e-29   7.108900e-30   1.407366e+00
 8.001438e-30   4.578735e-30   1.747522e+00
 1.056829e-29   4.894440e-30   2.159243e+00
 5.285051e-30   4.690257e-30   1.126815e+00
 8.326895e-30   5.625493e-30   1.480207e+00
 8.568119e-30   5.221663e-30   1.640879e+00
 7.794800e-30   4.109928e-30   1.896578e+00
 7.662237e-30   3.489594e-30   2.195739e+00
 9.708703e-30   3.951671e-30   2.456860e+00
 8.505064e-30   4.583129e-30   1.855733e+00
 8.373524e-30   5.271991e-30   1.588304e+00
 7.802103e-30   3.803448e-30   2.051324e+00
 9.712418e-30   5.126426e-30   1.894579e+00
 8.782684e-30   4.811436e-30   1.825377e+00
 7.938047e-30   3.823044e-30   2.076368e+00
 8.256726e-30   4.879047e-30   1.692283e+00
 8.729498e-30   5.057470e-30   1.726060e+00
 7.291393e-30   4.890603e-30   1.490899e+00
 8.484131e-30   4.236994e-30   2.002394e+00
 7.856520e-30   6.023663e-30   1.304276e+00
 8.572628e-30   6.007389e-30   1.427014e+00
 1.008778e-29   5.843601e-30   1.726295e+00
 8.260354e-30   4.927500e-30   1.676378e+00
 8.035553e-30   5.852339e-30   1.373050e+00
 1.016216e-29   5.960042e-30   1.705048e+00
 5.218013e-30   5.344427e-30   9.763466e-01
 7.485256e-30   4.557041e-30   1.642570e+00
 1.071950e-29   4.744428e-30   2.259388e+00
 8.281617e-30   5.011765e-30   1.652435e+00
 7.860012e-30   5.556511e-30   1.414559e+00
 7.931668e-30   4.480449e-30   1.770284e+00
 8.125829e-30   5.379817e-30   1.510428e+00
 8.232963e-30   5.183135e-30   1.588414e+00
 8.141586e-30   4.975916e-30   1.636199e+00
 3.531282e-30   4.556511e-30   7.749969e-01
 7.339651e-30   5.694901e-30   1.288811e+00
 8.778686e-30   3.965352e-30   2.213848e+00
 7.171979e-30   5.784502e-30   1.239861e+00
 8.320061e-30   4.323413e-30   1.924420e+00
 9.147533e-30   4.851525e-30   1.885497e+00
 7.990241e-30   6.082734e-30   1.313594e+00
 5.684173e-30   4.072292e-30   1.395816e+00
 8.792516e-30   4.588524e-30   1.916197e+00
 8.420597e-30   4.526751e-30   1.860186e+00
 7.072470e-30   5.406714e-30   1.308090e+00
 8.523522e-30   5.580615e-30   1.527344e+00
 8.489360e-30   5.571577e-30   1.523691e+00
 1.016707e-29   5.029958e-30   2.021302e+00
 7.507264e-30   4.223770e-30   1.777385e+00
 5.369077e-30   3.919428e-30   1.369862e+00
 8.186857e-30   4.537887e-30   1.804112e+00
 8.034910e-30   4.893291e-30   1.642026e+00
 7.906073e-30   4.425297e-30   1.786563e+00
 9.050063e-30   4.741328e-30   1.908761e+00
 9.407883e-30   5.423556e-30   1.734634e+00
 7.672497e-30   3.742472e-30   2.050115e+00
 9.657436e-30   4.243281e-30   2.275936e+00
 8.031371e-30   5.035437e-30   1.594970e+00
 1.117375e-29   4.063158e-30   2.750017e+00
 7.532073e-30   4.947978e-30   1.522253e+00
 8.044094e-30   5.150959e-30   1.561669e+00
 1.057142e-29   4.410188e-30   2.397046e+00
 7.985915e-30   4.521839e-30   1.766077e+00
 6.766376e-30   3.991845e-30   1.695050e+00
 8.580599e-30   5.089123e-30   1.686066e+00
 9.437775e-30   4.701215e-30   2.007518e+00
 9.773524e-30   5.456824e-30   1.791065e+00
 8.325072e-30   4.545884e-30   1.831343e+00
 8.331980e-30   4.513347e-30   1.846076e+00
 7.502487e-30   4.301539e-30   1.744140e+00
 6.152139e-30   5.513558e-30   1.115820e+00
 9.290370e-30   3.935801e-30   2.360478e+00
 1.020212e-29   4.487252e-30   2.273578e+00
 6.372182e-30   4.799935e-30   1.327556e+00
 8.699811e-30   5.578265e-30   1.559591e+00
 8.412490e-30   4.767382e-30   1.764593e+00
 8.202269e-30   4.587467e-30   1.787973e+00
 8.171728e-30   4.778544e-30   1.710087e+00
 8.269659e-30   4.676554e-30   1.768323e+00
 7.618788e-30   5.499350e-30   1.385398e+00
 9.122644e-30   5.154092e-30   1.769981e+00
 7.178430e-30   4.693293e-30   1.529508e+00
 8.185140e-30   5.344519e-30   1.531502e+00
 8.253310e-30   4.154203e-30   1.986737e+00
 7.441557e-30   5.862488e-30   1.269351e+00
 8.522795e-30   5.166118e-30   1.649749e+00
 6.789150e-30   4.736204e-30   1.433458e+00
 8.575688e-30   4.813467e-30   1.781603e+00
 9.039771e-30   6.858522e-30   1.318035e+00
 7.968432e-30   4.008125e-30   1.988070e+00
 8.212100e-30   4.922912e-30   1.668139e+00
 8.783863e-30   4.474025e-30   1.963302e+00
 6.322012e-30   5.243673e-30   1.205646e+00
 7.396185e-30   4.692255e-30   1.576254e+00
 8.322516e-30   4.375535e-30   1.902057e+00
 7.855177e-30   3.400732e-30   2.309849e+00
 1.349981e-29   4.672626e-30   2.889127e+00
 8.358872e-30   4.939505e-30   1.692249e+00
 9.367054e-30   6.124868e-30   1.529348e+00
 8.711024e-30   4.106810e-30   2.121117e+00
 7.968667e-30   4.372323e-30   1.822525e+00
 8.947933e-30   6.197227e-30   1.443861e+00
 7.478885e-30   3.988403e-30   1.875158e+00
 8.492203e-30   5.780987e-30   1.468988e+00
 8.518438e-30   5.079482e-30   1.677029e+00
 7.956009e-30   4.865897e-30   1.635055e+00
 6.271998e-30   5.115591e-30   1.226055e+00
 1.068546e-29   3.947531e-30   2.706872e+00
 8.325945e-30   5.065614e-30   1.643620e+00
 8.930032e-30   6.323071e-30   1.412293e+00
 8.470813e-30   5.364355e-30   1.579092e+00
 1.117347e-29   4.291067e-30   2.603890e+00
 9.975335e-30   3.789913e-30   2.632075e+00
 8.838966e-30   5.552857e-30   1.591787e+00
 7.573883e-30   3.953344e-30   1.915817e+00
 1.134533e-29   4.601142e-30   2.465763e+00
 8.200163e-30   5.422750e-30   1.512178e+00
 1.107868e-29   4.047183e-30   2.737381e+00
 7.983018e-30   5.566635e-30   1.434083e+00
 8.492155e-30   5.948722e-30   1.427560e+00
 8.931095e-30   4.209136e-30   2.121835e+00
 8.560250e-30   4.348039e-30   1.968761e+00
 8.316195e-30   5.618992e-30   1.480016e+00
 8.146849e-30   5.044087e-30   1.615128e+00
 8.469420e-30   5.082325e-30   1.666446e+00
 8.324301e-30   5.432772e-30   1.532238e+00
 8.004540e-30   4.976029e-30   1.608620e+00
 8.441818e-30   5.413314e-30   1.559455e+00
 7.788271e-30   4.200549e-30   1.854108e+00
 5.365321e-30   4.374466e-30   1.226509e+00
 8.344735e-30   4.852071e-30   1.719829e+00
 6.204810e-30   5.024901e-30   1.234812e+00
 8.342586e-30   4.547558e-30   1.834520e+00
 8.149968e-30   3.995908e-30   2.039578e+00
 7.931173e-30   4.686464e-30   1.692357e+00
 7.949973e-30   4.551517e-30   1.746665e+00
 9.203018e-30   3.607703e-30   2.550936e+00
 1.107596e-29   5.341730e-30   2.073478e+00
 5.387670e-30   5.140390e-30   1.048105e+00
 8.033766e-30   4.626172e-30   1.736590e+00
 8.229537e-30   4.583047e-30   1.795648e+00
 8.611558e-30   5.248124e-30   1.640883e+00
 8.949258e-30   5.869413e-30   1.524728e+00
 8.912437e-30   4.884095e-30   1.824788e+00
 8.571929e-30   5.219591e-30   1.642261e+00
 7.883211e-30   4.034073e-30   1.954157e+00
 8.075175e-30   5.521371e-30   1.462531e+00
 8.581074e-30   5.674721e-30   1.512158e+00
 7.672578e-30   4.385905e-30   1.749372e+00
 8.520812e-30   4.886768e-30   1.743650e+00
 8.361595e-30   4.477215e-30   1.867588e+00
 8.080048e-30   4.251148e-30   1.900674e+00
 6.823828e-30   3.959990e-30   1.723193e+00
 8.244643e-30   5.094624e-30   1.618303e+00
 8.775276e-30   5.808379e-30   1.510796e+00
 1.109696e-29   4.266968e-30   2.600668e+00
 1.088484e-29   5.456128e-30   1.994976e+00
 6.746371e-30   4.150053e-30   1.625611e+00
 7.936488e-30   5.265557e-30   1.507246e+00
 9.298990e-30   4.944557e-30   1.880652e+00
 5.139847e-30   4.435618e-30   1.158767e+00
 8.513124e-30   6.090450e-30   1.397783e+00
 8.449669e-30   4.688074e-30   1.802375e+00
 6.417096e-30   4.497887e-30   1.426691e+00
 7.616500e-30   5.560456e-30   1.369762e+00
 7.993793e-30   5.245149e-30   1.524036e+00
 8.175277e-30   5.015715e-30   1.629933e+00
 8.460657e-30   4.720144e-30   1.792458e+00
 9.468735e-30   6.190661e-30   1.529519e+00
 8.800862e-30   4.360773e-30   2.018189e+00
 3.977669e-30   6.490598e-30   6.128355e-01
 3.531282e-30   4.556511e-30   7.749969e-01
 7.842535e-30   6.022221e-30   1.302266e+00
 8.231646e-30   4.760002e-30   1.729337e+00
 9.835806e-30   4.020148e-30   2.446628e+00
 9.985958e-30   4.670582e-30   2.138054e+00
 9.019383e-30   5.695427e-30   1.583618e+00
 3.898783e-30   4.564830e-30   8.540916e-01
 8.224387e-30   5.024926e-30   1.636718e+00
 8.349132e-30   3.924496e-30   2.127440e+00
 8.022522e-30   3.699148e-30   2.168749e+00
 6.475074e-30   4.673553e-30   1.385471e+00
 1.078347e-29   4.757812e-30   2.266476e+00
 8.733616e-30   5.732549e-30   1.523513e+00
 7.142007e-30   5.832018e-30   1.224620e+00
 7.864504e-30   3.564282e-30   2.206476e+00
 9.345782e-30   6.300237e-30   1.483402e+00
 8.189535e-30   5.174683e-30   1.582616e+00
 9.397022e-30   5.167145e-30   1.818610e+00
 7.647887e-30   4.334544e-30   1.764404e+00
 9.125549e-30   5.298198e-30   1.722387e+00
 7.910450e-30   4.799119e-30   1.648313e+00
 8.650271e-30   5.545726e-30   1.559809e+00
 6.234680e-30   4.832644e-30   1.290118e+00
 8.419596e-30   5.361309e-30   1.570437e+00
 8.560182e-30   5.442766e-30   1.572763e+00
 9.159617e-30   7.289559e-30   1.256539e+00
 9.020835e-30   4.805872e-30   1.877044e+00
 8.939838e-30   4.235678e-30   2.110604e+00
 9.019706e-30   4.167123e-30   2.164493e+00
 8.168734e-30   5.300725e-30   1.541060e+00
 9.315057e-30   5.143782e-30   1.810935e+00
 1.126280e-29   3.913549e-30   2.877900e+00
 1.146061e-29   4.787371e-30   2.393926e+00
 6.758609e-30   5.381417e-30   1.255916e+00
 8.817741e-30   4.378241e-30   2.013991e+00
 1.064021e-29   4.491142e-30   2.369155e+00
 8.697863e-30   4.783726e-30   1.818219e+00
 5.169155e-30   5.607424e-30   9.218413e-01
 7.911763e-30   4.405652e-30   1.795821e+00
 7.346174e-30   4.657084e-30   1.577419e+00
 7.778438e-30   3.773917e-30   2.061105e+00
 8.410148e-30   4.453416e-30   1.888471e+00
 8.306847e-30   4.789827e-30   1.734269e+00
 8.261322e-30   4.699856e-30   1.757782e+00
 8.364000e-30   4.404641e-30   1.898906e+00
 9.046048e-30   5.473468e-30   1.652709e+00
 9.732780e-30   7.299790e-30   1.333296e+00
 8.635970e-30   7.351110e-30   1.174785e+00
 8.808877e-30   4.748888e-30   1.854935e+00
 7.982632e-30   4.439501e-30   1.798092e+00
 8.801382e-30   4.410647e-30   1.995485e+00
 5.066789e-30   4.783879e-30   1.059138e+00
 9.222370e-30   5.230030e-30   1.763349e+00
 8.540239e-30   5.778926e-30   1.477824e+00
 8.228048e-30   4.627695e-30   1.778001e+00
 8.106825e-30   5.431381e-30   1.492590e+00
 8.914460e-30   5.100252e-30   1.747847e+00
 6.864734e-30   4.607912e-30   1.489771e+00
 7.971860e-30   5.261434e-30   1.515150e+00
 8.392549e-30   4.842513e-30   1.733098e+00
 7.101482e-30   5.771332e-30   1.230475e+00
 9.231631e-30   5.080036e-30   1.817237e+00
 7.022030e-30   4.180969e-30   1.679522e+00
 7.591984e-30   3.866459e-30   1.963550e+00
 9.179934e-30   4.077568e-30   2.251326e+00
 7.721280e-30   6.609540e-30   1.168202e+00
 8.794923e-30   5.082193e-30   1.730537e+00
 8.049643e-30   4.058205e-30   1.983548e+00
 9.859499e-30   4.525744e-30   2.178537e+00
 8.480418e-30   4.368306e-30   1.941352e+00
 8.373501e-30   3.665531e-30   2.284390e+00
 8.081167e-30   4.525721e-30   1.785609e+00
 5.747153e-30   4.459662e-30   1.288697e+00
 7.731700e-30   5.730051e-30   1.349325e+00
 6.252351e-30   5.199497e-30   1.202492e+00
 8.328481e-30   6.119571e-30   1.360958e+00
 7.054636e-30   3.921886e-30   1.798787e+00
 1.158040e-29   4.633478e-30   2.499288e+00
 8.291745e-30   4.545999e-30   1.823965e+00
 5.557011e-30   3.977299e-30   1.397182e+00
 8.134834e-30   5.308975e-30   1.532280e+00
 9.827008e-30   5.657922e-30   1.736858e+00
 7.930524e-30   5.421372e-30   1.462826e+00
 7.968985e-30   4.355755e-30   1.829530e+00
 8.748704e-30   5.057661e-30   1.729792e+00
 6.193741e-30   5.099381e-30   1.214606e+00
 7.875646e-30   4.346833e-30   1.811812e+00
 8.304919e-30   4.400913e-30   1.887090e+00
 8.418820e-30   5.384722e-30   1.563464e+00
 1.235705e-29   4.211111e-30   2.934393e+00
 9.493785e-30   4.910225e-30   1.933472e+00
 8.783418e-30   4.407799e-30   1.992699e+00
 8.880606e-30   4.400752e-30   2.017975e+00
 8.490548e-30   5.633641e-30   1.507115e+00
 1.098991e-29   5.515644e-30   1.992499e+00
 9.279573e-30   5.045210e-30   1.839284e+00
 1.102852e-29   5.017693e-30   2.197927e+00
 8.096573e-30   4.797551e-30   1.687647e+00
 9.274126e-30   5.083026e-30   1.824529e+00
 8.278912e-30   5.384460e-30   1.537557e+00
 9.113690e-30   5.501849e-30   1.656478e+00
 8.764319e-30   5.389534e-30   1.626174e+00
 8.647044e-30   5.857585e-30   1.476213e+00
 7.805651e-30   5.195772e-30   1.502308e+00
 8.210741e-30   5.191537e-30   1.581563e+00
 9.272489e-30   5.620133e-30   1.649870e+00
 8.385114e-30   5.197270e-30   1.613369e+00
 8.596586e-30   5.794626e-30   1.483545e+00
 1.005901e-29   4.532953e-30   2.219085e+00
 8.168800e-30   4.579930e-30   1.783608e+00
 8.245474e-30   4.223069e-30   1.952484e+00
 9.595198e-30   5.738630e-30   1.672037e+00
 8.125478e-30   4.449712e-30   1.826068e+00
 6.632907e-30   5.072572e-30   1.307602e+00
 8.220550e-30   6.146517e-30   1.337432e+00
 8.398431e-30   5.361280e-30   1.566497e+00
 7.828741e-30   4.297394e-30   1.821741e+00
 7.660506e-30   4.597271e-30   1.666316e+00
 8.939431e-30   4.016038e-30   2.225933e+00
 8.528479e-30   3.773583e-30   2.260048e+00
 8.458606e-30   4.467278e-30   1.893459e+00
 6.277656e-30   5.099439e-30   1.231048e+00
 8.172358e-30   4.468268e-30   1.828977e+00
 6.745595e-30   5.066001e-30   1.331542e+00
 8.248481e-30   5.377006e-30   1.534029e+00
 9.786146e-30   4.725890e-30   2.070752e+00
 8.468363e-30   6.477991e-30   1.307252e+00
 9.853556e-30   4.933204e-30   1.997395e+00
 8.912410e-30   5.330989e-30   1.671812e+00
 8.876125e-30   5.031910e-30   1.763967e+00
 1.005512e-29   4.234814e-30   2.374395e+00
 8.280777e-30   4.674462e-30   1.771493e+00
 9.670761e-30   4.629295e-30   2.089035e+00
 7.397817e-30   5.109576e-30   1.447834e+00
 9.015714e-30   5.218178e-30   1.727751e+00
 1.023421e-29   3.937246e-30   2.599333e+00
 9.468666e-30   6.037000e-30   1.568439e+00
 8.019880e-30   5.052680e-30   1.587253e+00
 8.791538e-30   4.267284e-30   2.060219e+00
 8.200417e-30   4.639889e-30   1.767374e+00
 6.689339e-30   5.250346e-30   1.274076e+00
 1.062786e-29   4.127013e-30   2.575194e+00
 7.879368e-30   4.156175e-30   1.895822e+00
 9.188356e-30   4.147651e-30   2.215315e+00
 8.838966e-30   5.552857e-30   1.591787e+00
 8.128241e-30   4.103050e-30   1.981024e+00
 8.082773e-30   4.470328e-30   1.808094e+00
 9.192967e-30   4.195550e-30   2.191123e+00
 7.835093e-30   4.629065e-30   1.692587e+00
 8.047102e-30   4.663583e-30   1.725519e+00
 8.696738e-30   4.553379e-30   1.909953e+00
 7.174861e-30   4.949401e-30   1.449642e+00
 6.652274e-30   5.702400e-30   1.166574e+00
 7.927809e-30   4.662331e-30   1.700396e+00
 8.085669e-30   4.264088e-30   1.896225e+00
 8.629095e-30   5.212444e-30   1.655480e+00
 7.949625e-30   4.551569e-30   1.746568e+00
 8.168051e-30   4.453039e-30   1.834264e+00
 8.088240e-30   4.886774e-30   1.655129e+00
 1.126591e-29   4.424901e-30   2.546026e+00
 8.625077e-30   3.785518e-30   2.278440e+00
 8.339345e-30   5.395772e-30   1.545533e+00
 8.609536e-30   5.991212e-30   1.437027e+00
 8.141436e-30   3.755365e-30   2.167948e+00
 9.967104e-30   5.595654e-30   1.781222e+00
 1.036240e-29   4.249209e-30   2.438666e+00
 1.034038e-29   4.806887e-30   2.151159e+00
 1.095767e-29   4.764614e-30   2.299802e+00
 8.365471e-30   5.286291e-30   1.582484e+00
 7.297943e-30   3.454611e-30   2.112522e+00
 8.200321e-30   4.649013e-30   1.763884e+00
 1.127977e-29   3.982055e-30   2.832650e+00
 6.417791e-30   4.497916e-30   1.426836e+00
 8.626812e-30   5.267365e-30   1.637785e+00
 5.538882e-30   4.370363e-30   1.267373e+00
 1.041388e-29   5.835591e-30   1.784546e+00
 8.316643e-30   4.781137e-30   1.739470e+00
 1.007844e-29   4.832011e-30   2.085765e+00
 7.157353e-30   4.992099e-30   1.433736e+00
 8.426726e-30   5.612879e-30   1.501320e+00
 7.487279e-30   4.791714e-30   1.562547e+00
 1.080796e-29   3.991377e-30   2.707828e+00
 9.261974e-30   5.354160e-30   1.729865e+00
 1.009686e-29   5.218669e-30   1.934758e+00
 8.340494e-30   4.293314e-30   1.942670e+00
 8.497953e-30   5.517813e-30   1.540094e+00
 8.231381e-30   5.196868e-30   1.583912e+00
 8.216065e-30   6.211496e-30   1.322719e+00
 9.841250e-30   4.835045e-30   2.035400e+00
 5.708782e-30   5.167607e-30   1.104725e+00
 9.599891e-30   6.105403e-30   1.572360e+00
 8.463179e-30   5.746791e-30   1.472679e+00
 1.132326e-29   4.310834e-30   2.626699e+00
 6.655669e-30   5.320011e-30   1.251063e+00
 9.002566e-30   6.466203e-30   1.392249e+00
 8.256020e-30   5.466094e-30   1.510406e+00
 8.353936e-30   4.703616e-30   1.776067e+00
 8.544494e-30   5.886707e-30   1.451490e+00
 1.031605e-29   4.418270e-30   2.334863e+00
 8.750659e-30   6.363116e-30   1.375216e+00
 8.355571e-30   5.617076e-30   1.487530e+00
 8.131264e-30   4.325444e-30   1.879868e+00
 1.031895e-29   5.311701e-30   1.942682e+00
 9.155195e-30   4.387485e-30   2.086661e+00
 7.586752e-30   5.154648e-30   1.471828e+00
 8.375388e-30   5.065414e-30   1.653446e+00
 8.418996e-30   3.785402e-30   2.224069e+00
 8.342405e-30   5.398890e-30   1.545208e+00
 8.564473e-30   5.580683e-30   1.534664e+00
 7.996576e-30   4.905787e-30   1.630029e+00
 7.543727e-30   4.967520e-30   1.518610e+00
 6.579882e-30   4.976615e-30   1.322160e+00
 8.589740e-30   3.705897e-30   2.317857e+00
 8.237799e-30   5.568883e-30   1.479255e+00
 8.504572e-30   5.447617e-30   1.561155e+00
 8.187673e-30   5.360358e-30   1.527449e+00
 9.470041e-30   5.355860e-30   1.768165e+00
 1.004214e-29   4.103094e-30   2.447455e+00
 8.490205e-30   6.253012e-30   1.357779e+00
 7.871345e-30   3.800802e-30   2.070970e+00
 7.887097e-30   4.564335e-30   1.727984e+00
 7.480315e-30   5.517218e-30   1.355813e+00
 1.011280e-29   5.086351e-30   1.988224e+00
 8.409566e-30   5.361373e-30   1.568547e+00
 8.255826e-30   5.376901e-30   1.535425e+00
 9.312648e-30   3.874960e-30   2.403288e+00
 8.369572e-30   5.568165e-30   1.503111e+00
 1.013120e-29   4.500240e-30   2.251258e+00
 1.109471e-29   4.039943e-30   2.746254e+00
 1.235705e-29   4.211111e-30   2.934393e+00
 7.632596e-30   4.513153e-30   1.691189e+00
 8.296883e-30   4.541388e-30   1.826949e+00
 9.864788e-30   3.724160e-30   2.648863e+00
 8.078985e-30   4.149644e-30   1.946910e+00
 7.965069e-30   5.228546e-30   1.523381e+00
 1.077012e-29   6.342326e-30   1.698135e+00
 7.211198e-30   5.227798e-30   1.379395e+00
 7.365068e-30   3.968641e-30   1.855816e+00
 8.317463e-30   5.361355e-30   1.551373e+00
 7.239727e-30   5.075851e-30   1.426308e+00
 8.151347e-30   4.318091e-30   1.887720e+00
 8.804902e-30   4.332135e-30   2.032463e+00
 1.076288e-29   4.488748e-30   2.397746e+00
 8.353085e-30   5.107724e-30   1.635383e+00
 9.456980e-30   4.754286e-30   1.989148e+00
 1.016369e-29   4.550061e-30   2.233747e+00
 5.861907e-30   5.537980e-30   1.058492e+00
 1.007459e-29   4.331705e-30   2.325780e+00
 8.342748e-30   4.839132e-30   1.724017e+00
 7.316020e-30   4.895105e-30   1.494558e+00
 9.166598e-30   5.491577e-30   1.669210e+00
 1.001632e-29   4.987926e-30   2.008112e+00
 7.960447e-30   4.951366e-30   1.607728e+00
 8.899030e-30   5.120520e-30   1.737915e+00
 9.003215e-30   4.824642e-30   1.866090e+00
 7.685523e-30   4.280264e-30   1.795572e+00
 8.426928e-30   4.414873e-30   1.908759e+00
 6.294814e-30   5.465749e-30   1.151684e+00
 8.014296e-30   4.186954e-30   1.914111e+00
 8.580599e-30   5.089123e-30   1.686066e+00
 8.292236e-30   5.752284e-30   1.441555e+00
 8.940424e-30   5.787251e-30   1.544848e+00
 8.958313e-30   5.511743e-30   1.625314e+00
 8.768522e-30   4.919893e-30   1.782259e+00
 7.048135e-30   4.873435e-30   1.446236e+00
 9.205765e-30   3.607549e-30   2.551806e+00
 1.013433e-29   4.206967e-30   2.408939e+00
 7.198361e-30   3.845766e-30   1.871763e+00
 8.326445e-30   5.655851e-30   1.472182e+00
 7.556442e-30   4.548224e-30   1.661405e+00
 8.564563e-30   5.151577e-30   1.662513e+00
 1.028235e-29   4.957007e-30   2.074306e+00
 8.275488e-30   5.127849e-30   1.613832e+00
 8.258898e-30   4.209775e-30   1.961838e+00
 8.109980e-30   4.455525e-30   1.820208e+00
 5.351326e-30   4.971939e-30   1.076306e+00
 8.171935e-30   4.049747e-30   2.017888e+00
 8.410570e-30   5.867288e-30   1.433468e+00
 8.423810e-30   4.920473e-30   1.711992e+00
 9.262158e-30   5.368850e-30   1.725166e+00
 7.703231e-30   5.357093e-30   1.437950e+00
 8.090212e-30   4.353169e-30   1.858465e+00
 8.755309e-30   4.375188e-30   2.001128e+00
 6.539648e-30   4.277401e-30   1.528884e+00
 8.122342e-30   4.222612e-30   1.923535e+00
 8.250466e-30   5.353557e-30   1.541119e+00
 8.912827e-30   6.529554e-30   1.364998e+00
 9.579427e-30   4.469797e-30   2.143146e+00
 1.112498e-29   4.011975e-30   2.772945e+00
 8.439905e-30   4.500519e-30   1.875318e+00
 8.329387e-30   5.524344e-30   1.507760e+00
 8.928004e-30   5.989201e-30   1.490684e+00
 6.195429e-30   4.289998e-30   1.444157e+00
 6.958139e-30   4.765852e-30   1.459999e+00
 8.783914e-30   6.909825e-30   1.271221e+00
 8.520438e-30   5.660284e-30   1.505302e+00
 7.971796e-30   4.881023e-30   1.633222e+00
 8.438789e-30   4.739315e-30   1.780593e+00
 8.574151e-30   4.678830e-30   1.832542e+00
 8.618119e-30   6.189745e-30   1.392322e+00
 8.232711e-30   4.141147e-30   1.988027e+00
 7.717818e-30   5.045343e-30   1.529691e+00
 1.044397e-29   4.662571e-30   2.239959e+00
 7.676065e-30   4.865252e-30   1.577732e+00
 8.855474e-30   6.053817e-30   1.462792e+00
 8.746816e-30   4.842552e-30   1.806241e+00
 8.316209e-30   5.427533e-30   1.532226e+00
 7.260272e-30   5.106932e-30   1.421650e+00
 7.041797e-30   4.853495e-30   1.450871e+00
 6.204810e-30   5.024901e-30   1.234812e+00
 1.033486e-29   4.149704e-30   2.490504e+00
 8.907686e-30   4.904877e-30   1.816088e+00
 8.265679e-30   5.081720e-30   1.626551e+00
 9.006012e-30   5.835695e-30   1.543263e+00
 8.634568e-30   6.161315e-30   1.401416e+00
 7.874428e-30   6.175277e-30   1.275154e+00
 8.176085e-30   5.425420e-30   1.506996e+00
 8.146330e-30   5.440461e-30   1.497360e+00
 1.001721e-29   6.050311e-30   1.655653e+00
 8.298795e-30   4.948161e-30   1.677147e+00
 8.543805e-30   5.631671e-30   1.517099e+00
 8.843652e-30   4.584840e-30   1.928890e+00
 7.316020e-30   4.895105e-30   1.494558e+00
 8.539961e-30   5.451965e-30   1.566400e+00
 1.170242e-29   4.331489e-30   2.701708e+00
 8.340479e-30   4.908662e-30   1.699135e+00
 6.934545e-30   5.134946e-30   1.350461e+00
 8.165137e-30   4.494457e-30   1.816712e+00
 7.950139e-30   4.598754e-30   1.728760e+00
 8.240953e-30   5.147789e-30   1.600872e+00
 7.855189e-30   3.400731e-30   2.309853e+00
 7.888812e-30   4.521407e-30   1.744769e+00
 8.012662e-30   4.109058e-30   1.950000e+00
 8.468186e-30   4.152514e-30   2.039291e+00
 7.620317e-30   5.045777e-30   1.510237e+00
 1.077610e-29   4.241825e-30   2.540439e+00
 1.124365e-29   5.532131e-30   2.032427e+00
 5.164917e-30   4.504268e-30   1.146672e+00
 1.007784e-29   4.695107e-30   2.146455e+00
 8.320890e-30   5.266694e-30   1.579907e+00
 8.110032e-30   4.744040e-30   1.709520e+00
 9.786767e-30   4.119006e-30   2.376002e+00
 8.128020e-30   4.347762e-30   1.869472e+00
 1.020752e-29   4.794404e-30   2.129049e+00
 7.829158e-30   4.412969e-30   1.774125e+00
 6.234680e-30   4.832644e-30   1.290118e+00
 8.271636e-30   4.774042e-30   1.732627e+00
 9.783988e-30   3.973617e-30   2.462238e+00
 6.229757e-30   4.285498e-30   1.453683e+00
 9.467359e-30   4.327362e-30   2.187790e+00
 7.473846e-30   4.980364e-30   1.500663e+00
 8.102293e-30   4.537621e-30   1.785582e+00
 7.407372e-30   4.741001e-30   1.562407e+00
 7.292744e-30   4.436531e-30   1.643794e+00
 6.833659e-30   5.570816e-30   1.226689e+00
 7.839409e-30   4.853886e-30   1.615079e+00
 8.617418e-30   5.009114e-30   1.720348e+00
 1.080759e-29   5.041120e-30   2.143887e+00
 9.822438e-30   4.261418e-30   2.304970e+00
 4.831300e-30   4.609231e-30   1.048179e+00
 8.858036e-30   5.242727e-30   1.689586e+00
 7.862218e-30   4.900772e-30   1.604281e+00
 1.188421e-29   7.097110e-30   1.674513e+00
 8.845305e-30   7.188902e-30   1.230411e+00
 8.326524e-30   4.077773e-30   2.041929e+00
 6.198361e-30   5.141212e-30   1.205623e+00
 9.492968e-30   5.325508e-30   1.782547e+00
 1.054320e-29   6.318670e-30   1.668579e+00
 7.768526e-30   4.694688e-30   1.654748e+00
 7.644178e-30   5.757627e-30   1.327661e+00
 7.885523e-30   5.964321e-30   1.322116e+00
 8.534518e-30   5.385392e-30   1.584753e+00
 1.125526e-29   5.142099e-30   2.188845e+00
 9.665194e-30   5.690304e-30   1.698537e+00
 8.212606e-30   4.791958e-30   1.713831e+00
 6.016403e-30   4.354890e-30   1.381528e+00
 8.148689e-30   4.855724e-30   1.678161e+00
 1.280760e-29   4.520353e-30   2.833319e+00
 8.219805e-30   4.764288e-30   1.725296e+00
 1.114251e-29   4.434901e-30   2.512460e+00
 8.262975e-30   4.927028e-30   1.677071e+00
 8.912095e-30   4.962636e-30   1.795839e+00
 8.019149e-30   4.866043e-30   1.647982e+00
 1.013941e-29   6.428740e-30   1.577200e+00
 6.202991e-30   5.024985e-30   1.234430e+00
 7.553737e-30   5.091908e-30   1.483479e+00
 8.501537e-30   4.087173e-30   2.080053e+00
 8.071854e-30   4.981387e-30   1.620403e+00
 8.003194e-30   6.615078e-30   1.209841e+00
 7.005517e-30   4.843834e-30   1.446275e+00
 8.829259e-30   5.038368e-30   1.752405e+00
 5.406761e-30   4.041341e-30   1.337863e+00
 5.574368e-30   4.217001e-30   1.321880e+00
 5.290152e-30   3.596587e-30   1.470881e+00
 8.308376e-30   4.752136e-30   1.748345e+00
 8.405903e-30   5.044609e-30   1.666314e+00
 9.693365e-30   5.354175e-30   1.810431e+00
 8.564355e-30   5.059327e-30   1.692786e+00
 1.001989e-29   5.184052e-30   1.932831e+00
 9.767279e-30   4.855818e-30   2.011459e+00
 1.034789e-29   5.013565e-30   2.063978e+00
 1.008403e-29   4.709618e-30   2.141158e+00
 7.699313e-30   4.729631e-30   1.627889e+00
 8.021535e-30   4.434329e-30   1.808962e+00
 7.942767e-30   4.906234e-30   1.618913e+00
 7.955257e-30   4.303466e-30   1.848570e+00
 9.538309e-30   5.231069e-30   1.823396e+00
 8.305650e-30   5.415672e-30   1.533632e+00
 1.025451e-29   5.066433e-30   2.024009e+00
 8.894768e-30   6.758155e-30   1.316153e+00
 1.050623e-29   4.175340e-30   2.516257e+00
 6.701415e-30   4.005309e-30   1.673133e+00
 8.692649e-30   4.778948e-30   1.818946e+00
 8.999881e-30   4.135305e-30   2.176352e+00
 8.334998e-30   6.069064e-30   1.373358e+00
 5.304305e-30   4.761752e-30   1.113940e+00
 1.203729e-29   4.648845e-30   2.589309e+00
 7.846864e-30   5.657730e-30   1.386928e+00
 8.316643e-30   4.781137e-30   1.739470e+00
 7.487356e-30   5.053427e-30   1.481639e+00
 1.033558e-29   5.934970e-30   1.741472e+00
 7.781585e-30   4.146879e-30   1.876492e+00
 4.918155e-30   4.704258e-30   1.045469e+00
 8.659151e-30   4.342663e-30   1.993973e+00
 8.836348e-30   5.067227e-30   1.743823e+00
 8.415729e-30   4.557286e-30   1.846654e+00
 9.245096e-30   3.553688e-30   2.601550e+00
 1.043294e-29   5.010536e-30   2.082200e+00
 5.939109e-30   4.449907e-30   1.334659e+00
 7.372528e-30   4.353946e-30   1.693298e+00
 9.763680e-30   4.376714e-30   2.230824e+00
 8.080888e-30   4.697724e-30   1.720171e+00
 8.920203e-30   4.164994e-30   2.141708e+00
 8.471479e-30   4.807921e-30   1.761984e+00
 7.832545e-30   5.387061e-30   1.453955e+00
 7.459598e-30   5.827505e-30   1.280067e+00
 7.866198e-30   3.757349e-30   2.093550e+00
 8.626157e-30   5.496701e-30   1.569333e+00
 8.572090e-30   4.497645e-30   1.905906e+00
 8.308384e-30   5.466551e-30   1.519858e+00
 1.100599e-29   4.726716e-30   2.328465e+00
 7.547599e-30   4.009059e-30   1.882636e+00
 7.974394e-30   5.047693e-30   1.579810e+00
 9.652072e-30   4.622488e-30   2.088068e+00
 8.130849e-30   4.846239e-30   1.677765e+00
 8.647044e-30   5.857585e-30   1.476213e+00
 8.402196e-30   5.573746e-30   1.507459e+00
 8.229004e-30   4.627617e-30   1.778238e+00
 8.654921e-30   5.660310e-30   1.529054e+00
 8.138639e-30   4.745448e-30   1.715041e+00
 7.750791e-30   4.042471e-30   1.917340e+00
 8.003021e-30   5.337535e-30   1.499385e+00
 1.168251e-29   5.009255e-30   2.332186e+00
 7.208088e-30   5.136552e-30   1.403293e+00
 8.639727e-30   6.600542e-30   1.308942e+00
 7.763050e-30   4.282835e-30   1.812596e+00
 6.142099e-30   3.610032e-30   1.701397e+00
 9.501314e-30   7.015865e-30   1.354261e+00
 9.312712e-30   5.047308e-30   1.845085e+00
 7.942293e-30   4.181912e-30   1.899201e+00
 8.251149e-30   4.931658e-30   1.673098e+00
 6.739199e-30   4.521406e-30   1.490510e+00
 8.055485e-30   4.478333e-30   1.798769e+00
 8.369645e-30   3.714740e-30   2.253090e+00
 6.778739e-30   4.541595e-30   1.492590e+00
 9.539321e-30   4.087862e-30   2.333572e+00
 8.362877e-30   4.571624e-30   1.829301e+00
 8.356830e-30   4.405549e-30   1.896887e+00
 8.703675e-30   4.379343e-30   1.987439e+00
 8.264539e-30   5.140671e-30   1.607677e+00
 8.207404e-30   4.616366e-30   1.777893e+00
 8.678004e-30   4.287508e-30   2.024020e+00
 8.377180e-30   5.948417e-30   1.408304e+00
 8.549675e-30   5.275261e-30   1.620711e+00
 8.227809e-30   4.427931e-30   1.858161e+00
 7.206826e-30   5.121400e-30   1.407199e+00
 8.706009e-30   4.925176e-30   1.767654e+00
 7.643275e-30   5.521142e-30   1.384365e+00
 7.885285e-30   5.115505e-30   1.541448e+00
 8.136544e-30   4.282401e-30   1.899996e+00
 8.491460e-30   5.783348e-30   1.468260e+00
 7.124120e-30   4.393160e-30   1.621639e+00
 8.684163e-30   4.315285e-30   2.012420e+00
 8.593813e-30   4.154546e-30   2.068533e+00
 8.378435e-30   4.857968e-30   1.724679e+00
 5.910682e-30   4.442650e-30   1.330441e+00
 5.964017e-30   4.475908e-30   1.332471e+00
 1.032308e-29   5.249096e-30   1.966640e+00
 8.078056e-30   3.891314e-30   2.075920e+00
 9.744234e-30   4.519710e-30   2.155942e+00
 1.074198e-29   4.786736e-30   2.244115e+00
 8.715152e-30   4.808743e-30   1.812355e+00
 8.155722e-30   5.316942e-30   1.533912e+00
 7.191668e-30   4.340896e-30   1.656724e+00
 1.009070e-29   6.915873e-30   1.459064e+00
 8.405770e-30   4.565348e-30   1.841211e+00
 8.859260e-30   4.841982e-30   1.829676e+00
 8.569726e-30   4.965767e-30   1.725761e+00
