0.930041
0.744939
0.656545
0.602934
0.570331
0.553846
0.529225
0.513934
0.506029
0.497689
0.493497
0.494616
0.490553
0.48654
0.482036
0.481911
0.480272
0.478824
0.477215
0.476758
0.475094
0.473767
0.473387
0.472273
0.470693
0.470973
0.47171
0.471815
0.471139
0.471582
0.47179
0.472491
0.472666
0.473758
0.474019
0.472846
0.473667
0.472079
0.472203
0.472638
0.472577
0.472443
0.473654
0.474403
0.475644
0.475384
0.476181
0.474893
0.475294
0.474497
0.474096
0.475244
0.475989
0.474761
0.47389
0.474248
0.475797
0.476154
0.47648
0.476142
0.474917
0.475036
0.476071
0.477176
0.478055
0.477744
0.477462
0.477791
0.478039
0.478293
0.478697
0.479551
0.48046
0.48023
0.479887
0.479988
0.481002
0.481086
0.480772
0.47996
0.480289
0.480182
0.480317
0.480875
0.48132
0.481614
0.48151
0.481276
0.481167
0.481223
0.482197
0.481492
0.481813
0.482476
0.482481
0.482524
0.482306
0.481691
0.482162
0.482038
0.482045
0.481923
0.4822
0.483164
0.483582
0.483338
0.482996
0.483294
0.483224
0.48343
0.483585
0.484198
0.484399
0.483925
0.483981
0.484351
0.484063
0.48398
0.484213
0.483749
0.483687
0.484265
0.484188
0.484199
0.48459
0.484799
0.485123
0.484936
0.484777
0.485072
0.48529
0.485323
0.485734
0.48573
0.485884
0.486484
0.486703
0.486652
0.486591
0.486849
0.487225
0.487186
0.486939
0.486931
0.486797
0.487187
0.48748
0.487734
0.487807
0.487857
0.488185
0.488177
0.488599
0.488833
0.488632
0.488846
0.48939
0.489478
0.490085
0.490057
0.49004
0.490139
0.490232
0.490433
0.490539
0.490793
0.49087
0.491371
0.491683
0.49169
0.492051
0.492136
0.492299
0.491922
0.491598
0.492181
0.492551
0.492779
0.493119
0.493253
0.493281
0.493422
0.493648
0.493702
0.493482
0.49344
0.493408
0.493359
0.492994
0.492876
0.492791
0.493
0.493272
0.493069
0.492896
0.492932
0.493115
0.493396
0.493734
0.493956
0.494345
0.494467
0.494511
0.494658
0.494889
0.495196
0.495398
0.495392
0.495607
0.495677
0.495671
0.495782
0.495877
0.495763
0.495971
0.49616
0.495893
0.495984
0.496067
0.49622
0.496371
0.496619
0.496446
0.496381
0.496241
0.496233
0.496428
0.496653
0.496929
0.49724
0.497459
0.497515
0.497487
0.497505
0.497486
0.497392
0.497142
0.497027
0.496885
0.496898
0.496918
0.497171
0.497371
0.497425
0.497514
0.497381
0.497533
0.497493
0.497538
0.49754
0.497712
0.497637
0.497751
0.497453
0.497705
0.497548
0.497722
0.497937
0.497944
0.498149
0.498299
0.498723
0.498654
0.498505
0.498691
0.498809
0.499072
0.499141
0.499269
0.499436
0.499444
0.499648
0.499747
0.499877
0.499807
0.500019
0.499955
0.500006
0.499898
0.499803
0.499949
0.500025
0.499893
0.500138
0.500181
0.500155
0.500248
0.500376
0.500553
0.500472
0.500702
0.500669
