0.892593
0.676413
0.583117
0.537388
0.5
0.486974
0.461538
0.443948
0.431768
0.42682
0.423994
0.42234
0.42339
0.424458
0.422187
0.420438
0.420523
0.418489
0.418294
0.42059
0.416833
0.415725
0.413841
0.412941
0.410597
0.411403
0.411063
0.408873
0.406444
0.404573
0.404165
0.404625
0.406883
0.407623
0.405698
0.405127
0.405336
0.404784
0.404904
0.406137
0.407582
0.408453
0.409704
0.409724
0.409308
0.409851
0.409402
0.410791
0.412737
0.413478
0.412667
0.413151
0.413335
0.412307
0.412123
0.412815
0.411987
0.412184
0.410849
0.411087
0.409043
0.409321
0.410758
0.410827
0.41134
0.410925
0.410029
0.408961
0.408223
0.409362
0.409705
0.409665
0.410107
0.410295
0.409453
0.410365
0.410769
0.410714
0.41052
0.410598
0.411182
0.411403
0.411284
0.412133
0.412616
0.412835
0.412256
0.411533
0.411738
0.411847
0.412683
0.411603
0.411803
0.412451
0.411976
0.412705
0.41264
0.411615
0.411929
0.412423
0.412644
0.412842
0.413666
0.414328
0.414268
0.414464
0.414046
0.41468
0.41563
0.415875
0.415715
0.417212
0.417302
0.416552
0.417115
0.417859
0.417481
0.416253
0.416309
0.41545
0.415272
0.415781
0.415663
0.415895
0.416749
0.416486
0.416667
0.416069
0.416322
0.41664
0.416531
0.416281
0.416322
0.416603
0.416879
0.416941
0.41737
0.417298
0.417468
0.418259
0.418799
0.418747
0.418855
0.418892
0.418679
0.418567
0.419085
0.418995
0.419255
0.418928
0.41876
0.418883
0.419088
0.419158
0.418756
0.419539
0.419729
0.419883
0.420185
0.420395
0.420358
0.420184
0.420214
0.419979
0.420086
0.419567
0.419755
0.420224
0.420466
0.420413
0.420493
0.420513
0.421029
0.420939
0.420929
0.421227
0.421286
0.421164
0.421416
0.421461
0.421245
0.421471
0.421728
0.421867
0.422144
0.421922
0.422559
0.421964
0.421939
0.421975
0.422195
0.42258
0.422586
0.422162
0.422021
0.422293
0.422368
0.423077
0.423592
0.423666
0.424082
0.42423
0.424052
0.424478
0.424915
0.424964
0.42524
0.425604
0.425696
0.425667
0.42568
0.425781
0.42599
0.426387
0.426558
0.426341
0.426244
0.426388
0.426461
0.42657
0.426773
0.426753
0.426914
0.427229
0.427147
0.427335
0.42727
0.427446
0.427477
0.428075
0.428073
0.427997
0.428296
0.428139
0.428175
0.427832
0.427966
0.427969
0.427816
0.427333
0.427543
0.427634
0.427902
0.427625
0.427657
0.427836
0.427648
0.427559
0.427437
0.427457
0.427702
0.427566
0.42732
0.427123
0.427287
0.427257
0.427462
0.427481
0.427544
0.427682
0.427736
0.427896
0.427906
0.427772
0.427562
0.427883
0.428142
0.427956
0.428018
0.427807
0.427899
0.42786
0.427988
0.427987
0.427812
0.427786
0.427854
0.42806
0.428217
0.428157
0.428166
0.428024
0.428101
0.428269
0.428079
0.428317
0.42848
0.428624
0.428848
0.428952
0.429326
0.429153
