0.438202
0.4764
0.473181
0.481295
0.472431
0.472633
0.469818
0.465651
0.457619
0.461521
0.460721
0.458173
0.459194
0.458261
0.458077
0.458798
0.459575
0.460434
0.46153
0.465902
0.469223
0.470872
0.473831
0.476291
0.47619
0.475163
0.474894
0.473614
0.473764
0.474218
0.473755
0.473438
0.474324
0.474582
0.473764
0.475423
0.474626
0.474505
0.475117
0.475124
0.474939
0.475067
0.475624
0.474625
0.473891
0.474231
0.475465
0.476364
0.475959
0.4759
0.475359
0.476156
0.477129
0.476825
0.477302
0.478111
0.477132
0.477202
0.477291
0.478024
0.478483
0.477858
0.478314
0.477897
0.477089
0.477326
0.477638
0.478289
0.478486
0.477717
0.477554
0.477371
0.477238
0.477475
0.4778
0.477589
0.477508
0.4773
0.477444
0.477879
0.47777
0.477022
0.477099
0.477933
0.477518
0.4771
0.476637
0.475831
0.476363
0.476308
0.475926
0.47583
0.475991
0.476529
0.47701
0.476129
0.476034
0.476833
0.477094
0.476976
0.47727
0.477591
0.477291
0.476937
0.476919
0.477305
0.477326
0.477093
0.47699
0.477062
0.476704
0.476818
0.477046
0.477029
0.476965
0.476779
0.47725
0.477151
0.476595
0.476708
0.476831
0.476298
0.476446
0.476717
0.476902
0.476681
0.476713
0.476672
0.476439
0.476444
0.476467
0.476378
0.476
0.476402
0.476515
0.476845
0.47688
0.476706
0.476642
0.476351
0.476348
0.476099
0.476419
0.476292
0.476082
0.476273
0.476292
0.47653
0.476799
0.47675
0.4768
0.476701
0.476916
0.47706
0.477119
0.477228
0.477106
0.477242
0.47708
0.477186
0.477279
0.477183
0.477219
0.477089
0.476837
0.476895
0.477217
0.477367
0.477623
0.477331
0.477438
0.477588
0.477479
0.477412
0.477468
0.477325
0.477084
0.476854
0.476966
0.476774
0.477009
0.477139
0.477125
0.476816
0.476693
0.476638
0.476533
0.476637
0.47676
0.476843
0.477007
0.476893
0.476777
0.476611
0.476849
0.47687
0.477026
0.477098
0.477157
0.477162
0.476882
0.477063
0.47721
0.477178
0.47729
0.477486
0.477535
0.477476
0.477379
0.47758
0.477454
0.477421
0.477404
0.477454
0.477377
0.477367
0.477381
0.477319
0.477089
0.477217
0.477429
0.477539
0.477612
0.477851
0.477772
0.477725
0.477799
0.47776
0.477538
0.477415
0.47755
0.477585
0.477605
0.47772
0.477609
0.477653
0.477693
0.477899
0.478024
0.477978
0.478056
0.478242
0.478404
0.478064
0.478327
0.478211
0.478325
0.478444
0.47832
0.478169
0.478308
0.478495
0.478361
0.478153
0.477978
0.478059
0.478165
0.478169
0.478196
0.478262
0.478218
0.478241
0.478224
0.478107
0.478119
0.478145
0.478194
0.478257
0.478147
0.47808
0.478212
0.478286
0.478212
0.478348
0.47836
0.478445
0.478415
0.478527
0.478639
0.478587
0.478802
0.478633
