0.692308
0.54717
0.516807
0.512121
0.47619
0.483402
0.465849
0.463077
0.451701
0.450549
0.446759
0.456736
0.457113
0.457795
0.458689
0.461258
0.462148
0.461277
0.459393
0.459652
0.459542
0.455547
0.452229
0.449415
0.447791
0.451488
0.449937
0.45197
0.455197
0.452047
0.450425
0.450495
0.453719
0.453452
0.452272
0.447657
0.449438
0.448392
0.445642
0.446633
0.447721
0.449978
0.449163
0.451153
0.453208
0.45681
0.458006
0.460618
0.459357
0.457281
0.455743
0.455135
0.455484
0.454577
0.454138
0.455713
0.454636
0.454874
0.456746
0.457025
0.456223
0.45687
0.458802
0.458671
0.458851
0.457895
0.455933
0.455682
0.455615
0.456582
0.458436
0.459699
0.46054
0.461136
0.457881
0.458004
0.457807
0.457457
0.456747
0.456055
0.456365
0.455389
0.454995
0.455625
0.455801
0.455168
0.454771
0.454566
0.454767
0.454067
0.453617
0.453095
0.453399
0.45285
0.452066
0.451981
0.451726
0.451351
0.452477
0.453748
0.453901
0.454403
0.454668
0.454336
0.454425
0.452933
0.454562
0.455757
0.455647
0.455175
0.455055
0.454252
0.45286
0.451288
0.451438
0.452381
0.451724
0.451447
0.451327
0.451804
0.452289
0.452353
0.452684
0.452299
0.452308
0.451986
0.452309
0.452083
0.451801
0.451618
0.450776
0.450615
0.450504
0.450448
0.450717
0.450998
0.450679
0.450548
0.449714
0.44984
0.450767
0.449626
0.448656
0.449496
0.450198
0.45014
0.450775
0.450437
0.4502
0.449692
0.44891
0.449668
0.448647
0.44907
0.449142
0.449881
0.450289
0.450046
0.45
0.449968
0.450322
0.450978
0.450978
0.451515
0.4515
0.451372
0.451637
0.451923
0.452048
0.452349
0.452826
0.452878
0.453324
0.453181
0.453253
0.453571
0.453044
0.452956
0.452984
0.452562
0.453376
0.454473
0.454133
0.45352
0.453658
0.453418
0.453061
0.452576
0.452195
0.452068
0.451757
0.451931
0.451582
0.451079
0.450241
0.450032
0.449344
0.450163
0.450639
0.450923
0.450909
0.45122
0.451955
0.451818
0.452281
0.452187
0.452301
0.452604
0.453177
0.453064
0.452881
0.453275
0.453963
0.454037
0.45427
0.454095
0.454545
0.454896
0.455451
0.456175
0.456359
0.456838
0.456271
0.455965
0.456034
0.456129
0.456737
0.457138
0.456753
0.45676
0.456628
0.45639
0.456834
0.456889
0.457197
0.457115
0.456838
0.456524
0.456068
0.45631
0.455936
0.455726
0.456299
0.456599
0.455759
0.456014
0.455688
0.455644
0.455085
0.455105
0.455539
0.455557
0.455864
0.455316
0.455403
0.454973
0.454986
0.454917
0.454701
0.454302
0.454523
0.454458
0.45437
0.454073
0.454082
0.454682
0.454359
0.45418
0.454068
0.454595
0.454899
0.454553
0.45482
0.454587
0.454706
0.45474
0.455177
0.45516
0.455544
0.455279
0.455099
0.45539
0.45559
0.455228
0.455185
0.455243
0.455502
0.455372
0.455236
0.455055
0.454954
0.45467
