0.0167598
0.0205882
0.0235294
0.0231884
0.0256709
0.0252182
0.0252525
0.0259067
0.0245358
0.0256563
0.0258572
0.0266383
0.0295316
0.0291829
0.0285848
0.0282765
0.0278373
0.0288779
0.0293534
0.0294793
0.028582
0.0291053
0.0287895
0.0279367
0.0276603
0.0276366
0.0274353
0.0272455
0.0266238
0.0267045
0.0262503
0.0261738
0.0272415
0.0266425
0.0273973
0.0272817
0.0271581
0.027381
0.0277131
0.0278539
0.027983
0.0281072
0.0275922
0.0274493
0.0274143
0.027165
0.0275377
0.0272297
0.0273203
0.0269033
0.0277674
0.0273063
0.0273848
0.0280007
0.0279831
0.0274991
0.0272851
0.027259
0.0273813
0.026974
0.027088
0.0272929
0.0268834
0.0269521
0.0268385
0.0267844
0.0271787
0.0275229
0.0275743
0.027234
0.0273377
0.0270121
0.0269789
0.0267243
0.0268143
0.0270199
0.0272029
0.0270235
0.0269412
0.0267857
0.0269733
0.0269042
0.0270993
0.0269555
0.0266476
0.0267247
0.0267691
0.0267127
0.026802
0.0267525
0.0268396
0.0273533
0.0272169
0.0271798
0.0269078
0.0268342
0.0266793
0.026618
0.0264599
0.0264398
0.0263078
0.026178
0.0259662
0.0260757
0.0259179
0.0261285
0.0260744
0.0259504
0.0260184
0.0261352
0.0260829
0.0259776
0.0260192
0.0260625
0.0260956
0.0259659
0.0259384
0.0259045
0.0259491
0.0259359
0.025848
0.0258246
0.0258752
0.0259958
0.0258908
0.025766
0.025908
0.0257078
0.0256928
0.0255855
0.0257695
0.0257382
0.0257315
0.0258607
0.025782
0.0259421
0.0261234
0.0260791
0.0260804
0.0260389
0.0259355
0.0259979
0.0258135
0.0256987
0.0258552
0.0259712
0.026069
0.0259979
0.0259704
0.026013
0.0259416
0.0259292
0.0258591
0.0258157
0.0258352
0.0256738
0.0257164
0.0259016
0.0259929
0.0259434
0.0259766
0.0260943
0.0261972
0.0262754
0.0263242
0.0262608
0.0263539
0.0264408
0.0265349
0.026389
0.0263174
0.026393
0.0263798
0.0264352
0.0264092
0.0264639
0.0264115
0.0264547
0.0263795
0.0264209
0.0263573
0.0262806
0.0261941
0.026119
0.026073
0.0259918
0.025974
0.0260246
0.0259478
0.0261113
0.026206
0.0261789
0.0262593
0.0261947
0.0262097
0.0262016
0.0261001
0.0261589
0.02623
0.026334
0.0263214
0.0262034
0.026128
0.0260107
0.0261244
0.0261961
0.026175
0.0261568
0.0261401
0.0260781
0.0260062
0.0260008
0.0260787
0.0259449
0.0259856
0.0259971
0.0259376
0.0259288
0.0259265
0.0260958
0.0260381
0.0260622
0.0260532
0.0260529
0.0260476
0.0260399
0.0261666
0.0262539
0.02619
0.0261697
0.0260809
0.0260745
0.0260549
0.0260402
0.0261279
0.0261515
0.0260424
0.0260862
0.0262068
0.026193
0.0261417
0.0261319
0.0261606
0.0261461
0.0262105
0.0261844
0.0262079
0.0261353
0.0260178
0.0259589
0.0260242
0.0259318
0.0258389
0.0258163
0.0258059
0.0257567
0.0257595
0.0256958
0.0258056
0.02574
0.0256983
0.0256759
0.0256873
0.025793
0.0257799
0.0257732
0.025753
0.0257753
0.0258088
0.0259579
0.0259404
0.0258864
0.0259026
0.0259014
0.0259669
0.0259877
0.0260033
0.026032
0.025973
0.0260756
0.0260199
0.0259402
0.0259012
0.0258935
0.0259937
0.0260466
0.0260624
0.0260534
0.0260613
0.0260093
0.0260347
0.026132
