dataset0     5.111e-31   2.356e-30   0.217   1.090e-29   7.772e-30   1.465
dataset1    -1.466e-29   1.421e-29  -1.031   3.857e-30   1.274e-29   0.316
dataset2     2.800e-31   2.373e-30   0.118  -1.512e-30   6.991e-30  -0.232
dataset3    -7.753e-30   1.070e-29  -0.724   4.751e-29   1.991e-29   2.427
dataset4     1.251e-29   4.943e-30   2.531   4.623e-29   1.306e-29   3.659
dataset5     1.560e-29   5.107e-30   3.054   1.892e-29   9.563e-30   2.055
dataset6     6.498e-30   5.986e-30   1.085   5.017e-29   1.581e-29   3.252
dataset7     3.906e-31   4.781e-30   0.082   2.773e-29   1.775e-29   1.593
dataset8    -1.981e-31   7.610e-30  -0.026   8.637e-30   1.640e-29   0.565
dataset9    -6.476e-30   9.865e-30  -0.657   7.161e-30   1.566e-29   0.475
dataset10    3.619e-30   7.121e-30   0.508   2.842e-29   1.503e-29   1.932
dataset11    6.231e-30   5.409e-30   1.152   1.787e-29   1.471e-29   1.306
dataset12    1.021e-29   7.290e-30   1.401   2.096e-29   1.277e-29   1.682
dataset13    6.643e-30   5.179e-30   1.283   2.192e-29   1.300e-29   1.755
dataset14    6.354e-30   7.523e-30   0.845   2.204e-29   1.404e-29   1.604
dataset15   -4.871e-31   3.173e-30  -0.154   1.902e-29   1.159e-29   1.710
dataset16    2.719e-30   5.100e-30   0.533   2.517e-29   1.506e-29   1.725
dataset17    1.895e-29   6.251e-30   3.032   3.445e-29   1.144e-29   3.117
dataset18    8.257e-30   6.320e-30   1.306   1.641e-29   1.301e-29   1.279
dataset19   -3.659e-30   1.027e-29  -0.356  -2.154e-30   1.163e-29  -0.194
dataset20    1.423e-29   1.096e-29   1.298   3.809e-29   1.528e-29   2.552
dataset21    8.615e-30   8.110e-30   1.062   1.381e-29   1.360e-29   1.032
dataset22    7.275e-31   9.116e-30   0.080   2.480e-29   1.513e-29   1.683
dataset23    1.215e-29   5.257e-30   2.310   2.866e-29   9.601e-30   3.071
dataset24    1.236e-30   6.376e-30   0.194   2.763e-29   1.580e-29   1.765
dataset25    7.726e-30   8.407e-30   0.919   1.203e-29   1.354e-29   0.921
dataset26    1.574e-29   7.994e-30   1.969   3.493e-29   1.405e-29   2.563
dataset27    5.092e-30   9.973e-30   0.511   1.340e-29   1.351e-29   1.020
dataset28    2.483e-30   7.005e-30   0.354   1.417e-29   1.460e-29   0.991
dataset29   -5.560e-30   5.907e-30  -0.941   2.507e-30   1.408e-29   0.167
dataset30    4.479e-30   8.704e-30   0.515   2.059e-29   1.410e-29   1.512
dataset31    1.075e-29   4.668e-30   2.303   6.001e-29   1.447e-29   4.275
dataset32    3.450e-30   6.250e-30   0.552   4.685e-30   9.816e-30   0.453
dataset33   -4.134e-30   3.471e-30  -1.191  -5.112e-30   1.036e-29  -0.491
dataset35   -5.004e-30   6.974e-30  -0.718   1.536e-29   1.207e-29   1.306
dataset36    3.173e-30   9.009e-30   0.352   7.897e-30   1.515e-29   0.529
dataset37   -2.373e-30   3.112e-30  -0.762   1.172e-29   9.345e-30   1.303
dataset39   -7.527e-30   7.160e-30  -1.051   3.729e-30   1.345e-29   0.316
dataset40    7.864e-30   6.067e-30   1.296   2.422e-29   9.975e-30   2.495
dataset41    2.036e-29   9.208e-30   2.211   3.873e-29   1.539e-29   2.561
dataset42    2.238e-29   7.532e-30   2.971   3.172e-29   1.356e-29   2.405
dataset43    4.027e-30   6.401e-30   0.629   2.168e-29   1.143e-29   1.966
dataset44    2.698e-29   1.473e-29   1.832   4.066e-29   1.786e-29   2.345
dataset45    2.095e-29   9.173e-30   2.284   2.963e-29   1.366e-29   2.217
dataset46    1.959e-29   9.221e-30   2.125   3.341e-29   1.354e-29   2.524
dataset47    1.502e-29   8.152e-30   1.843   3.741e-29   1.358e-29   2.819
dataset48   -2.607e-30   2.313e-30  -1.127  -6.637e-30   1.058e-29  -0.659
dataset49   -5.795e-30   1.068e-29  -0.542  -2.975e-30   1.178e-29  -0.268
dataset50    1.877e-30   3.122e-30   0.601   1.869e-29   1.790e-29   1.059
dataset51    1.860e-29   9.765e-30   1.905   1.414e-29   1.698e-29   0.866
dataset52    1.396e-29   6.910e-30   2.019   2.490e-29   1.265e-29   2.060
dataset53    7.293e-30   1.036e-29   0.704   2.903e-29   1.602e-29   1.873
dataset54    2.512e-30   7.086e-30   0.354  -8.274e-31   9.410e-30  -0.062
dataset55    1.120e-29   5.885e-30   1.904   1.322e-29   7.486e-30   1.835
dataset56    5.237e-29   1.523e-29   3.438   4.834e-29   1.558e-29   3.177
dataset57    3.232e-29   1.008e-29   3.207   7.099e-29   1.323e-29   5.523
dataset58    2.421e-29   9.081e-30   2.666   5.459e-29   1.199e-29   4.692
dataset59    3.416e-30   3.695e-30   0.924   3.667e-29   1.497e-29   2.487
dataset61    5.779e-30   9.918e-30   0.583   1.963e-29   1.664e-29   1.191
dataset63    7.604e-30   6.074e-30   1.252   1.220e-29   1.240e-29   1.009
dataset64    4.308e-30   5.637e-30   0.764   2.244e-29   1.594e-29   1.444
dataset65    1.448e-29   6.573e-30   2.203   1.597e-29   1.417e-29   1.159
dataset66   -2.984e-30   3.325e-30  -0.897   5.483e-30   1.594e-29   0.377
dataset67    4.696e-30   1.392e-29   0.337   1.041e-29   1.774e-29   0.601
dataset68    1.644e-29   7.793e-30   2.110   3.956e-29   1.534e-29   2.640
dataset69    3.621e-30   6.546e-30   0.553   2.675e-29   1.771e-29   1.544
dataset70    3.298e-30   6.552e-30   0.503   9.838e-30   1.080e-29   0.947
dataset71    4.838e-30   8.307e-30   0.582   2.236e-29   1.465e-29   1.546
dataset72    7.252e-30   1.055e-29   0.687  -6.509e-29   1.759e-29  -3.603
dataset73    1.748e-30   5.563e-30   0.314   1.304e-29   1.184e-29   1.123
dataset74    2.350e-30   6.785e-30   0.346   6.972e-30   1.537e-29   0.499
dataset75    2.828e-29   1.197e-29   2.363   4.600e-29   1.560e-29   3.027
dataset76    5.990e-30   1.222e-29   0.490   1.376e-29   1.424e-29   1.015
dataset77   -6.943e-31   1.095e-29  -0.063   8.633e-30   1.662e-29   0.558
dataset78    8.067e-30   4.939e-30   1.633   1.211e-29   1.340e-29   0.937
dataset79   -5.398e-30   7.324e-30  -0.737   6.966e-30   1.365e-29   0.514
dataset80    4.907e-31   1.786e-30   0.275   2.555e-29   1.271e-29   2.091
dataset81    6.757e-30   6.250e-30   1.081   1.492e-29   1.077e-29   1.430
dataset82    4.960e-30   1.148e-29   0.432   1.180e-29   1.533e-29   0.788
dataset83    1.437e-29   1.007e-29   1.426   1.967e-29   1.400e-29   1.459
dataset84    1.486e-29   6.218e-30   2.390   3.039e-29   1.153e-29   2.717
dataset85   -7.035e-30   7.712e-30  -0.912   4.939e-29   1.820e-29   2.782
dataset86   -2.930e-31   1.069e-29  -0.027   1.630e-29   1.457e-29   1.148
dataset87    9.070e-30   9.468e-30   0.958   2.738e-29   1.305e-29   2.162
dataset88    2.601e-29   9.080e-30   2.864   3.762e-29   1.530e-29   2.528
dataset89    1.306e-29   6.625e-30   1.971   5.184e-29   1.532e-29   3.449
dataset90    2.641e-29   7.963e-30   3.317   4.133e-29   1.261e-29   3.387
dataset91    8.067e-30   8.221e-30   0.981   1.336e-29   1.365e-29   1.079
dataset92    3.007e-29   1.103e-29   2.726   8.418e-29   2.062e-29   4.209
dataset93   -1.687e-30   6.767e-30  -0.249  -2.006e-30   1.064e-29  -0.168
dataset94    4.291e-30   6.889e-30   0.623  -1.089e-30   1.413e-29  -0.075
dataset95   -3.553e-30   6.275e-30  -0.566   9.347e-30   1.254e-29   0.753
dataset96    1.023e-29   5.771e-30   1.773   1.362e-29   1.220e-29   1.171
dataset97    5.197e-29   1.598e-29   3.251   7.200e-29   1.814e-29   4.094
dataset98    1.642e-29   8.064e-30   2.036   2.703e-29   1.812e-29   1.568
dataset99   -1.751e-30   3.404e-30  -0.514   9.685e-30   1.123e-29   0.899
