dataset0     5.111e-31   2.356e-30   0.217   1.503e-30   3.944e-30   0.413
dataset1    -1.466e-29   1.421e-29  -1.031  -4.035e-30   6.406e-30  -0.662
dataset2     2.800e-31   2.373e-30   0.118  -4.699e-31   3.572e-30  -0.111
dataset3    -7.753e-30   1.070e-29  -0.724   1.295e-29   9.871e-30   1.377
dataset4     1.251e-29   4.943e-30   2.531   6.330e-30   6.488e-30   1.024
dataset5     1.560e-29   5.107e-30   3.054   3.068e-31   4.795e-30   0.064
dataset6     6.498e-30   5.986e-30   1.085   1.198e-29   7.862e-30   1.578
dataset7     3.906e-31   4.781e-30   0.082   2.999e-30   8.747e-30   0.349
dataset8    -1.981e-31   7.610e-30  -0.026   3.666e-30   8.187e-30   0.522
dataset9    -6.476e-30   9.865e-30  -0.657   6.400e-32   7.989e-30  -0.020
dataset10    3.619e-30   7.121e-30   0.508   2.039e-31   7.530e-30   0.031
dataset11    6.231e-30   5.409e-30   1.152  -1.596e-30   7.354e-30  -0.206
dataset12    1.021e-29   7.290e-30   1.401   7.686e-31   6.301e-30   0.142
dataset13    6.643e-30   5.179e-30   1.283  -2.741e-30   6.442e-30  -0.461
dataset14    6.354e-30   7.523e-30   0.845   1.190e-29   7.014e-30   1.731
dataset15   -4.871e-31   3.173e-30  -0.154  -6.298e-31   5.903e-30  -0.001
dataset16    2.719e-30   5.100e-30   0.533  -6.742e-30   7.540e-30  -0.881
dataset17    1.895e-29   6.251e-30   3.032   3.442e-30   5.744e-30   0.632
dataset18    8.257e-30   6.320e-30   1.306   4.096e-30   6.389e-30   0.641
dataset19   -3.659e-30   1.027e-29  -0.356  -2.852e-30   5.730e-30  -0.506
dataset20    1.423e-29   1.096e-29   1.298   1.741e-29   7.602e-30   2.354
dataset21    8.615e-30   8.110e-30   1.062   6.366e-30   6.734e-30   0.956
dataset22    7.275e-31   9.116e-30   0.080   2.534e-31   7.484e-30   0.035
dataset23    1.215e-29   5.257e-30   2.310   3.414e-30   4.732e-30   0.726
dataset24    1.236e-30   6.376e-30   0.194  -7.974e-30   7.886e-30  -0.999
dataset25    7.726e-30   8.407e-30   0.919   5.242e-30   6.637e-30   0.827
dataset26    1.574e-29   7.994e-30   1.969   2.305e-30   6.985e-30   0.342
dataset27    5.092e-30   9.973e-30   0.511   2.224e-30   6.762e-30   0.327
dataset28    2.483e-30   7.005e-30   0.354   1.135e-30   7.295e-30   0.144
dataset29   -5.560e-30   5.907e-30  -0.941  -5.604e-30   6.933e-30  -0.827
dataset30    4.479e-30   8.704e-30   0.515   1.293e-30   7.177e-30   0.208
dataset31    1.075e-29   4.668e-30   2.303   4.431e-30   7.226e-30   0.621
dataset32    3.450e-30   6.250e-30   0.552  -3.724e-30   5.038e-30  -0.767
dataset33   -4.134e-30   3.471e-30  -1.191  -1.669e-30   5.173e-30  -0.329
dataset35   -5.004e-30   6.974e-30  -0.718   1.191e-30   5.940e-30   0.231
dataset36    3.173e-30   9.009e-30   0.352   1.903e-29   7.477e-30   2.601
dataset37   -2.373e-30   3.112e-30  -0.762  -6.170e-31   4.646e-30  -0.116
dataset39   -7.527e-30   7.160e-30  -1.051   8.032e-30   6.759e-30   1.180
dataset40    7.864e-30   6.067e-30   1.296   1.929e-30   4.931e-30   0.375
dataset41    2.036e-29   9.208e-30   2.211   5.160e-30   7.724e-30   0.697
dataset42    2.238e-29   7.532e-30   2.971   9.376e-30   6.752e-30   1.425
dataset43    4.027e-30   6.401e-30   0.629  -3.460e-30   5.641e-30  -0.647
dataset44    2.698e-29   1.473e-29   1.832   3.662e-30   8.792e-30   0.443
dataset45    2.095e-29   9.173e-30   2.284  -6.268e-30   6.698e-30  -0.948
dataset46    1.959e-29   9.221e-30   2.125  -5.544e-30   6.809e-30  -0.826
dataset47    1.502e-29   8.152e-30   1.843   4.090e-30   6.806e-30   0.614
dataset48   -2.607e-30   2.313e-30  -1.127  -3.276e-30   5.254e-30  -0.623
dataset49   -5.795e-30   1.068e-29  -0.542   3.613e-30   5.889e-30   0.618
dataset50    1.877e-30   3.122e-30   0.601   1.302e-29   8.881e-30   1.502
dataset51    1.860e-29   9.765e-30   1.905   2.129e-29   8.469e-30   2.566
dataset52    1.396e-29   6.910e-30   2.019  -9.483e-31   6.258e-30  -0.137
dataset53    7.293e-30   1.036e-29   0.704   1.262e-29   7.886e-30   1.616
dataset54    2.512e-30   7.086e-30   0.354  -3.129e-30   4.632e-30  -0.674
dataset55    1.120e-29   5.885e-30   1.904   4.026e-30   3.797e-30   1.062
dataset56    5.237e-29   1.523e-29   3.438   2.390e-30   7.733e-30   0.327
dataset57    3.232e-29   1.008e-29   3.207   2.231e-29   6.607e-30   3.496
dataset58    2.421e-29   9.081e-30   2.666  -2.030e-31   6.033e-30  -0.024
dataset59    3.416e-30   3.695e-30   0.924  -1.362e-29   7.390e-30  -1.860
dataset61    5.779e-30   9.918e-30   0.583  -2.309e-30   8.210e-30  -0.301
dataset63    7.604e-30   6.074e-30   1.252  -4.826e-30   6.128e-30  -0.816
dataset64    4.308e-30   5.637e-30   0.764  -6.210e-30   7.909e-30  -0.771
dataset65    1.448e-29   6.573e-30   2.203  -7.448e-30   7.155e-30  -1.032
dataset66   -2.984e-30   3.325e-30  -0.897  -1.076e-30   7.780e-30  -0.145
dataset67    4.696e-30   1.392e-29   0.337   8.532e-30   8.800e-30   0.971
dataset68    1.644e-29   7.793e-30   2.110   3.039e-31   7.647e-30   0.026
dataset69    3.621e-30   6.546e-30   0.553  -4.069e-30   8.731e-30  -0.452
dataset70    3.298e-30   6.552e-30   0.503  -1.628e-30   5.311e-30  -0.324
dataset71    4.838e-30   8.307e-30   0.582  -4.362e-30   7.224e-30  -0.600
dataset72    7.252e-30   1.055e-29   0.687   3.669e-29   8.566e-30   4.131
dataset73    1.748e-30   5.563e-30   0.314  -1.302e-31   5.559e-30  -0.025
dataset74    2.350e-30   6.785e-30   0.346  -8.834e-30   7.705e-30  -1.165
dataset75    2.828e-29   1.197e-29   2.363   6.588e-30   7.810e-30   0.869
dataset76    5.990e-30   1.222e-29   0.490  -9.674e-30   7.113e-30  -1.379
dataset77   -6.943e-31   1.095e-29  -0.063   7.044e-30   8.277e-30   0.861
dataset78    8.067e-30   4.939e-30   1.633   2.261e-30   6.623e-30   0.355
dataset79   -5.398e-30   7.324e-30  -0.737   7.517e-30   6.758e-30   1.158
dataset80    4.907e-31   1.786e-30   0.275   1.022e-29   6.264e-30   1.643
dataset81    6.757e-30   6.250e-30   1.081   6.209e-30   5.407e-30   1.196
dataset82    4.960e-30   1.148e-29   0.432  -5.254e-30   7.556e-30  -0.708
dataset83    1.437e-29   1.007e-29   1.426   7.605e-30   7.004e-30   1.095
dataset84    1.486e-29   6.218e-30   2.390  -9.953e-31   5.759e-30  -0.162
dataset85   -7.035e-30   7.712e-30  -0.912   9.913e-31   8.958e-30   0.119
dataset86   -2.930e-31   1.069e-29  -0.027   5.456e-30   7.177e-30   0.776
dataset87    9.070e-30   9.468e-30   0.958   1.672e-29   6.497e-30   2.645
dataset88    2.601e-29   9.080e-30   2.864   1.745e-29   7.522e-30   2.374
dataset89    1.306e-29   6.625e-30   1.971  -5.032e-30   7.587e-30  -0.684
dataset90    2.641e-29   7.963e-30   3.317   4.011e-30   6.212e-30   0.648
dataset91    8.067e-30   8.221e-30   0.981   4.727e-30   6.898e-30   0.651
dataset92    3.007e-29   1.103e-29   2.726   8.173e-30   1.015e-29   0.838
dataset93   -1.687e-30   6.767e-30  -0.249   2.351e-30   5.446e-30   0.457
dataset94    4.291e-30   6.889e-30   0.623   1.047e-30   7.003e-30   0.147
dataset95   -3.553e-30   6.275e-30  -0.566  -4.546e-31   6.132e-30  -0.066
dataset96    1.023e-29   5.771e-30   1.773  -2.857e-30   6.123e-30  -0.454
dataset97    5.197e-29   1.598e-29   3.251   6.216e-30   8.969e-30   0.729
dataset98    1.642e-29   8.064e-30   2.036   1.154e-29   8.917e-30   1.336
dataset99   -1.751e-30   3.404e-30  -0.514  -2.899e-30   5.599e-30  -0.549
