dataset0     5.111e-31   2.356e-30   0.217   2.257e-30   3.062e-30   0.767
dataset1    -1.466e-29   1.421e-29  -1.031  -4.359e-30   4.891e-30  -0.918
dataset2     2.800e-31   2.373e-30   0.118  -9.674e-31   2.776e-30  -0.373
dataset3    -7.753e-30   1.070e-29  -0.724   2.385e-30   7.394e-30   0.332
dataset4     1.251e-29   4.943e-30   2.531   5.539e-30   4.887e-30   1.188
dataset5     1.560e-29   5.107e-30   3.054   1.502e-30   3.701e-30   0.444
dataset6     6.498e-30   5.986e-30   1.085   2.104e-29   5.958e-30   3.595
dataset7     3.906e-31   4.781e-30   0.082   1.705e-30   6.546e-30   0.251
dataset8    -1.981e-31   7.610e-30  -0.026   4.988e-31   6.360e-30   0.093
dataset9    -6.476e-30   9.865e-30  -0.657  -5.395e-30   5.785e-30  -0.951
dataset10    3.619e-30   7.121e-30   0.508   1.210e-29   5.614e-30   2.181
dataset11    6.231e-30   5.409e-30   1.152  -1.726e-30   5.629e-30  -0.282
dataset12    1.021e-29   7.290e-30   1.401   6.035e-30   4.677e-30   1.326
dataset13    6.643e-30   5.179e-30   1.283   7.895e-30   5.033e-30   1.598
dataset14    6.354e-30   7.523e-30   0.845   9.472e-30   5.336e-30   1.844
dataset15   -4.871e-31   3.173e-30  -0.154   6.585e-30   4.630e-30   1.494
dataset16    2.719e-30   5.100e-30   0.533   7.027e-30   5.781e-30   1.251
dataset17    1.895e-29   6.251e-30   3.032   8.999e-30   4.443e-30   2.079
dataset18    8.257e-30   6.320e-30   1.306   1.679e-30   4.751e-30   0.347
dataset19   -3.659e-30   1.027e-29  -0.356   7.334e-31   4.328e-30   0.165
dataset20    1.423e-29   1.096e-29   1.298   1.100e-29   5.630e-30   2.014
dataset21    8.615e-30   8.110e-30   1.062  -1.145e-30   5.089e-30  -0.241
dataset22    7.275e-31   9.116e-30   0.080  -7.748e-32   5.600e-30  -0.009
dataset23    1.215e-29   5.257e-30   2.310   2.573e-30   3.569e-30   0.717
dataset24    1.236e-30   6.376e-30   0.194   5.380e-30   6.044e-30   0.923
dataset25    7.726e-30   8.407e-30   0.919   2.422e-30   5.032e-30   0.502
dataset26    1.574e-29   7.994e-30   1.969   1.042e-29   5.271e-30   2.042
dataset27    5.092e-30   9.973e-30   0.511  -5.125e-31   5.182e-30  -0.061
dataset28    2.483e-30   7.005e-30   0.354   3.311e-30   5.402e-30   0.611
dataset29   -5.560e-30   5.907e-30  -0.941   4.081e-30   5.099e-30   0.830
dataset30    4.479e-30   8.704e-30   0.515  -1.221e-30   5.771e-30  -0.205
dataset31    1.075e-29   4.668e-30   2.303   1.998e-29   5.482e-30   3.780
dataset32    3.450e-30   6.250e-30   0.552   9.557e-32   3.968e-30  -0.004
dataset33   -4.134e-30   3.471e-30  -1.191  -1.901e-30   4.115e-30  -0.484
dataset35   -5.004e-30   6.974e-30  -0.718   3.785e-30   4.490e-30   0.888
dataset36    3.173e-30   9.009e-30   0.352  -4.953e-30   5.651e-30  -0.891
dataset37   -2.373e-30   3.112e-30  -0.762   4.348e-30   3.481e-30   1.335
dataset39   -7.527e-30   7.160e-30  -1.051   8.017e-30   5.215e-30   1.600
dataset40    7.864e-30   6.067e-30   1.296   5.244e-30   3.667e-30   1.474
dataset41    2.036e-29   9.208e-30   2.211  -6.260e-31   5.746e-30  -0.105
dataset42    2.238e-29   7.532e-30   2.971   4.937e-30   5.289e-30   0.962
dataset43    4.027e-30   6.401e-30   0.629  -9.625e-31   4.254e-30  -0.223
dataset44    2.698e-29   1.473e-29   1.832   4.199e-30   6.598e-30   0.653
dataset45    2.095e-29   9.173e-30   2.284   6.209e-30   5.074e-30   1.250
dataset46    1.959e-29   9.221e-30   2.125   5.419e-30   5.263e-30   1.059
dataset47    1.502e-29   8.152e-30   1.843   4.507e-31   5.146e-30   0.096
dataset48   -2.607e-30   2.313e-30  -1.127  -3.016e-30   3.944e-30  -0.788
dataset49   -5.795e-30   1.068e-29  -0.542  -2.762e-30   4.522e-30  -0.611
dataset50    1.877e-30   3.122e-30   0.601  -3.989e-30   6.861e-30  -0.598
dataset51    1.860e-29   9.765e-30   1.905   1.922e-30   6.251e-30   0.315
dataset52    1.396e-29   6.910e-30   2.019   7.795e-31   4.553e-30   0.170
dataset53    7.293e-30   1.036e-29   0.704   7.938e-30   5.793e-30   1.414
dataset54    2.512e-30   7.086e-30   0.354  -1.126e-30   3.504e-30  -0.335
dataset55    1.120e-29   5.885e-30   1.904   6.625e-31   2.882e-30   0.240
dataset56    5.237e-29   1.523e-29   3.438   1.061e-29   5.730e-30   1.913
dataset57    3.232e-29   1.008e-29   3.207   1.207e-29   5.048e-30   2.491
dataset58    2.421e-29   9.081e-30   2.666   8.536e-30   4.550e-30   1.960
dataset59    3.416e-30   3.695e-30   0.924   3.392e-30   5.425e-30   0.627
dataset61    5.779e-30   9.918e-30   0.583  -7.599e-30   5.981e-30  -1.297
dataset63    7.604e-30   6.074e-30   1.252  -2.380e-31   4.556e-30  -0.043
dataset64    4.308e-30   5.637e-30   0.764   7.743e-30   5.925e-30   1.348
dataset65    1.448e-29   6.573e-30   2.203   1.742e-30   5.427e-30   0.328
dataset66   -2.984e-30   3.325e-30  -0.897  -4.912e-31   5.739e-30  -0.072
dataset67    4.696e-30   1.392e-29   0.337   1.832e-32   6.500e-30  -0.001
dataset68    1.644e-29   7.793e-30   2.110   1.013e-29   5.802e-30   1.768
dataset69    3.621e-30   6.546e-30   0.553   2.535e-30   6.489e-30   0.380
dataset70    3.298e-30   6.552e-30   0.503   4.996e-30   3.989e-30   1.268
dataset71    4.838e-30   8.307e-30   0.582   1.195e-29   5.282e-30   2.301
dataset72    7.252e-30   1.055e-29   0.687  -7.123e-30   6.328e-30  -1.059
dataset73    1.748e-30   5.563e-30   0.314   2.559e-30   4.038e-30   0.637
dataset74    2.350e-30   6.785e-30   0.346  -8.362e-31   5.897e-30  -0.157
dataset75    2.828e-29   1.197e-29   2.363   1.943e-29   5.867e-30   3.415
dataset76    5.990e-30   1.222e-29   0.490   8.298e-30   5.368e-30   1.596
dataset77   -6.943e-31   1.095e-29  -0.063   8.128e-30   6.112e-30   1.391
dataset78    8.067e-30   4.939e-30   1.633   2.202e-30   4.998e-30   0.465
dataset79   -5.398e-30   7.324e-30  -0.737  -4.747e-30   5.050e-30  -0.995
dataset80    4.907e-31   1.786e-30   0.275   1.372e-29   4.858e-30   2.866
dataset81    6.757e-30   6.250e-30   1.081   4.357e-30   4.216e-30   1.080
dataset82    4.960e-30   1.148e-29   0.432  -5.140e-30   5.689e-30  -0.916
dataset83    1.437e-29   1.007e-29   1.426   7.520e-30   5.309e-30   1.498
dataset84    1.486e-29   6.218e-30   2.390   1.359e-29   4.461e-30   3.114
dataset85   -7.035e-30   7.712e-30  -0.912   8.474e-30   6.622e-30   1.310
dataset86   -2.930e-31   1.069e-29  -0.027   7.189e-30   5.486e-30   1.341
dataset87    9.070e-30   9.468e-30   0.958   9.123e-30   4.791e-30   1.937
dataset88    2.601e-29   9.080e-30   2.864   6.940e-30   5.543e-30   1.329
dataset89    1.306e-29   6.625e-30   1.971   1.571e-29   5.604e-30   2.859
dataset90    2.641e-29   7.963e-30   3.317   1.173e-29   4.654e-30   2.604
dataset91    8.067e-30   8.221e-30   0.981   2.813e-30   5.266e-30   0.624
dataset92    3.007e-29   1.103e-29   2.726   2.527e-29   7.600e-30   3.405
dataset93   -1.687e-30   6.767e-30  -0.249  -1.206e-30   3.967e-30  -0.302
dataset94    4.291e-30   6.889e-30   0.623   1.584e-30   5.288e-30   0.308
dataset95   -3.553e-30   6.275e-30  -0.566   4.797e-30   4.549e-30   1.054
dataset96    1.023e-29   5.771e-30   1.773   6.532e-30   4.702e-30   1.456
dataset97    5.197e-29   1.598e-29   3.251   1.516e-29   6.730e-30   2.324
dataset98    1.642e-29   8.064e-30   2.036   1.248e-29   6.572e-30   1.960
dataset99   -1.751e-30   3.404e-30  -0.514   2.292e-30   4.270e-30   0.488
