 2.227632e-31   1.743652e-30   1.277567e-01
 7.693805e-31   2.645417e-30   2.908352e-01
 2.152520e-31   1.899287e-30   1.133330e-01
 8.200237e-31   2.879315e-30   2.847982e-01
 5.690584e-31   1.775750e-30   3.204608e-01
 6.229790e-31   2.403470e-30   2.591998e-01
 4.375154e-31   2.186930e-30   2.000591e-01
 6.239312e-31   2.028634e-30   3.075623e-01
 5.174658e-31   2.382332e-30   2.172097e-01
 3.042187e-31   2.124288e-30   1.432097e-01
 6.847473e-31   2.527095e-30   2.709622e-01
 7.750905e-32   2.075441e-30   3.734583e-02
 5.614070e-31   2.276825e-30   2.465745e-01
 5.627851e-31   2.476678e-30   2.272338e-01
 6.499388e-31   2.539608e-30   2.559209e-01
 3.676023e-31   1.946583e-30   1.888449e-01
 5.103845e-31   2.171393e-30   2.350494e-01
 6.804370e-31   2.376436e-30   2.863267e-01
 4.795359e-31   2.239371e-30   2.141386e-01
 5.046013e-31   2.404471e-30   2.098596e-01
 7.170728e-31   2.904710e-30   2.468655e-01
 7.792402e-31   2.748165e-30   2.835493e-01
 8.329016e-31   2.341372e-30   3.557323e-01
 3.303090e-31   2.298065e-30   1.437336e-01
 8.769352e-31   2.168491e-30   4.043988e-01
 3.178467e-31   2.000470e-30   1.588860e-01
 1.323332e-30   1.996994e-30   6.626622e-01
 8.263983e-31   2.580482e-30   3.202496e-01
 1.138200e-30   2.256456e-30   5.044195e-01
 1.071706e-30   2.465463e-30   4.346877e-01
 8.511975e-31   2.747621e-30   3.097944e-01
 1.511586e-30   2.377831e-30   6.356995e-01
 1.060247e-30   2.283955e-30   4.642154e-01
 2.472070e-32   2.613097e-30   9.460308e-03
 4.030759e-31   2.145093e-30   1.879060e-01
 1.443272e-30   2.511648e-30   5.746312e-01
 3.178466e-31   2.000470e-30   1.588860e-01
 1.399374e-30   2.349810e-30   5.955263e-01
 1.261142e-30   2.879837e-30   4.379214e-01
 7.007107e-31   2.576848e-30   2.719255e-01
 3.230567e-31   1.886479e-30   1.712486e-01
 7.831035e-31   2.649114e-30   2.956096e-01
 1.724948e-32   2.100177e-30   8.213346e-03
 9.597528e-31   2.400359e-30   3.998372e-01
 9.498933e-31   2.379428e-30   3.992108e-01
 5.441224e-31   2.205368e-30   2.467264e-01
 2.814485e-31   2.149170e-30   1.309568e-01
 5.818936e-31   2.319063e-30   2.509175e-01
 3.169248e-31   2.316711e-30   1.367994e-01
 7.956951e-31   2.377651e-30   3.346560e-01
 6.540379e-31   2.465584e-30   2.652670e-01
 5.446549e-31   2.228023e-30   2.444566e-01
 1.063626e-30   2.256553e-30   4.713498e-01
 3.637144e-31   2.210878e-30   1.645113e-01
 6.047491e-31   2.375640e-30   2.545626e-01
 7.720184e-31   2.570890e-30   3.002923e-01
 5.831269e-31   2.225836e-30   2.619810e-01
 1.052192e-30   1.862210e-30   5.650237e-01
 1.026835e-30   2.967303e-30   3.460499e-01
 3.528513e-31   2.244642e-30   1.571971e-01
-2.217117e-31   1.782719e-30  -1.243671e-01
 6.878236e-31   2.599430e-30   2.646056e-01
 6.670264e-31   2.420613e-30   2.755610e-01
 6.585907e-31   2.377150e-30   2.770505e-01
 1.282959e-30   2.743216e-30   4.676843e-01
 5.002027e-31   1.978763e-30   2.527855e-01
 2.785216e-31   2.348486e-30   1.185962e-01
 1.609921e-30   2.228427e-30   7.224475e-01
 2.955864e-31   2.021255e-30   1.462390e-01
 5.456240e-31   2.366279e-30   2.305831e-01
 1.338971e-30   2.441224e-30   5.484836e-01
 1.202916e-30   2.415853e-30   4.979260e-01
 1.795490e-31   1.732358e-30   1.036442e-01
 6.076297e-31   2.314841e-30   2.624930e-01
 6.922036e-31   2.208908e-30   3.133692e-01
 1.455701e-30   2.648606e-30   5.496105e-01
 8.336220e-31   3.123519e-30   2.668855e-01
 3.968868e-31   2.094735e-30   1.894687e-01
 1.031270e-30   3.529736e-30   2.921663e-01
 7.467696e-31   2.518253e-30   2.965427e-01
-4.032444e-32   1.905706e-30  -2.115985e-02
 5.793597e-31   2.362607e-30   2.452205e-01
 4.321270e-31   2.659381e-30   1.624916e-01
 7.656978e-31   2.225984e-30   3.439817e-01
 1.200193e-30   3.248137e-30   3.695020e-01
 4.620272e-31   1.810837e-30   2.551456e-01
 9.664508e-31   2.849796e-30   3.391298e-01
 1.219237e-30   2.135275e-30   5.709976e-01
 2.231942e-30   2.409364e-30   9.263613e-01
 5.873950e-31   2.576831e-30   2.279524e-01
 4.149246e-31   1.949122e-30   2.128777e-01
 6.189835e-31   2.096834e-30   2.951990e-01
 3.231470e-31   2.098447e-30   1.539934e-01
 1.234254e-31   1.759554e-30   7.014582e-02
 9.121252e-31   2.333707e-30   3.908482e-01
 4.953647e-31   2.115315e-30   2.341801e-01
 5.496093e-31   2.290112e-30   2.399923e-01
 3.137241e-31   2.061914e-30   1.521518e-01
 1.075431e-30   2.642849e-30   4.069212e-01
 6.502698e-31   2.413866e-30   2.693893e-01
 7.809038e-31   2.579116e-30   3.027796e-01
 1.214389e-31   2.124060e-30   5.717304e-02
 9.078365e-31   2.913838e-30   3.115604e-01
 1.053998e-30   2.459977e-30   4.284587e-01
 7.842699e-31   2.578727e-30   3.041306e-01
 1.235469e-30   2.387485e-30   5.174773e-01
 5.343654e-31   2.098652e-30   2.546231e-01
 1.096585e-30   2.179115e-30   5.032249e-01
 7.471550e-31   2.718808e-30   2.748098e-01
 1.525394e-30   2.658879e-30   5.736980e-01
 4.740067e-31   2.154933e-30   2.199636e-01
 2.853036e-30   2.484102e-30   1.148518e+00
 1.035760e-30   2.112093e-30   4.903951e-01
 2.868276e-31   2.715863e-30   1.056119e-01
 9.093370e-31   2.569904e-30   3.538409e-01
 3.547823e-31   2.005411e-30   1.769125e-01
 7.656085e-31   2.598223e-30   2.946662e-01
 1.140276e-30   3.746197e-30   3.043823e-01
 4.927390e-31   2.091370e-30   2.356058e-01
 5.369026e-31   2.285530e-30   2.349138e-01
 5.492982e-31   2.111515e-30   2.601441e-01
 5.067076e-31   2.054506e-30   2.466324e-01
 2.285665e-31   2.056175e-30   1.111610e-01
 6.290805e-31   2.336283e-30   2.692656e-01
 3.773624e-31   2.432338e-30   1.551439e-01
 7.819478e-31   2.332467e-30   3.352450e-01
 3.334474e-31   2.432047e-30   1.371057e-01
 8.216843e-31   2.746990e-30   2.991216e-01
 2.691283e-31   2.199558e-30   1.223556e-01
 1.561784e-30   2.707978e-30   5.767345e-01
 1.348685e-30   2.601562e-30   5.184134e-01
 6.721258e-31   2.510251e-30   2.677524e-01
 7.441891e-31   2.684396e-30   2.772278e-01
 4.152551e-31   2.246695e-30   1.848293e-01
 5.065440e-31   2.189232e-30   2.313797e-01
 8.528043e-31   2.165012e-30   3.939027e-01
 1.071278e-30   2.683515e-30   3.992072e-01
 1.263597e-30   1.910488e-30   6.614002e-01
 1.166318e-30   2.495710e-30   4.673292e-01
 1.261877e-30   1.911517e-30   6.601445e-01
 6.333779e-31   2.405006e-30   2.633581e-01
 1.017716e-30   2.192576e-30   4.641647e-01
 6.146633e-31   1.865161e-30   3.295497e-01
 3.824972e-31   2.214206e-30   1.727469e-01
 7.812352e-31   2.166631e-30   3.605760e-01
 6.945449e-31   2.458753e-30   2.824785e-01
 3.956057e-31   2.370900e-30   1.668589e-01
 1.633150e-30   2.693814e-30   6.062595e-01
 2.239499e-31   2.363621e-30   9.474863e-02
 5.967224e-31   2.305162e-30   2.588635e-01
 7.193767e-31   2.774506e-30   2.592810e-01
 5.984141e-31   2.364034e-30   2.531326e-01
 1.333039e-30   2.414682e-30   5.520557e-01
 1.114677e-30   2.230197e-30   4.998113e-01
 5.633787e-31   2.515120e-30   2.239967e-01
 5.647269e-31   2.430893e-30   2.323125e-01
 6.493597e-31   2.459614e-30   2.640087e-01
 7.997444e-31   2.626108e-30   3.045360e-01
 8.771122e-31   2.625897e-30   3.340238e-01
 4.020573e-31   2.053037e-30   1.958354e-01
 3.076863e-31   2.074970e-30   1.482847e-01
 5.650885e-31   2.251210e-30   2.510154e-01
 6.556944e-31   2.492922e-30   2.630225e-01
 3.380295e-31   1.850474e-30   1.826719e-01
 1.206423e-30   2.818705e-30   4.280062e-01
 8.900708e-31   2.203689e-30   4.039003e-01
 6.107921e-31   2.576239e-30   2.370868e-01
 6.597779e-31   2.516294e-30   2.622022e-01
 1.994694e-31   1.933679e-30   1.031554e-01
 3.362819e-31   2.252656e-30   1.492824e-01
 3.317376e-31   2.142067e-30   1.548680e-01
 8.004369e-31   2.795024e-30   2.863793e-01
 6.795749e-31   2.549806e-30   2.665202e-01
 9.013208e-31   2.148457e-30   4.195201e-01
 3.315670e-31   2.057754e-30   1.611305e-01
 9.255582e-31   2.320455e-30   3.988693e-01
 6.585802e-31   2.344469e-30   2.809080e-01
 8.437822e-31   2.048575e-30   4.118875e-01
 6.678850e-31   2.520537e-30   2.649773e-01
 5.595817e-31   2.279578e-30   2.454760e-01
 2.885618e-31   2.020405e-30   1.428237e-01
 1.269775e-30   2.553058e-30   4.973543e-01
 6.955933e-31   2.318198e-30   3.000578e-01
 6.743997e-31   2.487484e-30   2.711172e-01
 2.453336e-31   2.131764e-30   1.150848e-01
 2.207036e-31   2.290660e-30   9.634932e-02
-2.173593e-31   2.362696e-30  -9.199634e-02
 2.435191e-31   1.780015e-30   1.368073e-01
 5.556852e-31   2.267148e-30   2.451032e-01
 1.220917e-30   2.564458e-30   4.760915e-01
 7.002003e-31   2.284685e-30   3.064756e-01
 7.232749e-31   1.897105e-30   3.812518e-01
 1.149619e-30   2.196792e-30   5.233171e-01
 5.158937e-31   2.371556e-30   2.175339e-01
 6.269896e-31   2.360132e-30   2.656588e-01
 5.985360e-31   2.494760e-30   2.399172e-01
 6.706780e-31   2.493294e-30   2.689927e-01
 3.833441e-31   1.953936e-30   1.961907e-01
 7.096717e-31   3.147849e-30   2.254466e-01
 2.472833e-31   2.395981e-30   1.032075e-01
 3.838277e-31   1.953489e-30   1.964832e-01
 6.256543e-31   2.400350e-30   2.606513e-01
 6.768683e-31   2.346788e-30   2.884233e-01
 3.760245e-31   2.127183e-30   1.767712e-01
 6.097207e-31   2.646381e-30   2.303979e-01
 6.138655e-31   2.371461e-30   2.588554e-01
 1.154337e-30   2.319057e-30   4.977613e-01
 9.687743e-31   3.388622e-30   2.858903e-01
 6.098919e-31   2.353936e-30   2.590945e-01
 2.619677e-31   2.101165e-30   1.246774e-01
 8.978359e-31   2.628286e-30   3.416050e-01
 8.352473e-31   2.655597e-30   3.145234e-01
 2.538795e-31   2.038297e-30   1.245547e-01
 7.686729e-31   2.280222e-30   3.371044e-01
-2.223830e-32   2.143129e-30  -1.037656e-02
 4.899588e-31   2.142767e-30   2.286570e-01
 4.940032e-31   2.929871e-30   1.686092e-01
 1.262373e-30   2.549450e-30   4.951551e-01
 5.164235e-31   2.434596e-30   2.121187e-01
 7.997398e-31   2.339692e-30   3.418141e-01
 1.678632e-31   1.926651e-30   8.712695e-02
 4.017731e-31   1.980210e-30   2.028942e-01
 1.912155e-30   1.951800e-30   9.796877e-01
 7.238158e-31   2.548178e-30   2.840523e-01
 8.756783e-31   1.998784e-30   4.381055e-01
 6.810435e-31   2.174960e-30   3.131292e-01
 2.800462e-31   1.779706e-30   1.573553e-01
 6.540891e-31   2.242907e-30   2.916256e-01
 4.102651e-31   2.038903e-30   2.012185e-01
 8.211262e-31   2.343499e-30   3.503848e-01
 1.243020e-30   2.882328e-30   4.312555e-01
 8.943277e-31   2.368083e-30   3.776590e-01
 7.644321e-31   2.725298e-30   2.804949e-01
 8.864746e-31   2.496697e-30   3.550589e-01
 3.498374e-33   1.941415e-30   1.801972e-03
 8.599505e-31   2.705186e-30   3.178896e-01
 3.070374e-31   1.910205e-30   1.607354e-01
-2.435435e-32   1.997644e-30  -1.219154e-02
 1.987744e-30   2.065768e-30   9.622300e-01
-6.780040e-32   2.378370e-30  -2.850709e-02
 5.908600e-31   2.443594e-30   2.417996e-01
 3.087917e-31   1.936544e-30   1.594550e-01
 1.588704e-31   1.891891e-30   8.397437e-02
 4.446983e-31   2.221066e-30   2.002184e-01
 3.149047e-31   2.162403e-30   1.456272e-01
 5.419787e-31   2.607663e-30   2.078407e-01
 6.319397e-31   1.933063e-30   3.269111e-01
 4.886693e-31   2.127604e-30   2.296806e-01
 7.990227e-31   2.556474e-30   3.125488e-01
 9.846968e-31   2.537218e-30   3.881010e-01
 7.094550e-31   2.343434e-30   3.027417e-01
 5.353170e-31   2.308860e-30   2.318534e-01
 5.364894e-31   2.228903e-30   2.406967e-01
 4.258922e-31   1.989924e-30   2.140244e-01
 4.026541e-31   2.407501e-30   1.672498e-01
 5.056555e-31   2.172800e-30   2.327206e-01
-5.185355e-31   1.764678e-30  -2.938414e-01
 5.066362e-31   2.571907e-30   1.969885e-01
 6.234958e-31   2.270952e-30   2.745526e-01
 9.744536e-31   2.287437e-30   4.260024e-01
 5.810270e-31   2.219563e-30   2.617754e-01
 3.049747e-31   2.221012e-30   1.373134e-01
 1.227575e-32   2.806591e-30   4.373901e-03
 6.732679e-31   2.044396e-30   3.293237e-01
 8.845653e-31   2.531711e-30   3.493942e-01
 4.917320e-31   2.035784e-30   2.415443e-01
 4.368086e-31   2.891724e-30   1.510548e-01
 1.155307e-30   2.733410e-30   4.226616e-01
 1.253848e-30   2.948570e-30   4.252393e-01
 2.599066e-31   2.119032e-30   1.226535e-01
 7.470225e-31   2.373074e-30   3.147911e-01
-3.862758e-32   1.905972e-30  -2.026661e-02
 1.279232e-31   1.756333e-30   7.283541e-02
 2.557287e-31   2.345628e-30   1.090236e-01
 2.987573e-31   2.433454e-30   1.227709e-01
 4.285644e-31   2.386095e-30   1.796091e-01
 1.074972e-30   2.286738e-30   4.700897e-01
 3.323653e-31   2.108098e-30   1.576612e-01
 1.105829e-30   2.767536e-30   3.995716e-01
 2.091339e-31   2.054985e-30   1.017691e-01
 9.200730e-31   2.258963e-30   4.072989e-01
 4.750761e-31   2.077234e-30   2.287061e-01
 1.135315e-31   2.611731e-30   4.346984e-02
-1.205621e-31   2.419415e-30  -4.983111e-02
 6.628880e-31   2.366221e-30   2.801463e-01
 5.358561e-31   2.319521e-30   2.310201e-01
 5.799978e-31   2.186317e-30   2.652853e-01
 4.796042e-31   2.185790e-30   2.194192e-01
 5.004545e-31   2.584655e-30   1.936252e-01
 1.513707e-31   2.224076e-30   6.806004e-02
 5.987912e-31   2.340450e-30   2.558445e-01
 1.164606e-30   2.117656e-30   5.499508e-01
 6.580443e-31   2.427795e-30   2.710461e-01
 5.022634e-31   2.293644e-30   2.189805e-01
 8.284709e-31   2.341385e-30   3.538380e-01
 5.952516e-31   2.323370e-30   2.562018e-01
 1.909297e-31   1.848266e-30   1.033021e-01
 6.216241e-31   2.241179e-30   2.773648e-01
 4.708033e-31   2.095557e-30   2.246674e-01
 5.221345e-31   2.482100e-30   2.103600e-01
 6.259327e-31   2.401573e-30   2.606345e-01
 6.866171e-31   2.683672e-30   2.558498e-01
 9.565902e-31   2.627451e-30   3.640753e-01
 2.023535e-31   2.589550e-30   7.814232e-02
 6.098936e-31   2.387148e-30   2.554905e-01
 9.019684e-31   3.188160e-30   2.829119e-01
-3.247159e-31   2.449294e-30  -1.325753e-01
 1.087254e-30   2.349288e-30   4.628014e-01
 6.114791e-31   2.398060e-30   2.549891e-01
 5.118016e-31   2.455091e-30   2.084655e-01
 5.280156e-31   2.345984e-30   2.250721e-01
 6.675060e-31   2.417013e-30   2.761698e-01
 6.945468e-31   2.517004e-30   2.759419e-01
 5.024488e-31   2.221695e-30   2.261556e-01
 5.737610e-31   2.444619e-30   2.347036e-01
 6.315126e-31   2.387718e-30   2.644837e-01
 6.564933e-31   2.268791e-30   2.893582e-01
 4.588626e-31   2.075952e-30   2.210372e-01
 8.106185e-31   2.190788e-30   3.700124e-01
 1.006522e-30   3.070092e-30   3.278473e-01
 6.205978e-31   2.277510e-30   2.724896e-01
 5.279737e-31   2.122741e-30   2.487226e-01
 5.101457e-31   2.518861e-30   2.025303e-01
 1.343620e-30   2.569634e-30   5.228839e-01
 1.357784e-30   1.913742e-30   7.094920e-01
 1.353863e-30   2.680584e-30   5.050627e-01
 1.651342e-30   2.324851e-30   7.102998e-01
 1.217359e-30   2.550231e-30   4.773524e-01
 3.640532e-32   2.541509e-30   1.432430e-02
 6.926971e-31   2.227846e-30   3.109268e-01
 5.327808e-31   2.228156e-30   2.391129e-01
 9.645025e-31   2.062096e-30   4.677291e-01
 5.861553e-31   2.523248e-30   2.323020e-01
 4.886363e-32   2.231540e-30   2.189682e-02
 4.749471e-31   2.122119e-30   2.238080e-01
 7.990233e-31   2.100698e-30   3.803609e-01
 6.853240e-31   2.223881e-30   3.081658e-01
 4.549949e-31   2.110110e-30   2.156262e-01
 7.114990e-31   2.185750e-30   3.255172e-01
 6.204705e-31   2.399347e-30   2.585997e-01
 3.579581e-31   1.915511e-30   1.868735e-01
 6.283521e-31   2.920179e-30   2.151758e-01
 4.297450e-31   2.156799e-30   1.992513e-01
 7.797228e-31   2.417430e-30   3.225420e-01
 4.691860e-31   2.628383e-30   1.785075e-01
 1.207421e-30   2.136041e-30   5.652612e-01
 5.391735e-31   2.306670e-30   2.337454e-01
 7.924146e-32   2.292530e-30   3.456507e-02
 9.534817e-32   2.492657e-30   3.825163e-02
 6.457531e-31   2.239665e-30   2.883258e-01
 2.740996e-31   1.923646e-30   1.424897e-01
 9.224731e-31   2.875681e-30   3.207842e-01
 3.197197e-31   1.819135e-30   1.757537e-01
 8.465626e-31   3.080906e-30   2.747771e-01
 8.053212e-31   2.434057e-30   3.308555e-01
 4.274976e-31   2.140543e-30   1.997145e-01
 1.883622e-31   1.851450e-30   1.017377e-01
 5.075406e-31   2.294511e-30   2.211977e-01
 1.155610e-30   2.230827e-30   5.180188e-01
 4.281626e-31   2.323579e-30   1.842686e-01
 5.960284e-31   2.570623e-30   2.318615e-01
 8.608039e-31   2.394792e-30   3.594483e-01
 1.145980e-30   2.574546e-30   4.451193e-01
 9.444318e-31   2.481320e-30   3.806167e-01
 7.905416e-32   2.446790e-30   3.230933e-02
 9.627283e-31   3.267768e-30   2.946134e-01
 6.009703e-31   2.428693e-30   2.474459e-01
 7.890444e-31   2.738550e-30   2.881248e-01
 1.322597e-30   3.716616e-30   3.558605e-01
 7.193801e-31   2.008810e-30   3.581125e-01
 4.769885e-31   2.238659e-30   2.130689e-01
 4.714058e-31   2.237201e-30   2.107123e-01
 5.166414e-31   2.024190e-30   2.552337e-01
 5.018258e-31   2.525696e-30   1.986881e-01
 6.055111e-31   2.279187e-30   2.656698e-01
 3.129197e-31   2.163112e-30   1.446618e-01
 2.049658e-31   1.970518e-30   1.040162e-01
 7.706371e-31   2.161635e-30   3.565067e-01
 1.046787e-30   2.657278e-30   3.939320e-01
 4.684282e-31   2.333916e-30   2.007048e-01
 6.577893e-31   2.236829e-30   2.940722e-01
 4.112102e-31   1.993389e-30   2.062870e-01
 3.620093e-31   2.369943e-30   1.527502e-01
 8.814599e-31   2.678751e-30   3.290563e-01
 9.464135e-32   1.849949e-30   5.115891e-02
 7.585715e-31   1.730303e-30   4.384038e-01
 7.874924e-31   2.722644e-30   2.892381e-01
 1.018340e-30   2.578874e-30   3.948777e-01
 5.612703e-31   2.221795e-30   2.526202e-01
 2.742986e-31   2.007309e-30   1.366499e-01
 8.006101e-31   2.572456e-30   3.112240e-01
 5.578907e-31   2.296899e-30   2.428886e-01
 7.169172e-31   2.145655e-30   3.341251e-01
 3.068067e-31   1.729745e-30   1.773710e-01
 5.934645e-31   2.320177e-30   2.557841e-01
 1.429473e-30   2.194211e-30   6.514747e-01
 7.343727e-31   2.447564e-30   3.000423e-01
 6.720354e-31   2.521361e-30   2.665368e-01
 5.371250e-31   2.168804e-30   2.476596e-01
 5.153914e-31   2.446553e-30   2.106602e-01
 7.476594e-31   2.260988e-30   3.306783e-01
 7.658293e-31   2.544946e-30   3.009216e-01
 1.542098e-30   2.065797e-30   7.464904e-01
 4.418222e-31   2.446034e-30   1.806280e-01
 6.267549e-31   2.411055e-30   2.599505e-01
 2.738577e-31   2.188583e-30   1.251301e-01
 6.396880e-31   2.431994e-30   2.630303e-01
 8.493289e-31   2.885012e-30   2.943935e-01
 7.111192e-31   2.581606e-30   2.754561e-01
 4.341334e-31   2.355237e-30   1.843268e-01
 2.630799e-31   2.034309e-30   1.293215e-01
 6.001514e-31   2.516236e-30   2.385116e-01
 9.531564e-31   2.453275e-30   3.885241e-01
-7.697391e-32   2.024764e-30  -3.801624e-02
 3.462870e-31   2.256061e-30   1.534918e-01
 4.157638e-31   2.200594e-30   1.889325e-01
 7.540548e-31   2.042959e-30   3.690993e-01
 2.609716e-31   1.882965e-30   1.385961e-01
-8.998884e-32   1.917095e-30  -4.694020e-02
 4.716267e-31   2.023473e-30   2.330778e-01
 3.691922e-31   2.503711e-30   1.474580e-01
 2.691129e-31   1.991550e-30   1.351274e-01
 6.659323e-31   2.678405e-30   2.486302e-01
 9.118102e-31   2.167002e-30   4.207704e-01
 5.204094e-31   2.434892e-30   2.137300e-01
 3.780189e-31   2.376335e-30   1.590764e-01
 6.475922e-31   2.874545e-30   2.252851e-01
 4.952264e-31   2.206004e-30   2.244903e-01
 7.690201e-31   2.727216e-30   2.819800e-01
 9.157513e-31   2.730968e-30   3.353211e-01
 6.659357e-31   2.706635e-30   2.460383e-01
 8.509045e-31   2.288644e-30   3.717941e-01
 8.194955e-31   2.732638e-30   2.998917e-01
 7.290048e-31   2.429004e-30   3.001250e-01
 4.693889e-31   2.571134e-30   1.825610e-01
 6.938971e-31   2.495659e-30   2.780416e-01
 2.067245e-30   2.340859e-30   8.831139e-01
 5.259259e-31   2.072378e-30   2.537789e-01
 6.772636e-31   2.581702e-30   2.623322e-01
 3.511263e-31   2.067069e-30   1.698667e-01
 5.646801e-31   2.491077e-30   2.266811e-01
 5.335662e-31   2.221220e-30   2.402131e-01
 8.305451e-31   2.869746e-30   2.894142e-01
 5.836435e-31   2.345082e-30   2.488798e-01
 1.177428e-30   2.828515e-30   4.162707e-01
 3.845138e-31   2.244053e-30   1.713479e-01
 4.672466e-31   2.425045e-30   1.926754e-01
 9.181126e-31   2.122896e-30   4.324811e-01
 7.618914e-31   2.657970e-30   2.866441e-01
-3.100145e-31   2.054511e-30  -1.508945e-01
 2.109342e-31   2.106097e-30   1.001541e-01
 8.969925e-31   2.499659e-30   3.588459e-01
 1.198073e-31   2.380612e-30   5.032627e-02
 5.686303e-31   2.264232e-30   2.511361e-01
-1.889132e-32   2.126340e-30  -8.884429e-03
 7.397318e-31   2.695289e-30   2.744536e-01
 6.019321e-31   2.132207e-30   2.823047e-01
 4.857932e-31   2.086759e-30   2.327980e-01
 6.674800e-31   2.513724e-30   2.655343e-01
 9.024302e-31   2.320591e-30   3.888795e-01
 2.774539e-31   2.345271e-30   1.183035e-01
 3.684532e-32   2.295752e-30   1.604935e-02
 2.646602e-31   2.255097e-30   1.173609e-01
 3.658790e-31   2.132665e-30   1.715595e-01
 8.328586e-31   2.597577e-30   3.206290e-01
 9.827507e-31   2.254898e-30   4.358294e-01
 5.472660e-31   2.450585e-30   2.233206e-01
 5.949369e-31   2.385557e-30   2.493912e-01
-3.854174e-32   1.875651e-30  -2.054846e-02
 8.747182e-31   2.115608e-30   4.134595e-01
 5.884407e-31   2.320681e-30   2.535638e-01
 7.762746e-31   2.462481e-30   3.152408e-01
 5.176169e-31   2.221156e-30   2.330395e-01
 4.904274e-31   2.201381e-30   2.227817e-01
 2.724764e-31   1.999566e-30   1.362677e-01
 6.970019e-31   2.458930e-30   2.834573e-01
 4.912326e-31   2.549271e-30   1.926953e-01
 7.474698e-31   2.111815e-30   3.539466e-01
 3.535502e-31   2.071625e-30   1.706632e-01
 9.687743e-31   3.388622e-30   2.858903e-01
 1.474911e-30   2.307239e-30   6.392535e-01
 6.748767e-31   2.387344e-30   2.826894e-01
 6.854830e-31   2.530040e-30   2.709376e-01
 3.057283e-31   1.988095e-30   1.537795e-01
-4.042895e-32   1.871413e-30  -2.160344e-02
 5.892773e-31   2.350066e-30   2.507493e-01
 5.165032e-31   2.498769e-30   2.067031e-01
 1.270148e-30   2.297901e-30   5.527427e-01
 6.782582e-31   2.097589e-30   3.233514e-01
 1.007118e-31   2.096077e-30   4.804773e-02
 1.496478e-30   2.777511e-30   5.387840e-01
 7.098310e-31   2.461969e-30   2.883184e-01
 5.578684e-31   2.142096e-30   2.604311e-01
 1.189730e-30   2.170841e-30   5.480502e-01
 6.678856e-31   2.520538e-30   2.649774e-01
 6.357766e-32   1.679324e-30   3.785909e-02
 1.176874e-30   2.332830e-30   5.044832e-01
 9.157513e-31   2.730968e-30   3.353211e-01
 2.099926e-31   2.272513e-30   9.240547e-02
 5.763131e-31   2.280015e-30   2.527673e-01
 5.796965e-31   2.689850e-30   2.155126e-01
 1.525650e-30   1.938522e-30   7.870170e-01
 6.981422e-31   2.398389e-30   2.910880e-01
 1.120442e-30   2.232284e-30   5.019262e-01
 4.113486e-31   1.877801e-30   2.190586e-01
 9.365382e-31   2.216414e-30   4.225466e-01
 7.797254e-31   2.571366e-30   3.032339e-01
 5.174741e-31   2.382334e-30   2.172131e-01
 8.466978e-31   2.160069e-30   3.919771e-01
 7.117635e-31   2.628847e-30   2.707512e-01
 6.083347e-31   2.557816e-30   2.378336e-01
 4.938430e-31   1.761279e-30   2.803888e-01
 5.020763e-31   2.164216e-30   2.319900e-01
 3.196970e-31   2.099765e-30   1.522537e-01
 4.470947e-31   2.159272e-30   2.070581e-01
 7.432837e-31   2.488388e-30   2.987009e-01
-3.596335e-32   2.353827e-30  -1.527867e-02
 3.641300e-31   2.134281e-30   1.706102e-01
 4.194810e-31   2.021305e-30   2.075298e-01
 1.600134e-31   2.065077e-30   7.748545e-02
 2.673011e-31   2.501538e-30   1.068547e-01
 8.387861e-31   2.555602e-30   3.282147e-01
 7.471550e-31   2.718808e-30   2.748098e-01
 3.254003e-31   2.608438e-30   1.247491e-01
 7.244538e-31   2.741710e-30   2.642343e-01
-6.303819e-32   2.169762e-30  -2.905304e-02
 1.325727e-30   2.099222e-30   6.315327e-01
 7.840141e-31   2.742965e-30   2.858273e-01
 5.935681e-31   2.303983e-30   2.576270e-01
 1.293411e-30   2.727188e-30   4.742655e-01
 9.748329e-31   2.312692e-30   4.215143e-01
 9.307245e-31   2.107300e-30   4.416669e-01
 1.097036e-30   2.176688e-30   5.039933e-01
 7.285716e-31   2.650297e-30   2.749018e-01
 8.191781e-31   2.627529e-30   3.117674e-01
 9.415466e-31   2.433612e-30   3.868927e-01
 7.566212e-31   2.571507e-30   2.942326e-01
 3.706086e-31   2.103421e-30   1.761933e-01
 3.984251e-31   1.977873e-30   2.014412e-01
 3.909542e-31   2.217927e-30   1.762701e-01
 4.145897e-31   2.174841e-30   1.906298e-01
 1.250790e-30   2.732954e-30   4.576696e-01
 3.703360e-31   1.882628e-30   1.967122e-01
 5.324807e-31   2.510712e-30   2.120835e-01
 5.184414e-31   2.139551e-30   2.423132e-01
 3.518090e-31   2.377869e-30   1.479514e-01
 1.675063e-30   3.393500e-30   4.936092e-01
 7.014111e-31   2.189801e-30   3.203082e-01
 5.582289e-31   2.268715e-30   2.460550e-01
 4.126891e-31   1.917655e-30   2.152050e-01
 7.077768e-31   2.933937e-30   2.412379e-01
 6.472589e-31   2.717802e-30   2.381553e-01
 8.694401e-31   3.216450e-30   2.703104e-01
 6.061996e-31   2.635560e-30   2.300079e-01
 5.990428e-31   2.202751e-30   2.719521e-01
 4.684483e-31   2.616270e-30   1.790520e-01
 1.463008e-30   2.490359e-30   5.874687e-01
 1.443105e-30   2.190418e-30   6.588265e-01
 9.496267e-31   2.180554e-30   4.354979e-01
 4.193530e-31   2.096532e-30   2.000223e-01
 2.264706e-31   2.014294e-30   1.124318e-01
 7.216585e-31   2.234202e-30   3.230050e-01
 4.715037e-31   2.115356e-30   2.228957e-01
 6.423786e-31   1.983902e-30   3.237955e-01
 6.132424e-31   2.243361e-30   2.733588e-01
 4.931244e-31   1.700486e-30   2.899902e-01
 1.044943e-30   2.223904e-30   4.698688e-01
 2.805685e-31   2.024932e-30   1.385570e-01
 4.721460e-31   1.926677e-30   2.450571e-01
 7.205823e-31   2.616922e-30   2.753549e-01
 6.859504e-31   2.314590e-30   2.963593e-01
 6.445626e-31   2.299513e-30   2.803039e-01
 1.237913e-30   1.921963e-30   6.440878e-01
 1.083406e-30   3.171549e-30   3.416015e-01
 7.382329e-31   2.790326e-30   2.645687e-01
-2.830771e-31   1.902068e-30  -1.488260e-01
 1.262803e-30   2.010404e-30   6.281340e-01
 1.849580e-30   2.914817e-30   6.345442e-01
 6.080212e-31   2.425836e-30   2.506440e-01
 5.516357e-31   2.279014e-30   2.420502e-01
 3.964531e-31   2.418784e-30   1.639060e-01
 7.812352e-31   2.166631e-30   3.605760e-01
 7.705975e-31   2.770293e-30   2.781647e-01
 9.426731e-31   1.848890e-30   5.098590e-01
 6.539176e-31   2.472497e-30   2.644766e-01
 7.508763e-31   2.607372e-30   2.879820e-01
 1.074394e-30   2.683763e-30   4.003312e-01
 8.131491e-31   2.067381e-30   3.933233e-01
 2.705307e-31   2.007906e-30   1.347327e-01
 7.521293e-31   2.527520e-30   2.975760e-01
 1.015157e-30   2.245205e-30   4.521446e-01
 6.980634e-31   2.509120e-30   2.782104e-01
 5.428262e-31   2.277057e-30   2.383894e-01
 6.227849e-31   2.206529e-30   2.822464e-01
 9.849429e-31   2.753647e-30   3.576868e-01
 1.396492e-30   2.571045e-30   5.431611e-01
 1.198108e-30   2.294476e-30   5.221706e-01
 5.566188e-31   2.614800e-30   2.128725e-01
 5.369372e-31   2.407725e-30   2.230061e-01
 6.217359e-31   2.797094e-30   2.222792e-01
 4.938749e-31   2.191251e-30   2.253849e-01
 1.534119e-30   2.019995e-30   7.594669e-01
 6.006083e-31   2.300144e-30   2.611177e-01
 5.329914e-31   2.224471e-30   2.396036e-01
 6.057445e-31   2.477526e-30   2.444957e-01
 7.083772e-31   2.594837e-30   2.729948e-01
 4.153270e-31   2.023443e-30   2.052576e-01
 6.204075e-31   2.299492e-30   2.698020e-01
 1.327590e-30   2.278665e-30   5.826174e-01
 6.962628e-31   2.544781e-30   2.736042e-01
 9.502077e-31   2.145742e-30   4.428341e-01
 8.617204e-31   2.450666e-30   3.516270e-01
 6.002549e-31   2.506174e-30   2.395104e-01
 1.107706e-30   2.348928e-30   4.715795e-01
 6.856854e-31   2.504859e-30   2.737421e-01
 2.745284e-31   2.634646e-30   1.041994e-01
 8.664959e-31   2.481786e-30   3.491420e-01
 6.756408e-31   2.425907e-30   2.785107e-01
 1.208577e-31   1.853982e-30   6.518817e-02
 8.352979e-31   2.197452e-30   3.801211e-01
 9.778640e-31   2.456641e-30   3.980491e-01
 6.596128e-31   2.433111e-30   2.710986e-01
 3.977296e-31   2.159767e-30   1.841540e-01
 4.347750e-31   2.039602e-30   2.131666e-01
 1.590371e-30   2.665205e-30   5.967162e-01
 1.342730e-30   2.505521e-30   5.359085e-01
 5.356889e-31   2.437643e-30   2.197569e-01
 5.897779e-31   2.148671e-30   2.744850e-01
 7.536923e-31   2.702887e-30   2.788471e-01
 6.836297e-31   2.556736e-30   2.673838e-01
 3.309381e-31   2.120670e-30   1.560536e-01
 1.806754e-32   2.809632e-30   6.430573e-03
 3.451620e-31   1.880910e-30   1.835080e-01
 8.137401e-31   2.860373e-30   2.844875e-01
 9.070248e-31   2.159741e-30   4.199693e-01
 1.030939e-30   2.320968e-30   4.441851e-01
 5.907875e-31   2.464140e-30   2.397540e-01
 7.482961e-31   2.804113e-30   2.668566e-01
 8.117309e-31   2.002234e-30   4.054125e-01
 7.555334e-31   2.728289e-30   2.769257e-01
 2.243015e-31   1.846099e-30   1.215002e-01
 3.896041e-31   2.476197e-30   1.573397e-01
 1.342187e-30   1.996367e-30   6.723147e-01
 1.287098e-30   1.990107e-30   6.467485e-01
 7.931830e-31   2.821605e-30   2.811106e-01
 3.633742e-31   1.998763e-30   1.817995e-01
 5.350127e-31   2.173188e-30   2.461879e-01
 6.146728e-31   2.362124e-30   2.602204e-01
 6.871615e-31   2.537055e-30   2.708501e-01
-4.879830e-33   1.986157e-30  -2.456920e-03
 5.539767e-31   2.163230e-30   2.560878e-01
 5.915751e-31   2.397549e-30   2.467416e-01
 1.607877e-31   2.130411e-30   7.547259e-02
 1.213911e-30   2.566199e-30   4.730383e-01
 9.921948e-31   2.841480e-30   3.491824e-01
 6.663163e-31   2.194967e-30   3.035655e-01
 7.432277e-31   2.758558e-30   2.694261e-01
 1.394993e-30   2.201134e-30   6.337613e-01
 4.987224e-31   2.762621e-30   1.805251e-01
 4.664249e-31   1.990820e-30   2.342878e-01
 7.951990e-31   2.325158e-30   3.419978e-01
 3.182272e-31   1.942669e-30   1.638093e-01
 3.156453e-31   2.236423e-30   1.411385e-01
 1.185233e-30   2.117347e-30   5.597727e-01
 4.256338e-31   2.242357e-30   1.898154e-01
 1.470233e-30   2.750937e-30   5.344481e-01
 6.293737e-31   2.411410e-30   2.609982e-01
 5.276437e-31   2.207134e-30   2.390628e-01
 6.633139e-31   2.457469e-30   2.699175e-01
 3.571119e-31   1.794358e-30   1.990193e-01
 4.003330e-31   2.391319e-30   1.674109e-01
 2.652993e-31   2.446242e-30   1.084518e-01
 4.632045e-31   2.206858e-30   2.098933e-01
 5.220231e-31   2.473269e-30   2.110660e-01
 6.056357e-31   2.509111e-30   2.413746e-01
 7.579274e-31   2.111643e-30   3.589279e-01
 3.814407e-31   2.148144e-30   1.775675e-01
 1.238224e-30   2.309344e-30   5.361799e-01
 2.128624e-31   2.008093e-30   1.060022e-01
 4.418207e-31   2.484806e-30   1.778089e-01
 6.744367e-31   2.640104e-30   2.554584e-01
 1.449649e-30   2.187384e-30   6.627317e-01
 7.131172e-31   2.715542e-30   2.626059e-01
 5.158741e-31   2.259744e-30   2.282887e-01
 1.044678e-30   2.347958e-30   4.449304e-01
 5.327481e-31   2.265060e-30   2.352027e-01
 9.320237e-31   2.561027e-30   3.639258e-01
 1.745957e-30   2.400018e-30   7.274767e-01
 8.248492e-31   2.199522e-30   3.750130e-01
 2.691283e-31   2.199558e-30   1.223556e-01
 1.022998e-31   1.686029e-30   6.067497e-02
 2.466638e-31   2.103286e-30   1.172755e-01
 1.416055e-30   2.145156e-30   6.601174e-01
 4.730727e-31   2.003589e-30   2.361126e-01
 5.365365e-31   2.408370e-30   2.227800e-01
 5.973769e-31   2.552023e-30   2.340797e-01
 5.212839e-31   2.355890e-30   2.212683e-01
 4.533810e-31   2.252291e-30   2.012977e-01
 7.151317e-31   2.733343e-30   2.616326e-01
 7.050151e-31   2.579190e-30   2.733474e-01
 1.558534e-30   2.370249e-30   6.575403e-01
 5.382842e-31   2.537693e-30   2.121155e-01
 7.038219e-31   2.861564e-30   2.459571e-01
 7.026267e-31   1.970749e-30   3.565278e-01
 4.397832e-31   2.801858e-30   1.569613e-01
 5.743004e-31   2.532634e-30   2.267601e-01
 7.772693e-31   2.487146e-30   3.125145e-01
 2.532500e-31   2.236258e-30   1.132472e-01
 3.620109e-31   2.539306e-30   1.425630e-01
 2.489810e-31   1.776797e-30   1.401291e-01
 6.218168e-31   2.330250e-30   2.668455e-01
 6.244657e-31   2.573359e-30   2.426656e-01
 7.631708e-31   2.150853e-30   3.548224e-01
 9.247851e-31   1.851902e-30   4.993704e-01
 9.807696e-31   2.317628e-30   4.231782e-01
 6.823301e-31   1.990848e-30   3.427335e-01
 1.423731e-30   2.622191e-30   5.429549e-01
 7.415342e-31   2.561667e-30   2.894733e-01
 2.133558e-31   2.153114e-30   9.909170e-02
 5.185278e-31   2.420804e-30   2.141965e-01
 2.038075e-31   2.240307e-30   9.097304e-02
 1.070765e-30   2.683613e-30   3.990014e-01
 4.130878e-31   2.413772e-30   1.711379e-01
 8.314377e-31   3.055585e-30   2.721042e-01
 5.902235e-31   2.037310e-30   2.897072e-01
 1.228258e-30   2.541335e-30   4.833122e-01
 5.653034e-31   2.192258e-30   2.578635e-01
 2.457975e-31   2.077505e-30   1.183138e-01
 1.565915e-31   1.784938e-30   8.772939e-02
 1.310215e-30   2.359929e-30   5.551924e-01
 3.725282e-31   1.914537e-30   1.945787e-01
 1.075757e-30   2.807243e-30   3.832076e-01
 7.435280e-31   2.697254e-30   2.756611e-01
 1.250432e-30   2.732994e-30   4.575318e-01
 3.547611e-31   2.294904e-30   1.545865e-01
 5.202934e-31   2.110935e-30   2.464753e-01
 1.404567e-30   2.896629e-30   4.848973e-01
 3.945498e-31   2.332116e-30   1.691810e-01
 7.953168e-31   2.416338e-30   3.291414e-01
 6.132424e-31   2.243361e-30   2.733588e-01
 5.353170e-31   2.308860e-30   2.318534e-01
 5.086883e-31   2.108754e-30   2.412270e-01
 8.053415e-31   2.666517e-30   3.020200e-01
 5.762677e-31   2.416757e-30   2.384467e-01
 6.953893e-31   2.322172e-30   2.994564e-01
 8.571814e-31   3.011779e-30   2.846097e-01
 5.700321e-31   2.170468e-30   2.626309e-01
 1.445415e-31   1.984146e-30   7.284822e-02
 1.137431e-30   2.323016e-30   4.896357e-01
 1.401998e-31   2.244603e-30   6.246083e-02
 4.542344e-31   2.118102e-30   2.144535e-01
 4.341418e-31   2.355243e-30   1.843299e-01
 5.287553e-31   2.534094e-30   2.086565e-01
 5.105734e-31   1.938089e-30   2.634417e-01
 2.426156e-31   2.074025e-30   1.169781e-01
 1.164265e-30   2.131809e-30   5.461392e-01
 4.115681e-31   2.369183e-30   1.737173e-01
 1.755871e-31   1.637031e-30   1.072595e-01
 3.591066e-31   2.320562e-30   1.547498e-01
 1.464565e-30   2.371508e-30   6.175667e-01
 7.863925e-31   2.808651e-30   2.799894e-01
 9.094847e-31   2.574768e-30   3.532297e-01
 1.255821e-30   2.233858e-30   5.621755e-01
 8.817530e-31   3.085871e-30   2.857388e-01
 3.504157e-31   1.981353e-30   1.768568e-01
 1.198109e-30   2.571481e-30   4.659219e-01
 1.329477e-30   2.765275e-30   4.807756e-01
 8.792059e-31   2.753729e-30   3.192782e-01
 1.079832e-30   2.683090e-30   4.024582e-01
 1.661134e-30   2.172835e-30   7.645009e-01
 2.933156e-31   2.627379e-30   1.116381e-01
 5.247687e-31   2.027168e-30   2.588678e-01
 1.221607e-30   2.114134e-30   5.778284e-01
 5.899496e-31   2.271467e-30   2.597219e-01
 5.755249e-31   2.271085e-30   2.534141e-01
-4.952364e-33   1.911479e-30  -2.590854e-03
 6.987904e-31   2.797108e-30   2.498261e-01
 4.055360e-31   2.011092e-30   2.016497e-01
 3.194280e-31   2.195164e-30   1.455144e-01
 5.560670e-31   2.038133e-30   2.728315e-01
 1.238318e-30   2.386013e-30   5.189908e-01
 7.345326e-31   2.682688e-30   2.738047e-01
 3.910244e-31   1.845343e-30   2.118979e-01
 7.915776e-31   2.782634e-30   2.844706e-01
 1.110824e-30   2.515855e-30   4.415294e-01
 5.062566e-31   1.846262e-30   2.742062e-01
 6.102965e-31   2.397893e-30   2.545137e-01
 3.673101e-31   1.909719e-30   1.923373e-01
 6.903904e-31   2.556505e-30   2.700525e-01
 8.313301e-31   2.174761e-30   3.822627e-01
 3.545154e-31   2.040191e-30   1.737658e-01
 1.424097e-30   2.465471e-30   5.776166e-01
 4.886693e-31   2.127604e-30   2.296806e-01
 6.915377e-31   2.584237e-30   2.675984e-01
 8.179468e-31   2.921378e-30   2.799867e-01
 5.248546e-31   2.371520e-30   2.213156e-01
 6.103330e-31   2.374190e-30   2.570699e-01
 3.920668e-32   1.913212e-30   2.049259e-02
 5.762986e-31   2.427781e-30   2.373767e-01
 6.753270e-31   1.981562e-30   3.408053e-01
 2.423529e-31   1.984965e-30   1.220943e-01
 7.815637e-31   2.348596e-30   3.327792e-01
 9.501150e-32   1.835173e-30   5.177250e-02
 1.400808e-30   2.629663e-30   5.326950e-01
 2.123099e-31   2.336604e-30   9.086260e-02
 7.578012e-31   2.900984e-30   2.612221e-01
 1.161352e-30   2.557804e-30   4.540426e-01
 6.911607e-31   1.738018e-30   3.976717e-01
 2.289469e-31   1.920253e-30   1.192274e-01
 6.493597e-31   2.459614e-30   2.640087e-01
 8.790143e-31   2.291702e-30   3.835640e-01
 6.210987e-31   2.394185e-30   2.594196e-01
 5.121352e-31   2.457874e-30   2.083652e-01
 2.540247e-31   2.254008e-30   1.126991e-01
 4.613371e-31   2.212324e-30   2.085305e-01
 7.377613e-31   2.688497e-30   2.744140e-01
 8.596805e-31   2.986375e-30   2.878676e-01
 1.490211e-30   2.168571e-30   6.871856e-01
 8.911186e-31   2.526768e-30   3.526713e-01
 6.030032e-31   2.228794e-30   2.705513e-01
 6.315231e-31   1.759415e-30   3.589392e-01
 1.468494e-30   2.192530e-30   6.697717e-01
 6.437883e-31   2.452275e-30   2.625269e-01
 3.966336e-31   2.483213e-30   1.597260e-01
 8.738536e-31   2.890161e-30   3.023546e-01
 1.271470e-30   2.219349e-30   5.729023e-01
 1.107706e-30   2.348928e-30   4.715795e-01
 1.235112e-30   2.587292e-30   4.773764e-01
 9.560372e-31   3.101597e-30   3.082404e-01
 6.272115e-31   2.386534e-30   2.628127e-01
 1.204007e-30   2.620793e-30   4.594056e-01
 7.640499e-31   2.472189e-30   3.090581e-01
 3.812735e-31   1.937505e-30   1.967858e-01
 8.530126e-31   2.043867e-30   4.173523e-01
 4.525371e-31   2.267927e-30   1.995378e-01
 4.373194e-31   2.325392e-30   1.880626e-01
 3.651819e-31   2.190084e-30   1.667433e-01
 8.744429e-31   2.814167e-30   3.107288e-01
 8.731307e-31   2.425675e-30   3.599538e-01
 4.651606e-31   2.114053e-30   2.200326e-01
 1.014500e-30   2.513631e-30   4.035996e-01
 9.234307e-31   2.895782e-30   3.188882e-01
 3.653789e-31   2.336620e-30   1.563707e-01
 4.203036e-31   2.105710e-30   1.996018e-01
 1.782670e-30   2.372344e-30   7.514382e-01
 5.227483e-31   2.296355e-30   2.276427e-01
 1.912162e-30   1.951795e-30   9.796941e-01
 3.517649e-31   1.900259e-30   1.851143e-01
 7.479481e-31   2.551599e-30   2.931291e-01
 1.479753e-30   2.582189e-30   5.730613e-01
 6.896782e-31   2.455888e-30   2.808264e-01
 2.866468e-31   1.942912e-30   1.475347e-01
 2.165649e-31   2.015062e-30   1.074731e-01
 5.517072e-31   2.459731e-30   2.242957e-01
 4.173639e-31   2.476145e-30   1.685539e-01
 6.213396e-31   2.449531e-30   2.536565e-01
 7.401787e-31   2.976275e-30   2.486930e-01
 4.063355e-31   2.247966e-30   1.807569e-01
 5.224993e-31   2.460006e-30   2.123976e-01
 1.599259e-30   2.648355e-30   6.038690e-01
 5.791582e-31   2.284153e-30   2.535549e-01
 3.602789e-31   2.038704e-30   1.767196e-01
 4.231478e-31   2.186949e-30   1.934877e-01
 6.286212e-31   2.127583e-30   2.954626e-01
 4.445350e-31   2.266835e-30   1.961039e-01
 7.838957e-31   2.832251e-30   2.767748e-01
 8.105681e-31   2.190837e-30   3.699810e-01
-5.673050e-31   2.168674e-30  -2.615907e-01
 6.465753e-31   2.457518e-30   2.631009e-01
 9.702465e-31   2.799710e-30   3.465525e-01
 6.492455e-31   2.446275e-30   2.654017e-01
 5.381201e-31   2.379788e-30   2.261210e-01
 7.907972e-31   2.337314e-30   3.383360e-01
 6.428421e-31   2.564272e-30   2.506919e-01
 7.102125e-31   2.502592e-30   2.837907e-01
 9.981992e-31   2.623681e-30   3.804576e-01
 1.039229e-30   2.389524e-30   4.349105e-01
 6.729207e-32   2.081168e-30   3.233380e-02
 5.958384e-31   2.570273e-30   2.318191e-01
 3.928532e-31   2.103043e-30   1.868023e-01
 1.608322e-30   2.547776e-30   6.312649e-01
 5.744755e-31   2.312247e-30   2.484491e-01
 5.448868e-31   2.100365e-30   2.594248e-01
 1.786457e-31   1.975391e-30   9.043562e-02
 7.539189e-31   2.403074e-30   3.137310e-01
 7.630153e-31   2.728837e-30   2.796120e-01
 4.750761e-31   2.077234e-30   2.287061e-01
 7.475969e-31   2.427885e-30   3.079211e-01
 3.769300e-31   2.063684e-30   1.826491e-01
 5.016530e-31   2.177207e-30   2.304113e-01
 4.687646e-31   2.751695e-30   1.703549e-01
 4.456371e-31   2.296426e-30   1.940568e-01
 6.020695e-31   2.394798e-30   2.514072e-01
 5.436806e-31   2.828029e-30   1.922472e-01
 5.420120e-31   2.207104e-30   2.455761e-01
 7.397840e-31   2.662691e-30   2.778332e-01
 5.383086e-31   2.537689e-30   2.121255e-01
 3.868642e-31   1.828822e-30   2.115374e-01
 7.320249e-31   2.580509e-30   2.836746e-01
 4.654889e-31   2.078159e-30   2.239909e-01
 7.289579e-31   2.460577e-30   2.962549e-01
 1.044236e-30   2.108640e-30   4.952176e-01
 2.277693e-31   1.962678e-30   1.160503e-01
 1.067674e-30   2.048856e-30   5.211075e-01
 1.934960e-30   2.411739e-30   8.023089e-01
 8.306167e-31   2.363371e-30   3.514541e-01
 6.838343e-31   2.279366e-30   3.000108e-01
 9.699452e-31   2.309781e-30   4.199296e-01
 2.942202e-31   1.773137e-30   1.659320e-01
 5.300405e-31   2.115535e-30   2.505468e-01
 1.048028e-30   2.271243e-30   4.614338e-01
 4.102651e-31   2.038903e-30   2.012185e-01
 5.242430e-31   2.369515e-30   2.212448e-01
 2.583457e-31   2.056890e-30   1.256001e-01
 5.621812e-31   2.311704e-30   2.431891e-01
 5.381128e-31   2.227838e-30   2.415404e-01
 5.698199e-31   2.325338e-30   2.450482e-01
 6.715572e-31   2.749247e-30   2.442695e-01
 5.922395e-31   2.338243e-30   2.532840e-01
 6.065362e-31   2.247162e-30   2.699121e-01
 7.474802e-31   2.111816e-30   3.539514e-01
 6.109412e-31   2.476493e-30   2.466961e-01
 4.452174e-31   2.405397e-30   1.850910e-01
 5.547698e-31   2.249574e-30   2.466111e-01
 6.675060e-31   2.417013e-30   2.761698e-01
 5.231652e-31   2.137128e-30   2.447983e-01
 1.037115e-30   2.216048e-30   4.680020e-01
 1.501657e-31   1.845800e-30   8.135535e-02
 5.104205e-31   2.365236e-30   2.158010e-01
 1.421794e-30   2.743161e-30   5.183050e-01
 6.777904e-31   2.206437e-30   3.071878e-01
 3.775402e-31   1.903480e-30   1.983421e-01
 2.528237e-31   2.468499e-30   1.024200e-01
 3.210328e-31   3.059218e-30   1.049395e-01
 4.518683e-31   2.220320e-30   2.035150e-01
 7.478046e-31   2.683929e-30   2.786230e-01
 8.051849e-31   2.077640e-30   3.875479e-01
 5.875974e-31   2.324826e-30   2.527489e-01
 3.915245e-31   2.152786e-30   1.818687e-01
 7.641338e-31   2.725642e-30   2.803500e-01
 5.844615e-31   2.317686e-30   2.521745e-01
 6.063698e-31   2.365255e-30   2.563655e-01
-3.390742e-31   2.123566e-30  -1.596721e-01
 5.162925e-31   2.313987e-30   2.231182e-01
 5.012598e-31   1.824236e-30   2.747779e-01
 5.561289e-31   2.163134e-30   2.570941e-01
 7.301063e-31   2.724655e-30   2.679628e-01
 8.191781e-31   2.627529e-30   3.117674e-01
 4.644792e-31   2.389501e-30   1.943833e-01
 1.221000e-30   2.677139e-30   4.560840e-01
 4.798433e-31   2.121058e-30   2.262283e-01
 4.741285e-31   2.699088e-30   1.756625e-01
 7.161215e-31   2.792464e-30   2.564479e-01
 1.988948e-30   2.222635e-30   8.948604e-01
 3.312907e-31   1.954064e-30   1.695393e-01
 8.712054e-31   3.021277e-30   2.883567e-01
 2.324942e-31   2.074107e-30   1.120936e-01
 7.087069e-31   2.459222e-30   2.881834e-01
 7.398799e-31   2.647974e-30   2.794135e-01
-7.877274e-33   2.176489e-30  -3.619257e-03
 6.089807e-31   2.368782e-30   2.570860e-01
 1.221482e-30   2.114154e-30   5.777640e-01
 3.898403e-31   2.069994e-30   1.883292e-01
 3.870623e-31   2.129398e-30   1.817707e-01
 1.610510e-30   2.176539e-30   7.399407e-01
 4.159587e-31   2.327854e-30   1.786876e-01
 2.751490e-31   1.869911e-30   1.471455e-01
 1.047334e-30   2.312638e-30   4.528740e-01
 5.443067e-31   2.337487e-30   2.328597e-01
 6.004545e-31   2.586900e-30   2.321135e-01
 5.341090e-31   2.128487e-30   2.509336e-01
 6.181136e-31   2.497946e-30   2.474487e-01
 6.436662e-31   2.117309e-30   3.040020e-01
 8.221828e-31   2.391508e-30   3.437927e-01
 1.055121e-30   2.243310e-30   4.703411e-01
 7.228467e-31   2.748112e-30   2.630339e-01
 6.323902e-31   2.524666e-30   2.504847e-01
 5.796765e-31   2.347312e-30   2.469533e-01
 7.290273e-31   2.692182e-30   2.707942e-01
 4.105983e-31   1.930729e-30   2.126648e-01
 7.267810e-31   2.456568e-30   2.958522e-01
 7.332955e-31   2.289349e-30   3.203074e-01
 5.663665e-31   2.577647e-30   2.197223e-01
 5.502773e-31   2.156590e-30   2.551609e-01
 8.043158e-31   2.728400e-30   2.947940e-01
 6.625851e-31   2.762982e-30   2.398079e-01
 9.843760e-31   3.109195e-30   3.166016e-01
 1.814730e-31   1.925023e-30   9.427061e-02
 6.861239e-31   2.322355e-30   2.954431e-01
 3.337234e-31   2.083687e-30   1.601600e-01
 6.868580e-31   2.545142e-30   2.698702e-01
 5.621143e-31   2.396760e-30   2.345309e-01
 5.702717e-31   2.218919e-30   2.570044e-01
 5.912914e-31   2.336679e-30   2.530477e-01
 1.017797e-30   2.455381e-30   4.145169e-01
 3.197197e-31   1.819135e-30   1.757537e-01
 1.915390e-32   2.538179e-30   7.546317e-03
 2.980466e-31   2.224164e-30   1.340038e-01
 4.952264e-31   2.206004e-30   2.244903e-01
 1.639481e-31   2.115743e-30   7.748959e-02
