 3.361829e-29   4.900659e-30   6.859954e+00
 3.268605e-29   7.424570e-30   4.402417e+00
 3.529183e-29   5.409016e-30   6.524630e+00
 3.289734e-29   8.084477e-30   4.069198e+00
 3.263213e-29   4.967221e-30   6.569495e+00
 3.353486e-29   6.767929e-30   4.954967e+00
 3.296476e-29   6.166203e-30   5.346038e+00
 3.316083e-29   5.685599e-30   5.832425e+00
 3.261309e-29   6.693191e-30   4.872578e+00
 3.219741e-29   5.967844e-30   5.395150e+00
 3.353710e-29   7.116004e-30   4.712912e+00
 3.492016e-29   5.910173e-30   5.908484e+00
 3.354034e-29   6.407091e-30   5.234878e+00
 3.380874e-29   6.966510e-30   4.853039e+00
 3.315526e-29   7.168349e-30   4.625229e+00
 3.193102e-29   5.449979e-30   5.858926e+00
 3.331623e-29   6.103643e-30   5.458418e+00
 3.282790e-29   6.691147e-30   4.906169e+00
 3.374336e-29   6.279762e-30   5.373350e+00
 3.360631e-29   6.806248e-30   4.937568e+00
 3.342530e-29   8.217028e-30   4.067809e+00
 3.368871e-29   7.769010e-30   4.336294e+00
 3.268389e-29   6.593296e-30   4.957141e+00
 3.329419e-29   6.569762e-30   5.067793e+00
 3.163990e-29   6.013767e-30   5.261245e+00
 3.455233e-29   5.638980e-30   6.127408e+00
 2.871665e-29   5.566465e-30   5.158867e+00
 3.309681e-29   7.248412e-30   4.566077e+00
 3.071140e-29   6.501046e-30   4.724070e+00
 3.475419e-29   7.157114e-30   4.855895e+00
 3.322863e-29   7.708555e-30   4.310617e+00
 3.029153e-29   6.385098e-30   4.744098e+00
 2.988692e-29   6.541937e-30   4.568512e+00
 3.468336e-29   7.621600e-30   4.550666e+00
 3.436089e-29   6.163721e-30   5.574700e+00
 3.184178e-29   6.997392e-30   4.550521e+00
 3.455233e-29   5.638980e-30   6.127408e+00
 2.952184e-29   6.567081e-30   4.495428e+00
 3.297858e-29   8.199160e-30   4.022191e+00
 3.349156e-29   7.258177e-30   4.614321e+00
 3.437614e-29   5.420400e-30   6.341993e+00
 3.406357e-29   7.416616e-30   4.592872e+00
 3.310195e-29   6.053950e-30   5.467826e+00
 3.259870e-29   6.739012e-30   4.837311e+00
 2.885292e-29   6.679157e-30   4.319845e+00
 3.360434e-29   6.202744e-30   5.417658e+00
 3.543641e-29   6.179277e-30   5.734718e+00
 3.348462e-29   6.535825e-30   5.123243e+00
 3.391448e-29   6.601356e-30   5.137503e+00
 3.270371e-29   6.725090e-30   4.862940e+00
 3.351391e-29   6.943273e-30   4.826818e+00
 3.594894e-29   6.421202e-30   5.598475e+00
 3.084334e-29   6.417832e-30   4.805882e+00
 3.336607e-29   6.356565e-30   5.249072e+00
 3.244468e-29   6.688012e-30   4.851170e+00
 3.317243e-29   7.240722e-30   4.581370e+00
 3.259189e-29   6.239273e-30   5.223667e+00
 3.120553e-29   5.189914e-30   6.012726e+00
 3.403329e-29   8.222038e-30   4.139277e+00
 3.545566e-29   6.514278e-30   5.442761e+00
 3.461974e-29   5.144707e-30   6.729195e+00
 3.392586e-29   7.349010e-30   4.616386e+00
 3.276511e-29   6.817397e-30   4.806103e+00
 3.294529e-29   6.668027e-30   4.940786e+00
 3.148394e-29   7.689385e-30   4.094467e+00
 3.413172e-29   5.410441e-30   6.308491e+00
 3.288993e-29   6.690133e-30   4.916186e+00
 2.844330e-29   6.220054e-30   4.572838e+00
 3.541422e-29   5.837603e-30   6.066569e+00
 3.379077e-29   6.681483e-30   5.057376e+00
 2.876874e-29   6.833215e-30   4.210132e+00
 3.289617e-29   6.886928e-30   4.776610e+00
 3.359213e-29   4.879717e-30   6.884032e+00
 3.304137e-29   6.452368e-30   5.120812e+00
 3.271848e-29   6.226992e-30   5.254300e+00
 3.168975e-29   7.323580e-30   4.327085e+00
 3.335249e-29   8.790721e-30   3.794057e+00
 3.338711e-29   5.920035e-30   5.639682e+00
 3.313605e-29   9.955265e-30   3.328495e+00
 3.372570e-29   7.046450e-30   4.786198e+00
 3.522093e-29   5.539745e-30   6.357861e+00
 3.318522e-29   6.670351e-30   4.975034e+00
 3.284542e-29   7.614406e-30   4.313589e+00
 3.297962e-29   6.261878e-30   5.266730e+00
 3.328232e-29   9.100976e-30   3.657005e+00
 3.591966e-29   5.211761e-30   6.892040e+00
 3.310622e-29   7.991096e-30   4.142888e+00
 2.995885e-29   5.989984e-30   5.001491e+00
 2.975808e-29   6.638187e-30   4.482862e+00
 3.491688e-29   7.402524e-30   4.716889e+00
 3.444203e-29   5.514333e-30   6.245911e+00
 3.427718e-29   5.874443e-30   5.834967e+00
 3.420686e-29   5.926472e-30   5.771875e+00
 3.652437e-29   5.166955e-30   7.068838e+00
 3.204329e-29   6.574288e-30   4.874031e+00
 3.339243e-29   6.013227e-30   5.553162e+00
 3.360057e-29   6.441563e-30   5.216214e+00
 3.632534e-29   6.043293e-30   6.010851e+00
 3.431837e-29   7.528052e-30   4.558732e+00
 3.357571e-29   6.794256e-30   4.941779e+00
 3.281275e-29   7.257694e-30   4.521099e+00
 3.180347e-29   6.007826e-30   5.293673e+00
 3.356807e-29   8.197234e-30   4.095048e+00
 3.198631e-29   6.794330e-30   4.707795e+00
 3.290004e-29   7.245490e-30   4.540761e+00
 2.969062e-29   6.676604e-30   4.446964e+00
 3.262134e-29   5.881989e-30   5.545971e+00
 3.273693e-29   6.043352e-30   5.417015e+00
 3.255505e-29   7.701338e-30   4.227194e+00
 3.152031e-29   7.334129e-30   4.297757e+00
 3.379004e-29   6.076189e-30   5.561057e+00
 2.948537e-29   6.939885e-30   4.248682e+00
 3.169474e-29   5.853914e-30   5.414281e+00
 3.324423e-29   7.778557e-30   4.273830e+00
 3.300848e-29   7.162544e-30   4.608485e+00
 3.504425e-29   5.481753e-30   6.392892e+00
 3.424102e-29   7.193191e-30   4.760198e+00
 3.254749e-29   1.059288e-29   3.072581e+00
 3.344508e-29   5.872524e-30   5.695179e+00
 3.259663e-29   6.348607e-30   5.134454e+00
 3.517557e-29   5.973644e-30   5.888460e+00
 3.342619e-29   5.763449e-30   5.799686e+00
 3.335507e-29   5.743167e-30   5.807783e+00
 3.367992e-29   6.570181e-30   5.126179e+00
 3.201384e-29   6.839984e-30   4.680397e+00
 3.268665e-29   6.545580e-30   4.993699e+00
 3.451586e-29   6.919901e-30   4.987913e+00
 3.344511e-29   7.729689e-30   4.326838e+00
 3.410542e-29   6.181226e-30   5.517582e+00
 3.001846e-29   7.549392e-30   3.976276e+00
 2.730577e-29   7.266020e-30   3.758009e+00
 3.351403e-29   7.069747e-30   4.740485e+00
 3.345647e-29   7.562205e-30   4.424168e+00
 3.607902e-29   6.537711e-30   5.518601e+00
 3.353149e-29   6.164841e-30   5.439149e+00
 3.006122e-29   6.093209e-30   4.933560e+00
 3.120665e-29   7.538556e-30   4.139606e+00
 2.928323e-29   5.329947e-30   5.494095e+00
 3.137800e-29   6.851725e-30   4.579577e+00
 2.930596e-29   5.333442e-30   5.494756e+00
 3.620538e-29   6.976778e-30   5.189412e+00
 3.195811e-29   6.075500e-30   5.260160e+00
 3.131820e-29   5.207651e-30   6.013882e+00
 3.677252e-29   6.483391e-30   5.671804e+00
 3.218150e-29   6.042944e-30   5.325467e+00
 3.313342e-29   6.810095e-30   4.865338e+00
 3.159379e-29   6.691618e-30   4.721397e+00
 3.116122e-29   7.527255e-30   4.139785e+00
 3.391470e-29   6.627676e-30   5.117134e+00
 3.291375e-29   6.379476e-30   5.159318e+00
 3.354599e-29   7.858086e-30   4.268977e+00
 3.342817e-29   6.657828e-30   5.020882e+00
 3.007847e-29   6.939276e-30   4.334525e+00
 2.814262e-29   6.196027e-30   4.542042e+00
 3.035981e-29   7.052842e-30   4.304621e+00
 3.397950e-29   6.933720e-30   4.900616e+00
 3.351949e-29   6.926552e-30   4.839275e+00
 3.431756e-29   7.379732e-30   4.650245e+00
 3.187884e-29   7.341272e-30   4.342414e+00
 3.383191e-29   5.783054e-30   5.850182e+00
 3.491944e-29   6.001887e-30   5.818076e+00
 3.286796e-29   6.330125e-30   5.192309e+00
 3.316059e-29   7.027161e-30   4.718917e+00
 3.359381e-29   5.212609e-30   6.444721e+00
 3.232299e-29   7.861853e-30   4.111370e+00
 3.357904e-29   6.472592e-30   5.187881e+00
 3.387018e-29   7.432364e-30   4.557121e+00
 3.351696e-29   7.087210e-30   4.729217e+00
 3.625490e-29   5.635536e-30   6.433266e+00
 3.381623e-29   6.313452e-30   5.356219e+00
 3.742263e-29   6.292415e-30   5.947261e+00
 3.335561e-29   7.870347e-30   4.238137e+00
 3.321339e-29   7.280039e-30   4.562254e+00
 2.981180e-29   5.998303e-30   4.970039e+00
 3.710975e-29   6.023844e-30   6.160476e+00
 3.212090e-29   6.456514e-30   4.974960e+00
 3.376964e-29   6.574298e-30   5.136615e+00
 3.141976e-29   5.650554e-30   5.560474e+00
 3.352343e-29   7.112886e-30   4.713056e+00
 3.356779e-29   6.419216e-30   5.229267e+00
 3.788197e-29   5.822566e-30   6.506060e+00
 3.228764e-29   7.184045e-30   4.494354e+00
 3.393646e-29   6.504462e-30   5.217412e+00
 3.343822e-29   6.999957e-30   4.776919e+00
 3.024042e-29   5.950734e-30   5.081797e+00
 3.397586e-29   6.606116e-30   5.143091e+00
 3.305173e-29   6.802215e-30   4.858966e+00
 3.379821e-29   5.013197e-30   6.741848e+00
 3.356313e-29   6.381997e-30   5.259033e+00
 3.252950e-29   7.428326e-30   4.379116e+00
 3.306247e-29   6.446291e-30   5.128914e+00
 3.151065e-29   5.158109e-30   6.108954e+00
 3.253834e-29   6.212594e-30   5.237480e+00
 3.370054e-29   6.676308e-30   5.047781e+00
 3.350551e-29   6.642171e-30   5.044361e+00
 3.326378e-29   7.018153e-30   4.739678e+00
 3.460489e-29   7.093069e-30   4.878691e+00
 3.356313e-29   5.496677e-30   6.106077e+00
 3.319251e-29   8.978042e-30   3.697076e+00
 3.396652e-29   6.699647e-30   5.069897e+00
 3.354139e-29   5.494358e-30   6.104697e+00
 3.372771e-29   6.766307e-30   4.984656e+00
 3.368499e-29   6.581376e-30   5.118229e+00
 3.428454e-29   6.053469e-30   5.663619e+00
 3.379087e-29   7.515233e-30   4.496317e+00
 3.205552e-29   6.655140e-30   4.816656e+00
 3.134376e-29   6.485588e-30   4.832833e+00
 3.388257e-29   9.399372e-30   3.604769e+00
 3.357984e-29   6.656064e-30   5.045000e+00
 3.330757e-29   5.951977e-30   5.596052e+00
 3.316132e-29   7.374401e-30   4.496816e+00
 3.404260e-29   7.446251e-30   4.571777e+00
 3.705116e-29   5.920176e-30   6.258457e+00
 3.311163e-29   6.407532e-30   5.167611e+00
 3.424249e-29   6.110817e-30   5.603585e+00
 3.471653e-29   6.124991e-30   5.668013e+00
 3.398391e-29   8.358363e-30   4.065857e+00
 3.161199e-29   7.199038e-30   4.391141e+00
 3.561708e-29   6.979816e-30   5.102868e+00
 3.409849e-29   6.646150e-30   5.130564e+00
 3.649018e-29   5.602183e-30   6.513565e+00
 3.358054e-29   5.571296e-30   6.027420e+00
 3.055605e-29   5.339638e-30   5.722494e+00
 3.301045e-29   7.154600e-30   4.613877e+00
 3.360229e-29   5.476003e-30   6.136281e+00
 3.224321e-29   6.092349e-30   5.292411e+00
 3.372785e-29   5.003196e-30   6.741260e+00
 3.300096e-29   6.306395e-30   5.232937e+00
 3.436108e-29   5.784735e-30   5.939956e+00
 3.259046e-29   6.682773e-30   4.876786e+00
 3.093007e-29   8.178979e-30   3.781654e+00
 3.309016e-29   6.600722e-30   5.013112e+00
 3.336037e-29   7.672012e-30   4.348321e+00
 3.183907e-29   6.982310e-30   4.559962e+00
 3.300448e-29   5.592550e-30   5.901508e+00
 3.333514e-29   7.606132e-30   4.382666e+00
 3.448812e-29   5.495488e-30   6.275715e+00
 3.113533e-29   5.609834e-30   5.550134e+00
 2.779554e-29   5.868385e-30   4.736489e+00
 3.790094e-29   7.106644e-30   5.333170e+00
 3.376989e-29   6.906183e-30   4.889806e+00
 3.354323e-29   5.446714e-30   6.158435e+00
 3.221140e-29   5.313596e-30   6.062070e+00
 3.244616e-29   6.240260e-30   5.199488e+00
 3.287142e-29   6.042860e-30   5.439712e+00
 3.219450e-29   7.323885e-30   4.395822e+00
 3.190231e-29   5.418637e-30   5.887515e+00
 3.362497e-29   5.990259e-30   5.613275e+00
 3.308697e-29   7.183268e-30   4.606117e+00
 3.102890e-29   7.136206e-30   4.348095e+00
 3.357570e-29   6.570521e-30   5.110052e+00
 3.402383e-29   6.481067e-30   5.249726e+00
 3.356603e-29   6.274717e-30   5.349408e+00
 3.379891e-29   5.608936e-30   6.025903e+00
 3.034930e-29   6.897728e-30   4.399898e+00
 3.349959e-29   6.114775e-30   5.478466e+00
 3.893336e-29   5.173880e-30   7.524984e+00
 3.600957e-29   7.518001e-30   4.789779e+00
 3.298606e-29   6.377185e-30   5.172511e+00
 3.477663e-29   6.546501e-30   5.312246e+00
 3.364987e-29   6.242995e-30   5.390019e+00
 3.352707e-29   6.256180e-30   5.359033e+00
 4.003761e-29   8.228898e-30   4.865488e+00
 2.884054e-29   5.728765e-30   5.034338e+00
 3.118363e-29   7.118468e-30   4.380666e+00
 3.390778e-29   5.707877e-30   5.940524e+00
 3.433447e-29   8.322634e-30   4.125434e+00
 3.114368e-29   7.656716e-30   4.067499e+00
 3.182980e-29   8.158602e-30   3.901379e+00
 3.287563e-29   5.971977e-30   5.504982e+00
 3.304610e-29   6.651393e-30   4.968297e+00
 3.520814e-29   5.540205e-30   6.355025e+00
 3.606208e-29   5.065478e-30   7.119186e+00
 3.360161e-29   6.546754e-30   5.132560e+00
 3.473843e-29   6.967188e-30   4.986004e+00
 3.361145e-29   6.668736e-30   5.040153e+00
 2.992219e-29   6.464238e-30   4.628881e+00
 3.631679e-29   6.076629e-30   5.976471e+00
 3.124151e-29   7.743967e-30   4.034304e+00
 3.639753e-29   5.978308e-30   6.088267e+00
 3.453893e-29   6.490896e-30   5.321134e+00
 3.355374e-29   5.842963e-30   5.742590e+00
 3.547499e-29   7.699586e-30   4.607389e+00
 3.549211e-29   6.943876e-30   5.111283e+00
 3.325560e-29   6.645315e-30   5.004367e+00
 3.458258e-29   6.513026e-30   5.309756e+00
 3.450550e-29   6.256508e-30   5.515137e+00
 3.354075e-29   6.154246e-30   5.450019e+00
 3.069973e-29   7.264149e-30   4.226198e+00
 3.492392e-29   6.369227e-30   5.483227e+00
 3.320799e-29   6.576200e-30   5.049724e+00
 2.958024e-29   5.901458e-30   5.012361e+00
 3.340985e-29   6.839741e-30   4.884666e+00
 3.414045e-29   6.482068e-30   5.266908e+00
 3.324447e-29   6.593316e-30   5.042147e+00
 3.353772e-29   6.540224e-30   5.127916e+00
 3.247339e-29   5.267277e-30   6.165119e+00
 3.296003e-29   6.269888e-30   5.256877e+00
 3.356550e-29   5.894871e-30   5.694019e+00
 3.250053e-29   6.980540e-30   4.655876e+00
 3.359717e-29   6.760830e-30   4.969386e+00
 3.458479e-29   7.593407e-30   4.554581e+00
 3.331477e-29   7.386140e-30   4.510443e+00
 3.456891e-29   7.417598e-30   4.660391e+00
 3.346714e-29   6.736584e-30   4.967969e+00
 3.350791e-29   8.968877e-30   3.736021e+00
 3.383623e-29   7.155150e-30   4.728934e+00
 3.369477e-29   6.772079e-30   4.975544e+00
 3.355535e-29   6.753409e-30   4.968654e+00
 3.555760e-29   7.039064e-30   5.051468e+00
 3.483537e-29   6.680970e-30   5.214118e+00
 3.249251e-29   6.788755e-30   4.786226e+00
 3.323966e-29   7.077679e-30   4.696406e+00
 3.397194e-29   6.250313e-30   5.435238e+00
 3.366812e-29   6.883245e-30   4.891315e+00
 3.349811e-29   6.722603e-30   4.982908e+00
 3.358805e-29   6.329743e-30   5.306385e+00
 3.364436e-29   5.844032e-30   5.757047e+00
 3.194808e-29   6.334755e-30   5.043303e+00
 3.323026e-29   8.659815e-30   3.837295e+00
 3.339124e-29   6.413820e-30   5.206139e+00
 3.348646e-29   5.981746e-30   5.598108e+00
 3.335437e-29   7.123272e-30   4.682451e+00
 2.936135e-29   7.194341e-30   4.081173e+00
 2.847335e-29   5.424274e-30   5.249246e+00
 2.990603e-29   7.471314e-30   4.002781e+00
 2.693232e-29   6.416269e-30   4.197505e+00
 3.449512e-29   7.096181e-30   4.861082e+00
 3.003990e-29   7.257072e-30   4.139396e+00
 3.502241e-29   6.403845e-30   5.468965e+00
 3.357499e-29   6.272749e-30   5.352517e+00
 3.311402e-29   5.814188e-30   5.695382e+00
 3.358207e-29   7.107546e-30   4.724848e+00
 3.082216e-29   6.255695e-30   4.927056e+00
 3.359132e-29   5.972526e-30   5.624307e+00
 3.205234e-29   5.869601e-30   5.460736e+00
 3.359572e-29   6.224124e-30   5.397662e+00
 3.362217e-29   5.935322e-30   5.664760e+00
 3.146411e-29   6.118739e-30   5.142254e+00
 3.356254e-29   6.752088e-30   4.970690e+00
 3.377335e-29   5.462643e-30   6.182603e+00
 3.214355e-29   8.216664e-30   3.911996e+00
 3.525550e-29   6.187832e-30   5.697553e+00
 3.296358e-29   6.757233e-30   4.878266e+00
 3.433068e-29   7.536699e-30   4.555135e+00
 3.167787e-29   5.928721e-30   5.343121e+00
 3.365094e-29   6.475979e-30   5.196270e+00
 3.171384e-29   6.422998e-30   4.937544e+00
 3.583025e-29   7.195785e-30   4.979338e+00
 3.266444e-29   6.254883e-30   5.222230e+00
 3.282950e-29   5.405262e-30   6.073618e+00
 3.509084e-29   8.202021e-30   4.278316e+00
 3.342437e-29   5.112180e-30   6.538183e+00
 3.385603e-29   8.726193e-30   3.879817e+00
 3.423192e-29   6.819925e-30   5.019398e+00
 3.374000e-29   6.035718e-30   5.590057e+00
 3.552058e-29   5.339865e-30   6.651962e+00
 3.441256e-29   6.572410e-30   5.235912e+00
 3.242459e-29   6.229298e-30   5.205175e+00
 3.332974e-29   6.553852e-30   5.085519e+00
 3.379255e-29   7.299873e-30   4.629197e+00
 3.082794e-29   6.696560e-30   4.603549e+00
 3.328516e-29   7.067033e-30   4.709921e+00
 3.292582e-29   6.821284e-30   4.826924e+00
 3.122515e-29   6.889581e-30   4.532227e+00
 3.310332e-29   9.204770e-30   3.596322e+00
 3.365446e-29   6.846927e-30   4.915264e+00
 3.312875e-29   7.712129e-30   4.295669e+00
 3.143613e-29   1.045046e-29   3.008109e+00
 3.210628e-29   5.763930e-30   5.570207e+00
 3.346098e-29   6.308596e-30   5.304030e+00
 3.488144e-29   6.412015e-30   5.440012e+00
 3.263380e-29   5.691723e-30   5.733555e+00
 3.332102e-29   7.106572e-30   4.688762e+00
 3.333499e-29   6.417267e-30   5.194578e+00
 3.617585e-29   6.231395e-30   5.805417e+00
 3.512490e-29   5.616318e-30   6.254080e+00
 3.273996e-29   6.072376e-30   5.391623e+00
 3.083315e-29   7.464696e-30   4.130530e+00
 3.217785e-29   6.584040e-30   4.887250e+00
 3.252587e-29   6.298963e-30   5.163687e+00
 3.368680e-29   5.614451e-30   6.000016e+00
 3.395671e-29   6.721838e-30   5.051700e+00
 3.438146e-29   7.523768e-30   4.569713e+00
 3.594779e-29   5.397828e-30   6.659676e+00
 3.339518e-29   4.874783e-30   6.850597e+00
 3.356013e-29   7.689985e-30   4.364135e+00
 3.106520e-29   7.215579e-30   4.305296e+00
 3.354375e-29   6.255382e-30   5.362382e+00
 3.547578e-29   5.814656e-30   6.101097e+00
 3.300842e-29   7.259396e-30   4.546993e+00
 3.365493e-29   6.476176e-30   5.196729e+00
 3.285824e-29   6.046203e-30   5.434525e+00
 3.391428e-29   4.868543e-30   6.966003e+00
 3.358598e-29   6.530377e-30   5.143038e+00
 2.939432e-29   6.358914e-30   4.622538e+00
 3.235517e-29   6.836688e-30   4.732579e+00
 3.325867e-29   7.097684e-30   4.685849e+00
 3.439487e-29   6.058540e-30   5.677088e+00
 3.523007e-29   7.028875e-30   5.012192e+00
 3.318865e-29   6.344222e-30   5.231319e+00
 3.318791e-29   7.159810e-30   4.635306e+00
 3.212923e-29   5.803408e-30   5.536269e+00
 3.785680e-29   7.154290e-30   5.291482e+00
 3.357721e-29   6.789648e-30   4.945354e+00
 3.593611e-29   6.328702e-30   5.678274e+00
 3.355952e-29   6.888022e-30   4.872156e+00
 3.353669e-29   8.140929e-30   4.119517e+00
 3.301962e-29   7.249879e-30   4.554506e+00
 3.249508e-29   6.616148e-30   4.911480e+00
 3.550571e-29   5.845058e-30   6.074483e+00
 3.317529e-29   7.089084e-30   4.679771e+00
 3.140373e-29   6.958035e-30   4.513304e+00
 3.823619e-29   6.014042e-30   6.357819e+00
 3.559442e-29   6.552240e-30   5.432405e+00
 3.362175e-29   6.223967e-30   5.401982e+00
 3.269342e-29   5.736232e-30   5.699459e+00
 3.303937e-29   5.291713e-30   6.243606e+00
 3.418135e-29   5.557616e-30   6.150362e+00
 3.201860e-29   5.645205e-30   5.671823e+00
 3.402527e-29   7.015380e-30   4.850097e+00
 3.540159e-29   5.767907e-30   6.137683e+00
 3.322216e-29   7.442677e-30   4.463738e+00
 3.261553e-29   6.175623e-30   5.281334e+00
 3.273379e-29   6.847335e-30   4.780516e+00
 3.603560e-29   6.946405e-30   5.187662e+00
 3.380888e-29   8.087543e-30   4.180365e+00
 3.326284e-29   6.207091e-30   5.358846e+00
 3.320246e-29   7.804170e-30   4.254451e+00
 3.291556e-29   7.717700e-30   4.264944e+00
 3.444454e-29   7.710472e-30   4.467241e+00
 3.084212e-29   6.322728e-30   4.877977e+00
 3.243723e-29   7.635288e-30   4.248331e+00
 3.386662e-29   6.823827e-30   4.962995e+00
 3.214145e-29   7.221633e-30   4.450718e+00
 3.391628e-29   7.136675e-30   4.752393e+00
 2.881056e-29   6.629821e-30   4.345602e+00
 3.181111e-29   5.750697e-30   5.531696e+00
 3.354213e-29   7.267978e-30   4.615056e+00
 3.374719e-29   5.830353e-30   5.788191e+00
 3.583811e-29   7.159789e-30   5.005470e+00
 3.356918e-29   6.252528e-30   5.368897e+00
 3.339748e-29   8.095796e-30   4.125286e+00
 3.353580e-29   6.611234e-30   5.072548e+00
 3.115394e-29   8.038351e-30   3.875663e+00
 3.515228e-29   6.442868e-30   5.455999e+00
 3.366207e-29   6.877538e-30   4.894494e+00
 2.942359e-29   5.949940e-30   4.945191e+00
 3.394628e-29   7.372219e-30   4.604621e+00
 3.763972e-29   5.860489e-30   6.422624e+00
 3.332884e-29   5.982530e-30   5.571028e+00
 3.066027e-29   7.024583e-30   4.364711e+00
 3.079028e-29   6.682446e-30   4.607636e+00
 3.344005e-29   6.369910e-30   5.249690e+00
 3.286484e-29   6.069224e-30   5.414998e+00
 3.356314e-29   7.591770e-30   4.420990e+00
 2.724270e-29   5.957776e-30   4.572630e+00
 3.262518e-29   5.832745e-30   5.593453e+00
 3.348302e-29   7.081591e-30   4.728177e+00
 3.245047e-29   6.534562e-30   4.965975e+00
 3.484826e-29   6.689056e-30   5.209743e+00
 3.692572e-29   6.789809e-30   5.438404e+00
 3.657347e-29   6.597362e-30   5.543651e+00
 3.553088e-29   6.153796e-30   5.773816e+00
 3.391053e-29   7.287127e-30   4.653483e+00
 3.115816e-29   6.409658e-30   4.861127e+00
 3.358753e-29   6.906061e-30   4.863485e+00
 3.371661e-29   6.718920e-30   5.018159e+00
 3.413876e-29   5.369598e-30   6.357787e+00
 3.258498e-29   5.977949e-30   5.450862e+00
 3.356104e-29   6.532284e-30   5.137720e+00
 3.281783e-29   6.913131e-30   4.747174e+00
 3.294441e-29   6.240929e-30   5.278767e+00
 3.412693e-29   6.227418e-30   5.480109e+00
 3.539707e-29   5.782620e-30   6.121285e+00
 3.450785e-29   7.034977e-30   4.905183e+00
 3.390383e-29   7.167894e-30   4.729957e+00
 3.322000e-29   5.924347e-30   5.607369e+00
 3.395134e-29   5.853831e-30   5.799850e+00
 3.388257e-29   9.399372e-30   3.604769e+00
 3.132492e-29   6.352732e-30   4.930937e+00
 3.318916e-29   6.716418e-30   4.941497e+00
 3.255189e-29   7.053020e-30   4.615312e+00
 3.502919e-29   5.589358e-30   6.267122e+00
 3.412241e-29   5.303785e-30   6.433595e+00
 3.357118e-29   6.616214e-30   5.074077e+00
 3.239790e-29   7.021751e-30   4.613934e+00
 2.755592e-29   6.442627e-30   4.277125e+00
 3.309074e-29   5.876956e-30   5.630592e+00
 3.198937e-29   5.926987e-30   5.397239e+00
 3.256357e-29   7.707146e-30   4.225114e+00
 3.345161e-29   6.929475e-30   4.827438e+00
 3.289486e-29   6.000130e-30   5.482358e+00
 3.108246e-29   6.241430e-30   4.980022e+00
 3.352344e-29   7.112886e-30   4.713058e+00
 3.594986e-29   4.875480e-30   7.373604e+00
 2.985938e-29   6.527298e-30   4.574539e+00
 3.291556e-29   7.717700e-30   4.264944e+00
 3.141123e-29   6.386808e-30   4.918142e+00
 3.358088e-29   6.435772e-30   5.217848e+00
 3.619955e-29   7.811849e-30   4.633929e+00
 3.161864e-29   5.422526e-30   5.830979e+00
 3.210941e-29   6.742995e-30   4.761891e+00
 3.039943e-29   6.206823e-30   4.897744e+00
 3.307175e-29   5.263553e-30   6.283161e+00
 2.974924e-29   6.175678e-30   4.817162e+00
 3.366446e-29   7.245785e-30   4.646074e+00
 3.261311e-29   6.693194e-30   4.872578e+00
 2.630311e-29   6.160029e-30   4.269965e+00
 3.326350e-29   7.444260e-30   4.468342e+00
 3.143746e-29   7.156615e-30   4.392783e+00
 3.289493e-29   4.940660e-30   6.658003e+00
 3.406005e-29   6.185200e-30   5.506701e+00
 3.332367e-29   5.944670e-30   5.605639e+00
 3.516359e-29   6.232666e-30   5.641822e+00
 3.366219e-29   6.995011e-30   4.812314e+00
 3.801947e-29   6.809825e-30   5.583032e+00
 3.520590e-29   6.139491e-30   5.734335e+00
 3.359250e-29   5.694670e-30   5.898937e+00
 3.762564e-29   5.980624e-30   6.291257e+00
 3.190448e-29   7.060421e-30   4.518779e+00
 3.307506e-29   7.172206e-30   4.611560e+00
 3.255505e-29   7.701338e-30   4.227194e+00
 3.381214e-29   7.459134e-30   4.532985e+00
 3.301550e-29   7.721907e-30   4.275563e+00
 3.060346e-29   6.089074e-30   5.025963e+00
 3.053777e-29   6.074145e-30   5.027500e+00
 3.340392e-29   7.718926e-30   4.327535e+00
 3.475159e-29   6.568267e-30   5.290832e+00
 2.880726e-29   7.640667e-30   3.770255e+00
 3.345998e-29   6.527481e-30   5.126018e+00
 3.197507e-29   5.856026e-30   5.460199e+00
 3.272302e-29   6.035717e-30   5.421563e+00
 3.348111e-29   7.466238e-30   4.484335e+00
 3.417105e-29   7.384010e-30   4.627709e+00
 3.307739e-29   6.761434e-30   4.892066e+00
 3.327642e-29   7.248498e-30   4.590803e+00
 3.403291e-29   6.014184e-30   5.658774e+00
 3.359785e-29   5.565523e-30   6.036782e+00
 3.614936e-29   6.383566e-30   5.662878e+00
 3.372625e-29   6.133855e-30   5.498377e+00
 3.121973e-29   7.886294e-30   3.958732e+00
 3.412399e-29   5.199620e-30   6.562787e+00
 3.326325e-29   7.088971e-30   4.692254e+00
 3.538468e-29   6.147924e-30   5.755550e+00
 3.270133e-29   6.724830e-30   4.862775e+00
 3.145184e-29   9.428358e-30   3.335877e+00
 3.438832e-29   6.237294e-30   5.513340e+00
 3.356229e-29   6.386743e-30   5.254992e+00
 3.344142e-29   5.412468e-30   6.178590e+00
 3.291733e-29   8.249722e-30   3.990114e+00
 3.476267e-29   7.793649e-30   4.460385e+00
 3.290813e-29   9.103932e-30   3.614716e+00
 3.510703e-29   7.562927e-30   4.641990e+00
 3.332680e-29   6.200846e-30   5.374557e+00
 3.351684e-29   7.403532e-30   4.527142e+00
 2.839411e-29   6.976214e-30   4.070132e+00
 2.946080e-29   6.079243e-30   4.846129e+00
 3.450221e-29   6.225413e-30   5.542156e+00
 3.365513e-29   5.917743e-30   5.687157e+00
 3.702574e-29   5.899899e-30   6.275657e+00
 3.286173e-29   6.100190e-30   5.387001e+00
 3.371485e-29   5.965269e-30   5.651858e+00
 3.281354e-29   5.512013e-30   5.953096e+00
 3.273568e-29   6.270688e-30   5.220428e+00
 3.296689e-29   4.736733e-30   6.959838e+00
 3.218975e-29   6.396170e-30   5.032660e+00
 3.388364e-29   5.717326e-30   5.926483e+00
 3.459392e-29   5.401402e-30   6.404618e+00
 3.347390e-29   7.371029e-30   4.541279e+00
 3.480948e-29   6.577461e-30   5.292237e+00
 3.277216e-29   6.501699e-30   5.040554e+00
 3.155670e-29   5.653383e-30   5.581914e+00
 3.244991e-29   8.885972e-30   3.651813e+00
 3.355382e-29   7.887869e-30   4.253851e+00
 3.671975e-29   5.510023e-30   6.664174e+00
 2.901665e-29   5.705529e-30   5.085706e+00
 2.705175e-29   8.123341e-30   3.330126e+00
 3.357595e-29   6.837784e-30   4.910355e+00
 3.285698e-29   6.403699e-30   5.130937e+00
 3.244193e-29   6.805988e-30   4.766675e+00
 3.218150e-29   6.042944e-30   5.325467e+00
 3.344762e-29   7.806194e-30   4.284755e+00
 3.404730e-29   5.408189e-30   6.295509e+00
 3.352128e-29   6.963114e-30   4.814121e+00
 3.362052e-29   7.339321e-30   4.580876e+00
 3.179603e-29   7.550397e-30   4.211173e+00
 3.150282e-29   5.743872e-30   5.484596e+00
 3.619280e-29   5.787468e-30   6.253651e+00
 3.353053e-29   7.101391e-30   4.721685e+00
 2.891572e-29   6.288053e-30   4.598517e+00
 3.271654e-29   7.015130e-30   4.663711e+00
 3.357780e-29   6.408894e-30   5.239250e+00
 3.227589e-29   6.172519e-30   5.228966e+00
 3.402097e-29   7.736512e-30   4.397457e+00
 2.799806e-29   7.245446e-30   3.864228e+00
 2.934760e-29   6.416729e-30   4.573608e+00
 3.346961e-29   7.721477e-30   4.334613e+00
 3.400048e-29   6.761333e-30   5.028666e+00
 3.347681e-29   7.918604e-30   4.227615e+00
 3.389068e-29   6.247415e-30   5.424752e+00
 3.272722e-29   5.677693e-30   5.764175e+00
 3.341252e-29   6.449010e-30   5.181030e+00
 3.356966e-29   6.261742e-30   5.361074e+00
 3.437106e-29   7.020071e-30   4.896114e+00
 3.343792e-29   7.307738e-30   4.575687e+00
 3.391610e-29   5.809869e-30   5.837670e+00
 3.353460e-29   6.505361e-30   5.154918e+00
 3.090747e-29   6.595890e-30   4.685868e+00
 3.338288e-29   7.201526e-30   4.635529e+00
 2.993064e-29   5.990285e-30   4.996530e+00
 3.303176e-29   6.910971e-30   4.779612e+00
 3.343726e-29   7.065389e-30   4.732544e+00
 3.181097e-29   6.596444e-30   4.822441e+00
 3.225318e-29   7.006185e-30   4.603529e+00
 3.509782e-29   7.713981e-30   4.549897e+00
 3.310540e-29   6.988079e-30   4.737411e+00
 3.371572e-29   6.854903e-30   4.918483e+00
 3.637057e-29   5.422104e-30   6.707834e+00
 3.072429e-29   6.048981e-30   5.079250e+00
 3.251381e-29   6.865405e-30   4.735891e+00
 3.229830e-29   6.875907e-30   4.697315e+00
 3.588210e-29   6.300822e-30   5.694828e+00
 3.356425e-29   5.741151e-30   5.846258e+00
 2.917610e-29   7.336883e-30   3.976634e+00
 3.186135e-29   6.960166e-30   4.577670e+00
 3.456256e-29   6.914015e-30   4.998913e+00
 3.343926e-29   6.033805e-30   5.541985e+00
 3.321903e-29   7.609706e-30   4.365350e+00
 3.345458e-29   7.200976e-30   4.645839e+00
 3.561541e-29   6.078623e-30   5.859125e+00
 3.993757e-29   8.233818e-30   4.850431e+00
 3.422495e-29   5.375605e-30   6.366715e+00
 3.328722e-29   8.057369e-30   4.131276e+00
 2.989197e-29   6.049428e-30   4.941288e+00
 3.160701e-29   6.597777e-30   4.790555e+00
 3.366653e-29   6.900928e-30   4.878551e+00
 3.346899e-29   7.909892e-30   4.231283e+00
 3.040171e-29   5.646193e-30   5.384462e+00
 3.344074e-29   7.682153e-30   4.353043e+00
 3.358903e-29   5.159835e-30   6.509710e+00
 3.509334e-29   7.131299e-30   4.921030e+00
 2.878477e-29   5.562901e-30   5.174417e+00
 2.803464e-29   5.527447e-30   5.071898e+00
 3.284986e-29   7.932824e-30   4.141005e+00
 3.350765e-29   5.615838e-30   5.966634e+00
 3.351453e-29   6.113604e-30   5.481960e+00
 3.261164e-29   6.609504e-30   4.934053e+00
 3.346301e-29   7.144931e-30   4.683461e+00
 3.730052e-29   5.790001e-30   6.442230e+00
 3.415310e-29   6.004307e-30   5.688099e+00
 3.379990e-29   6.767700e-30   4.994297e+00
 2.826552e-29   6.194279e-30   4.563166e+00
 2.756897e-29   7.131932e-30   3.865569e+00
 3.279835e-29   7.986842e-30   4.106548e+00
 3.356275e-29   6.161577e-30   5.447103e+00
 3.303061e-29   7.768205e-30   4.252025e+00
 3.129125e-29   6.032050e-30   5.187499e+00
 3.247082e-29   7.820808e-30   4.151850e+00
 3.299776e-29   5.580713e-30   5.912821e+00
 3.489305e-29   6.592141e-30   5.293129e+00
 3.385503e-29   5.468877e-30   6.190491e+00
 3.220861e-29   6.281325e-30   5.127677e+00
 2.965648e-29   5.910412e-30   5.017666e+00
 3.356910e-29   6.342693e-30   5.292564e+00
 3.170897e-29   7.517541e-30   4.217998e+00
 3.353331e-29   6.791588e-30   4.937476e+00
 3.269955e-29   6.218890e-30   5.258101e+00
 3.347397e-29   6.920510e-30   4.836922e+00
 3.356669e-29   5.049735e-30   6.647218e+00
 3.259725e-29   6.767163e-30   4.816975e+00
 3.603377e-29   6.986494e-30   5.157633e+00
 3.362601e-29   6.232841e-30   5.394974e+00
 3.712291e-29   7.272717e-30   5.104407e+00
 3.480627e-29   7.215892e-30   4.823558e+00
 3.304673e-29   5.914517e-30   5.587392e+00
 3.484481e-29   6.055593e-30   5.754154e+00
 3.219170e-29   6.500245e-30   4.952383e+00
 3.615151e-29   5.847938e-30   6.181924e+00
 3.758679e-29   7.313398e-30   5.139443e+00
 3.351262e-29   7.445166e-30   4.501258e+00
 2.796916e-29   6.091498e-30   4.591507e+00
 3.363229e-29   7.644691e-30   4.399431e+00
 3.580066e-29   6.505669e-30   5.502994e+00
 3.140469e-29   6.520323e-30   4.816431e+00
 3.355286e-29   6.401126e-30   5.241712e+00
 3.350826e-29   7.197434e-30   4.655584e+00
 3.056701e-29   6.748046e-30   4.529757e+00
 3.258184e-29   6.416984e-30   5.077439e+00
 3.410542e-29   6.181226e-30   5.517582e+00
 3.538065e-29   4.851782e-30   7.292299e+00
 3.653552e-29   6.088045e-30   6.001190e+00
 2.874037e-29   6.054702e-30   4.746784e+00
 3.429361e-29   5.702031e-30   6.014279e+00
 3.382750e-29   6.797283e-30   4.976621e+00
 3.467323e-29   7.162851e-30   4.840702e+00
 3.390348e-29   6.639052e-30   5.106675e+00
 3.248634e-29   6.337891e-30   5.125733e+00
 3.295577e-29   7.732992e-30   4.261710e+00
 3.351919e-29   7.260806e-30   4.616456e+00
 2.855646e-29   6.593633e-30   4.330914e+00
 3.411002e-29   7.276909e-30   4.687433e+00
 3.479060e-29   8.183228e-30   4.251451e+00
 3.632523e-29   5.678456e-30   6.397027e+00
 3.565680e-29   8.056987e-30   4.425575e+00
 3.648155e-29   7.409655e-30   4.923515e+00
 3.223296e-29   6.949474e-30   4.638187e+00
 3.467297e-29   6.295658e-30   5.507441e+00
 3.483846e-29   7.214176e-30   4.829167e+00
 3.523391e-29   5.026496e-30   7.009637e+00
 3.375531e-29   6.563715e-30   5.142714e+00
 3.256723e-29   7.255484e-30   4.488636e+00
 3.243116e-29   5.992433e-30   5.412019e+00
 3.408123e-29   5.420335e-30   6.287662e+00
 2.921712e-29   6.591981e-30   4.432221e+00
 3.153678e-29   5.499747e-30   5.734223e+00
 3.054074e-29   7.463207e-30   4.092174e+00
 3.249636e-29   7.156158e-30   4.541034e+00
 3.361782e-29   6.062790e-30   5.544942e+00
 3.365589e-29   6.867366e-30   4.900844e+00
 3.175809e-29   6.257956e-30   5.074834e+00
 3.120671e-29   7.538982e-30   4.139379e+00
 3.532690e-29   6.926976e-30   5.099902e+00
 3.333086e-29   8.601797e-30   3.874871e+00
 3.440857e-29   5.726156e-30   6.009018e+00
 3.073970e-29   7.146844e-30   4.301157e+00
 3.370766e-29   6.163443e-30   5.468966e+00
 3.492504e-29   5.911602e-30   5.907881e+00
 3.507551e-29   5.107268e-30   6.867763e+00
 2.829733e-29   6.595343e-30   4.290503e+00
 3.246207e-29   5.343618e-30   6.074923e+00
 3.496594e-29   8.210749e-30   4.258556e+00
 3.371123e-29   7.607268e-30   4.431450e+00
 3.122015e-29   7.886445e-30   3.958710e+00
 3.442124e-29   6.583255e-30   5.228605e+00
 3.249225e-29   5.919557e-30   5.488966e+00
 3.266307e-29   8.270853e-30   3.949178e+00
 3.414763e-29   6.668812e-30   5.120497e+00
 3.292566e-29   6.765048e-30   4.867025e+00
 3.273568e-29   6.270688e-30   5.220428e+00
 3.402383e-29   6.481067e-30   5.249726e+00
 3.317174e-29   5.926596e-30   5.597098e+00
 3.412645e-29   7.565239e-30   4.510954e+00
 3.304325e-29   6.821590e-30   4.843922e+00
 3.333266e-29   6.485057e-30   5.139917e+00
 3.333854e-29   8.491990e-30   3.925881e+00
 3.287775e-29   6.097331e-30   5.392155e+00
 3.676482e-29   5.783005e-30   6.357390e+00
 3.406937e-29   6.728837e-30   5.063188e+00
 3.150398e-29   6.278204e-30   5.017992e+00
 3.295294e-29   5.935599e-30   5.551746e+00
 3.249526e-29   6.616177e-30   4.911485e+00
 3.402855e-29   7.120733e-30   4.778799e+00
 3.477620e-29   5.452555e-30   6.377964e+00
 3.235067e-29   5.897825e-30   5.485187e+00
 3.152882e-29   6.100238e-30   5.168458e+00
 3.227114e-29   6.767683e-30   4.768418e+00
 3.354250e-29   4.603260e-30   7.286683e+00
 3.502288e-29   6.655241e-30   5.262452e+00
 3.107684e-29   6.627624e-30   4.688987e+00
 3.355263e-29   7.928654e-30   4.231819e+00
 3.285269e-29   7.242112e-30   4.536341e+00
 3.088393e-29   6.261640e-30   4.932243e+00
 3.322252e-29   8.697663e-30   3.819706e+00
 3.355372e-29   5.601970e-30   5.989628e+00
 3.328014e-29   7.063853e-30   4.711330e+00
 3.393543e-29   7.864520e-30   4.315003e+00
 3.410606e-29   7.728149e-30   4.413225e+00
 3.413318e-29   7.621110e-30   4.478768e+00
 2.828756e-29   6.022928e-30   4.696646e+00
 3.100850e-29   7.286253e-30   4.255753e+00
 3.194631e-29   5.629121e-30   5.675187e+00
 2.985611e-29   5.902008e-30   5.058635e+00
 3.360108e-29   6.386946e-30   5.260899e+00
 3.293787e-29   6.357333e-30   5.181082e+00
 3.814719e-29   5.634992e-30   6.769697e+00
 3.205495e-29   7.856296e-30   4.080161e+00
 3.334202e-29   5.665489e-30   5.885108e+00
 3.402311e-29   6.180184e-30   5.505194e+00
 3.133534e-29   5.822208e-30   5.382038e+00
 2.974372e-29   6.672921e-30   4.457376e+00
 3.334464e-29   7.613079e-30   4.379915e+00
 3.341033e-29   5.190135e-30   6.437275e+00
 3.342963e-29   7.845027e-30   4.261251e+00
 3.235508e-29   6.976262e-30   4.637883e+00
 3.387611e-29   5.314027e-30   6.374846e+00
 3.356360e-29   6.753169e-30   4.970052e+00
 3.290561e-29   5.360021e-30   6.139082e+00
 3.348719e-29   7.200309e-30   4.650799e+00
 3.091492e-29   6.101103e-30   5.067103e+00
 3.510984e-29   5.861638e-30   5.989767e+00
 2.823160e-29   6.826088e-30   4.135838e+00
 3.362497e-29   5.990259e-30   5.613275e+00
 3.416707e-29   7.366106e-30   4.638417e+00
 3.291514e-29   8.234537e-30   3.997205e+00
 3.371709e-29   6.696682e-30   5.034895e+00
 3.352401e-29   6.684122e-30   5.015469e+00
 3.641852e-29   5.519573e-30   6.598068e+00
 3.366963e-29   6.836215e-30   4.925187e+00
 3.430067e-29   5.434196e-30   6.312005e+00
 3.219925e-29   5.568951e-30   5.781923e+00
 3.332025e-29   6.849192e-30   4.864843e+00
 3.514775e-29   5.193301e-30   6.767901e+00
 3.232220e-29   7.365150e-30   4.388533e+00
 3.451712e-29   6.868201e-30   5.025643e+00
 3.325347e-29   8.122071e-30   4.094211e+00
 3.102236e-29   7.193694e-30   4.312438e+00
 3.325799e-29   5.045393e-30   6.591755e+00
 3.293105e-29   5.393832e-30   6.105316e+00
 3.351949e-29   6.926552e-30   4.839275e+00
 3.267439e-29   6.446154e-30   5.068819e+00
 3.358993e-29   6.745241e-30   4.979797e+00
 3.365623e-29   6.945274e-30   4.845918e+00
 3.661117e-29   6.595784e-30   5.550694e+00
 3.440077e-29   6.192490e-30   5.555240e+00
 3.345041e-29   7.574630e-30   4.416111e+00
 3.335913e-29   8.417126e-30   3.963245e+00
 3.235591e-29   5.950248e-30   5.437743e+00
 3.147382e-29   7.141508e-30   4.407167e+00
 3.343896e-29   6.267306e-30   5.335459e+00
 3.560753e-29   5.156215e-30   6.905750e+00
 2.863737e-29   6.086516e-30   4.705052e+00
 3.356120e-29   6.904669e-30   4.860653e+00
 3.254508e-29   6.987180e-30   4.657827e+00
 3.335802e-29   8.137957e-30   4.099065e+00
 2.916496e-29   6.424822e-30   4.539418e+00
 3.181097e-29   6.596444e-30   4.822441e+00
 3.171749e-29   7.421296e-30   4.273848e+00
 3.350349e-29   8.723781e-30   3.840478e+00
 3.484071e-29   6.717237e-30   5.186762e+00
 3.017208e-29   7.343511e-30   4.108672e+00
 3.388035e-29   6.941316e-30   4.880970e+00
 2.758298e-29   5.511868e-30   5.004290e+00
 3.555239e-29   5.919655e-30   6.005821e+00
 3.601566e-29   6.573060e-30   5.479283e+00
 3.286037e-29   6.499700e-30   5.055674e+00
 3.359723e-29   6.157657e-30   5.456171e+00
 3.320876e-29   7.929752e-30   4.187869e+00
 3.294711e-29   6.752709e-30   4.879096e+00
 3.409788e-29   5.957828e-30   5.723207e+00
 3.267341e-29   7.073625e-30   4.619048e+00
 3.149651e-29   8.138843e-30   3.869900e+00
 3.361094e-29   6.556674e-30   5.126218e+00
 3.538583e-29   6.051563e-30   5.847388e+00
 3.052364e-29   6.622580e-30   4.609026e+00
 3.415549e-29   6.507215e-30   5.248865e+00
 3.055589e-29   5.339631e-30   5.722473e+00
 3.355891e-29   5.343386e-30   6.280457e+00
 3.604406e-29   7.417421e-30   4.859380e+00
 3.170599e-29   7.204613e-30   4.400790e+00
 3.225959e-29   6.891944e-30   4.680767e+00
 3.394092e-29   5.404724e-30   6.279862e+00
 3.305233e-29   5.819415e-30   5.679665e+00
 3.304345e-29   6.889712e-30   4.796057e+00
 3.391014e-29   6.916768e-30   4.902599e+00
 3.359138e-29   6.890605e-30   4.874954e+00
 3.372952e-29   8.444914e-30   3.994064e+00
 3.351618e-29   6.288490e-30   5.329766e+00
 3.413118e-29   6.991693e-30   4.881676e+00
 3.076768e-29   7.309786e-30   4.209108e+00
 3.370388e-29   6.426325e-30   5.244658e+00
 3.356332e-29   5.662469e-30   5.927329e+00
 3.365065e-29   6.149507e-30   5.472089e+00
 3.269540e-29   5.951667e-30   5.493486e+00
 3.437729e-29   6.467530e-30   5.315365e+00
 3.300217e-29   7.959834e-30   4.146087e+00
 3.194756e-29   6.334832e-30   5.043158e+00
 3.721970e-29   6.326259e-30   5.883367e+00
 3.351870e-29   6.928152e-30   4.838043e+00
 3.172402e-29   7.872093e-30   4.029935e+00
 3.354269e-29   6.888433e-30   4.869422e+00
 3.452498e-29   6.761466e-30   5.106139e+00
 3.287057e-29   6.635534e-30   4.953718e+00
 3.409779e-29   7.265885e-30   4.692861e+00
 3.330283e-29   7.046886e-30   4.725893e+00
 3.043391e-29   7.311188e-30   4.162650e+00
 3.221640e-29   6.729627e-30   4.787249e+00
 3.053107e-29   5.869728e-30   5.201445e+00
 3.379487e-29   7.298502e-30   4.630385e+00
 3.445900e-29   5.927013e-30   5.813891e+00
 2.949276e-29   7.140396e-30   4.130409e+00
 3.275219e-29   6.424315e-30   5.098160e+00
 3.365471e-29   5.919370e-30   5.685523e+00
 3.364794e-29   5.557542e-30   6.054464e+00
 3.095297e-29   6.733606e-30   4.596790e+00
 3.346807e-29   7.686893e-30   4.353914e+00
 3.355374e-29   5.842963e-30   5.742590e+00
 3.382950e-29   6.818907e-30   4.961133e+00
 3.376813e-29   5.777300e-30   5.844968e+00
 3.266433e-29   6.084935e-30   5.368066e+00
 3.218423e-29   7.740408e-30   4.157950e+00
 3.264475e-29   6.465351e-30   5.049184e+00
 3.275532e-29   6.666269e-30   4.913591e+00
 3.316970e-29   8.088172e-30   4.101013e+00
 3.360507e-29   6.242822e-30   5.382994e+00
 3.342161e-29   7.486471e-30   4.464267e+00
 3.411009e-29   7.276886e-30   4.687457e+00
 3.393689e-29   5.130235e-30   6.615075e+00
 3.357757e-29   7.263669e-30   4.622673e+00
 3.354332e-29   5.846235e-30   5.737593e+00
 3.214210e-29   6.917610e-30   4.646416e+00
 2.976254e-29   5.902367e-30   5.042475e+00
 3.340327e-29   5.516232e-30   6.055450e+00
 3.249096e-29   5.615787e-30   5.785647e+00
 2.703957e-29   6.487269e-30   4.168098e+00
 3.030203e-29   6.740435e-30   4.495559e+00
 3.289337e-29   6.369340e-30   5.164330e+00
 3.345438e-29   6.514785e-30   5.135146e+00
 3.337729e-29   4.982871e-30   6.698405e+00
 3.300871e-29   5.939094e-30   5.557870e+00
 2.911599e-29   6.322279e-30   4.605299e+00
 3.436108e-29   5.784735e-30   5.939956e+00
 3.369598e-29   6.688026e-30   5.038255e+00
 3.610596e-29   5.948922e-30   6.069329e+00
 3.358146e-29   6.508062e-30   5.159979e+00
 3.357199e-29   6.270881e-30   5.353632e+00
 3.274150e-29   6.469441e-30   5.060947e+00
 3.321912e-29   7.770446e-30   4.275060e+00
 3.355045e-29   6.583326e-30   5.096276e+00
 3.402664e-29   6.341546e-30   5.365669e+00
 3.321998e-29   5.924347e-30   5.607365e+00
 3.347218e-29   6.982754e-30   4.793550e+00
 3.364392e-29   6.810634e-30   4.939910e+00
 3.352687e-29   6.331515e-30   5.295238e+00
 3.249251e-29   6.788755e-30   4.786226e+00
 3.222118e-29   5.963125e-30   5.403405e+00
 3.107197e-29   6.313091e-30   4.921831e+00
 3.540033e-29   5.214431e-30   6.788915e+00
 3.305640e-29   6.577405e-30   5.025751e+00
 2.904953e-29   7.684585e-30   3.780234e+00
 3.264902e-29   6.207375e-30   5.259714e+00
 3.350833e-29   5.353697e-30   6.258914e+00
 3.203278e-29   6.958884e-30   4.603149e+00
 3.368551e-29   8.815331e-30   3.821242e+00
 3.365431e-29   6.238708e-30   5.394436e+00
 3.342027e-29   7.569961e-30   4.414853e+00
 3.011961e-29   5.878799e-30   5.123428e+00
 3.354121e-29   6.545614e-30   5.124227e+00
 3.496651e-29   6.250930e-30   5.593809e+00
 3.339562e-29   7.676237e-30   4.350519e+00
 3.347591e-29   6.530769e-30   5.125875e+00
 3.354819e-29   6.659440e-30   5.037689e+00
 3.414223e-29   6.202242e-30   5.504821e+00
 3.374834e-29   6.518677e-30   5.177175e+00
 3.387138e-29   5.083605e-30   6.662866e+00
 3.323122e-29   6.125066e-30   5.425446e+00
 3.334410e-29   7.597295e-30   4.388944e+00
 3.417105e-29   7.384010e-30   4.627709e+00
 3.411811e-29   6.769951e-30   5.039639e+00
 2.934562e-29   7.577338e-30   3.872813e+00
 3.358310e-29   5.969808e-30   5.625490e+00
 3.543164e-29   7.807261e-30   4.538293e+00
 3.442165e-29   7.822035e-30   4.400600e+00
 2.809946e-29   6.018875e-30   4.668558e+00
 3.433500e-29   5.519349e-30   6.220842e+00
 3.337682e-29   8.515352e-30   3.919606e+00
 3.743973e-29   6.057203e-30   6.181026e+00
 3.299005e-29   6.921521e-30   4.766301e+00
 3.348691e-29   7.458154e-30   4.489973e+00
 3.662647e-29   6.154555e-30   5.951116e+00
 3.357697e-29   6.666372e-30   5.036768e+00
 2.985600e-29   5.902068e-30   5.058565e+00
 3.354619e-29   5.823767e-30   5.760222e+00
 3.322117e-29   6.008498e-30   5.529030e+00
 2.988405e-29   5.927149e-30   5.041893e+00
 3.346346e-29   6.587462e-30   5.079872e+00
 3.397610e-29   5.285289e-30   6.428427e+00
 3.126283e-29   6.618893e-30   4.723272e+00
 3.283186e-29   6.575896e-30   4.992759e+00
 3.370560e-29   7.303928e-30   4.614722e+00
 3.322397e-29   5.994739e-30   5.542188e+00
 3.351688e-29   7.036073e-30   4.763577e+00
 3.773583e-29   6.103835e-30   6.182315e+00
 3.200313e-29   6.722901e-30   4.760316e+00
 2.937953e-29   6.301727e-30   4.662140e+00
 3.327642e-29   7.675320e-30   4.335509e+00
 3.339111e-29   7.137979e-30   4.677951e+00
 3.362033e-29   6.611461e-30   5.085159e+00
 3.354159e-29   7.591326e-30   4.418410e+00
 3.346127e-29   5.430927e-30   6.161245e+00
 3.403226e-29   6.866980e-30   4.955928e+00
 3.318123e-29   6.383357e-30   5.198085e+00
 3.137512e-29   7.248760e-30   4.328343e+00
 2.831908e-29   6.254653e-30   4.527681e+00
 3.387723e-29   7.695042e-30   4.402475e+00
 3.220135e-29   7.867977e-30   4.092711e+00
 3.366002e-29   8.742608e-30   3.850113e+00
 3.362550e-29   5.419430e-30   6.204620e+00
 3.250788e-29   6.480113e-30   5.016562e+00
 3.519147e-29   5.960657e-30   5.903957e+00
 3.350492e-29   7.168558e-30   4.673872e+00
 3.363148e-29   6.748103e-30   4.983842e+00
 3.439737e-29   6.297450e-30   5.462111e+00
 3.343254e-29   6.576670e-30   5.083505e+00
 3.226723e-29   6.887096e-30   4.685172e+00
 3.342437e-29   5.112180e-30   6.538183e+00
 3.026969e-29   7.250419e-30   4.174888e+00
 3.432836e-29   6.266193e-30   5.478344e+00
 3.326284e-29   6.207091e-30   5.358846e+00
 3.239092e-29   5.994847e-30   5.403127e+00
