 3.037600e-31   2.643539e-30   1.149066e-01
 7.783362e-31   4.006587e-30   1.942641e-01
 2.907278e-31   2.896401e-30   1.003755e-01
 1.279672e-30   4.410554e-30   2.901386e-01
 3.408507e-31   2.690871e-30   1.266693e-01
 2.787793e-31   3.647154e-30   7.643748e-02
 3.680247e-31   3.315947e-30   1.109863e-01
 4.379260e-31   3.065672e-30   1.428483e-01
 3.327762e-32   3.620631e-30   9.191110e-03
-1.065797e-31   3.231054e-30  -3.298604e-02
 2.886706e-31   3.833586e-30   7.530042e-02
 3.305799e-31   3.159507e-30   1.046302e-01
 3.318966e-31   3.453728e-30   9.609809e-02
 3.455139e-31   3.751942e-30   9.208936e-02
 9.592604e-32   3.856081e-30   2.487656e-02
 1.777050e-30   2.961026e-30   6.001466e-01
 6.073504e-31   3.291258e-30   1.845344e-01
 1.476324e-30   3.603003e-30   4.097484e-01
 3.726346e-31   3.397258e-30   1.096869e-01
 4.515918e-32   3.658065e-30   1.234510e-02
 1.951720e-32   4.414595e-30   4.421061e-03
 2.913972e-31   4.182271e-30   6.967439e-02
 5.782760e-31   3.557749e-30   1.625398e-01
-3.792460e-31   3.502617e-30  -1.082750e-01
 8.758248e-31   3.269432e-30   2.678829e-01
 1.768037e-30   3.034862e-30   5.825757e-01
 2.919232e-31   3.002308e-30   9.723295e-02
 2.045896e-31   3.912795e-30   5.228732e-02
 1.136733e-30   3.410992e-30   3.332559e-01
 1.583363e-30   3.765682e-30   4.204718e-01
 3.081710e-31   4.168400e-30   7.393028e-02
 5.793774e-31   3.566796e-30   1.624364e-01
 8.636441e-31   3.475984e-30   2.484604e-01
-4.116709e-31   4.025962e-30  -1.022541e-01
 1.395856e-30   3.276993e-30   4.259565e-01
 5.692023e-31   3.777423e-30   1.506853e-01
 1.768037e-30   3.034862e-30   5.825756e-01
 2.379395e-31   3.545121e-30   6.711747e-02
 1.636876e-30   4.360323e-30   3.754025e-01
 2.504932e-31   3.910769e-30   6.405216e-02
 8.827048e-31   2.881346e-30   3.063516e-01
 5.806824e-31   3.991086e-30   1.454948e-01
 1.345497e-31   3.224371e-30   4.172898e-02
 3.868482e-31   3.634990e-30   1.064235e-01
-2.914782e-31   3.612690e-30  -8.068176e-02
 3.713819e-31   3.339781e-30   1.111995e-01
 8.713006e-31   3.283486e-30   2.653584e-01
 3.447628e-31   3.520573e-30   9.792804e-02
 2.073362e-31   3.542977e-30   5.852032e-02
 8.149545e-31   3.614825e-30   2.254479e-01
 2.866846e-31   3.741469e-30   7.662354e-02
 1.112610e-30   3.403036e-30   3.269462e-01
 2.887414e-31   3.435151e-30   8.405494e-02
 7.487051e-31   3.401794e-30   2.200912e-01
 8.064120e-32   3.611924e-30   2.232638e-02
 2.945295e-31   3.903301e-30   7.545652e-02
 8.034137e-31   3.368501e-30   2.385078e-01
 8.409232e-31   2.802641e-30   3.000467e-01
 4.801176e-31   4.510970e-30   1.064333e-01
 1.254498e-30   3.445642e-30   3.640823e-01
 8.776603e-32   2.742305e-30   3.200447e-02
 2.398546e-31   3.953759e-30   6.066494e-02
 1.852202e-31   3.671003e-30   5.045494e-02
 8.085536e-31   3.599363e-30   2.246380e-01
 3.798685e-31   4.143155e-30   9.168581e-02
 7.755391e-31   2.997159e-30   2.587581e-01
 9.428567e-32   3.571414e-30   2.640010e-02
 3.528182e-31   3.329716e-30   1.059604e-01
 1.105670e-30   3.097630e-30   3.569406e-01
 2.377435e-31   3.596445e-30   6.610513e-02
 3.558741e-32   3.684561e-30   9.658521e-03
 1.980165e-30   3.688146e-30   5.369000e-01
 2.357576e-31   2.627961e-30   8.971121e-02
 5.852613e-31   3.484095e-30   1.679809e-01
 9.223656e-31   3.349587e-30   2.753669e-01
 7.420895e-31   3.957572e-30   1.875113e-01
 2.414024e-31   4.735958e-30   5.097224e-02
 1.810418e-31   3.185546e-30   5.683225e-02
 7.323193e-32   5.360118e-30   1.366237e-02
 4.108516e-31   3.821292e-30   1.075164e-01
 6.912428e-31   2.936447e-30   2.354010e-01
 5.374344e-31   3.587645e-30   1.498014e-01
-4.552782e-32   4.069585e-30  -1.118734e-02
 5.104980e-31   3.376367e-30   1.511974e-01
 2.055563e-31   4.891796e-30   4.202061e-02
 1.705688e-30   2.767478e-30   6.163328e-01
 8.819305e-31   4.304356e-30   2.048926e-01
 7.116981e-31   3.225438e-30   2.206516e-01
 1.189755e-30   3.594958e-30   3.309510e-01
 8.884190e-31   3.938610e-30   2.255666e-01
 2.010469e-31   2.975217e-30   6.757385e-02
 5.147563e-31   3.195224e-30   1.611018e-01
 9.173885e-32   3.190168e-30   2.875674e-02
 2.538139e-30   2.704222e-30   9.385839e-01
 4.343159e-31   3.548155e-30   1.224061e-01
 9.430691e-31   3.221814e-30   2.927138e-01
 2.465547e-31   3.473210e-30   7.098756e-02
 1.513762e-30   3.174552e-30   4.768427e-01
 7.315491e-31   4.017022e-30   1.821123e-01
 3.091588e-31   3.660360e-30   8.446131e-02
 2.435979e-31   3.916578e-30   6.219661e-02
-3.500046e-31   3.239295e-30  -1.080496e-01
 3.042766e-31   4.412118e-30   6.896384e-02
 3.302084e-31   3.699558e-30   8.925617e-02
 6.489301e-31   3.907894e-30   1.660562e-01
 2.830343e-31   3.603324e-30   7.854812e-02
 1.008977e-30   3.183467e-30   3.169427e-01
 8.418144e-31   3.270980e-30   2.573585e-01
 5.556988e-31   4.134684e-30   1.343993e-01
 8.009236e-31   3.964396e-30   2.020292e-01
 4.268371e-32   3.277560e-30   1.302302e-02
 2.128182e-30   3.723491e-30   5.715557e-01
 1.167260e-30   3.165695e-30   3.687214e-01
-3.201165e-31   4.168040e-30  -7.680266e-02
 5.457610e-31   3.866890e-30   1.411369e-01
 6.997405e-31   3.036813e-30   2.304193e-01
 6.751620e-31   3.926448e-30   1.719524e-01
 2.786489e-31   5.692365e-30   4.895134e-02
 4.878474e-31   3.170391e-30   1.538761e-01
 6.300805e-31   3.428641e-30   1.837697e-01
 1.144128e-31   3.230289e-30   3.541874e-02
 3.102744e-31   3.115282e-30   9.959752e-02
 6.085564e-31   3.101878e-30   1.961897e-01
 3.841226e-31   3.538423e-30   1.085576e-01
-3.688324e-31   3.703065e-30  -9.960193e-02
 1.387302e-31   3.544050e-30   3.914453e-02
-3.955520e-31   3.708894e-30  -1.066496e-01
 4.564296e-31   4.156065e-30   1.098226e-01
-1.033043e-31   3.330105e-30  -3.102135e-02
 3.288751e-31   4.080695e-30   8.059292e-02
-3.319225e-31   3.924015e-30  -8.458747e-02
 2.608522e-31   3.809510e-30   6.847397e-02
 2.312607e-31   4.074335e-30   5.676036e-02
 1.330522e-30   3.449995e-30   3.856591e-01
 1.746503e-31   3.323406e-30   5.255159e-02
-2.662320e-31   3.279892e-30  -8.117097e-02
 1.280415e-31   4.061336e-30   3.152694e-02
 3.157575e-31   2.877346e-30   1.097392e-01
 2.930326e-31   3.746796e-30   7.820886e-02
 3.099587e-31   2.879256e-30   1.076524e-01
 1.050088e-30   3.679830e-30   2.853632e-01
 1.323582e-31   3.309151e-30   3.999762e-02
 7.045674e-31   2.820478e-30   2.498043e-01
 1.468228e-30   3.398587e-30   4.320113e-01
 1.375922e-30   3.260998e-30   4.219327e-01
 5.991926e-31   3.727249e-30   1.607600e-01
 1.476328e-31   3.610850e-30   4.088588e-02
 5.421375e-31   4.058683e-30   1.335747e-01
-9.423781e-32   3.582204e-30  -2.630721e-02
 1.137543e-30   3.438968e-30   3.307804e-01
 5.448876e-31   4.221531e-30   1.290735e-01
 2.412725e-31   3.587558e-30   6.725257e-02
 9.477126e-31   3.676138e-30   2.578011e-01
 8.523166e-31   3.351755e-30   2.542896e-01
-2.034095e-31   3.799583e-30  -5.353468e-02
 2.306579e-30   3.705302e-30   6.225076e-01
 2.686087e-31   3.732459e-30   7.196561e-02
 3.711071e-31   3.965107e-30   9.359322e-02
 1.254750e-30   3.968014e-30   3.162162e-01
 2.224685e-31   3.115896e-30   7.139793e-02
 1.304374e-30   3.179741e-30   4.102138e-01
 2.426701e-31   3.413998e-30   7.108091e-02
 1.028471e-31   3.784737e-30   2.717417e-02
 3.267791e-31   2.808285e-30   1.163625e-01
 5.516877e-31   4.262806e-30   1.294189e-01
 1.202358e-30   3.400009e-30   3.536336e-01
 9.897549e-31   3.946829e-30   2.507722e-01
 2.350204e-31   3.818589e-30   6.154639e-02
 1.568698e-30   2.970504e-30   5.280914e-01
 6.266612e-31   3.401791e-30   1.842151e-01
 1.552158e-30   3.292324e-30   4.714475e-01
 3.247253e-31   4.244558e-30   7.650392e-02
 1.035112e-30   3.889482e-30   2.661312e-01
 3.758369e-31   3.239701e-30   1.160097e-01
 1.287302e-30   3.175137e-30   4.054320e-01
 1.442893e-30   3.503969e-30   4.117882e-01
 4.655657e-31   3.536598e-30   1.316423e-01
 4.411524e-31   3.097839e-30   1.424065e-01
 2.337967e-31   3.828533e-30   6.106692e-02
 2.828725e-31   3.459425e-30   8.176865e-02
 1.626282e-30   3.065856e-30   5.304496e-01
 7.504275e-31   3.846199e-30   1.951089e-01
 6.073937e-31   3.497621e-30   1.736591e-01
 3.450410e-31   3.773335e-30   9.144193e-02
-5.783104e-31   3.232714e-30  -1.788931e-01
 3.812179e-31   3.519936e-30   1.083025e-01
-2.064460e-31   3.638442e-30  -5.674021e-02
 1.043201e-31   2.704076e-30   3.857882e-02
 2.998664e-31   3.439622e-30   8.718003e-02
 1.383146e-30   3.918640e-30   3.529658e-01
 3.315501e-31   3.468841e-30   9.557951e-02
 5.609708e-31   2.868825e-30   1.955403e-01
 2.463810e-30   3.314032e-30   7.434478e-01
 1.224946e-31   3.596464e-30   3.405973e-02
 2.929923e-31   3.580608e-30   8.182752e-02
 4.792074e-32   3.805497e-30   1.259251e-02
 9.029320e-31   3.804301e-30   2.373450e-01
 3.117157e-31   2.963381e-30   1.051892e-01
-2.157515e-31   4.797600e-30  -4.497071e-02
 6.686088e-31   3.613591e-30   1.850261e-01
 3.078602e-31   2.962494e-30   1.039193e-01
 2.641402e-31   3.647208e-30   7.242257e-02
 6.857457e-31   3.543001e-30   1.935494e-01
 4.707386e-31   3.239531e-30   1.453107e-01
 1.983296e-31   4.027050e-30   4.924935e-02
 1.259262e-31   3.595189e-30   3.502632e-02
 1.142337e-30   3.533355e-30   3.233010e-01
 3.804521e-31   5.151982e-30   7.384577e-02
 3.994378e-31   3.577524e-30   1.116520e-01
-1.126429e-31   3.198665e-30  -3.521559e-02
 2.999651e-31   3.984177e-30   7.528909e-02
 3.217383e-31   4.006795e-30   8.029818e-02
 1.217477e-30   3.125440e-30   3.895377e-01
 3.918204e-31   3.454734e-30   1.134155e-01
 1.036382e-31   3.273358e-30   3.166114e-02
 7.381104e-31   3.269564e-30   2.257519e-01
-2.662436e-31   4.464733e-30  -5.963260e-02
 9.859628e-31   3.881897e-30   2.539899e-01
 5.844480e-31   3.720009e-30   1.571093e-01
 7.003236e-31   3.563787e-30   1.965111e-01
 1.210005e-30   2.958593e-30   4.089798e-01
 3.372089e-31   3.003707e-30   1.122643e-01
 1.190744e-30   2.886517e-30   4.125193e-01
 7.052054e-31   3.860285e-30   1.826822e-01
 8.807597e-31   3.029392e-30   2.907381e-01
 3.475484e-30   3.256972e-30   1.067091e+00
 3.249007e-31   2.700039e-30   1.203319e-01
 2.792135e-31   3.400432e-30   8.211118e-02
 4.971668e-31   3.102050e-30   1.602704e-01
 1.319573e-30   3.575649e-30   3.690443e-01
 2.050039e-31   4.380112e-30   4.680335e-02
 9.175159e-31   3.555076e-30   2.580862e-01
 3.199920e-31   4.134825e-30   7.738948e-02
 2.422336e-31   3.779799e-30   6.408637e-02
 4.677932e-31   2.980373e-30   1.569579e-01
 1.630816e-31   4.106283e-30   3.971513e-02
 4.119017e-31   2.923945e-30   1.408719e-01
-7.136100e-31   3.043085e-30  -2.345021e-01
 1.581081e-30   3.133645e-30   5.045501e-01
 4.165682e-31   3.680637e-30   1.131783e-01
 2.240620e-31   3.712215e-30   6.035802e-02
 1.974150e-31   2.936528e-30   6.722734e-02
-1.022309e-31   2.877555e-30  -3.552701e-02
-3.429661e-32   3.371453e-30  -1.017265e-02
 1.515467e-30   3.297233e-30   4.596178e-01
 1.370921e-31   3.978286e-30   3.446009e-02
 2.504650e-31   2.925163e-30   8.562427e-02
 5.510407e-31   3.226121e-30   1.708060e-01
 4.006901e-31   3.875158e-30   1.033997e-01
 1.738835e-31   3.842212e-30   4.525609e-02
 7.176567e-31   3.537884e-30   2.028491e-01
 2.942995e-31   3.490205e-30   8.432154e-02
 2.996325e-31   3.381802e-30   8.860143e-02
 3.825368e-31   3.020336e-30   1.266537e-01
-9.673391e-31   3.682813e-30  -2.626631e-01
 3.790860e-31   3.297562e-30   1.149595e-01
 9.428932e-31   2.739903e-30   3.441338e-01
 1.339319e-30   3.954933e-30   3.386451e-01
 7.039069e-31   3.440481e-30   2.045955e-01
 9.946746e-31   3.490297e-30   2.849828e-01
 3.753837e-31   3.368335e-30   1.114449e-01
 7.878171e-32   3.365217e-30   2.341059e-02
 1.118300e-30   4.291690e-30   2.605733e-01
-4.344946e-31   3.093010e-30  -1.404763e-01
 4.372447e-32   3.836388e-30   1.139730e-02
 6.457601e-31   3.102915e-30   2.081141e-01
 5.289713e-31   4.438072e-30   1.191894e-01
-4.995199e-31   4.139380e-30  -1.206751e-01
 5.003796e-31   4.411040e-30   1.134380e-01
 6.213892e-33   3.227773e-30   1.925133e-03
 1.058564e-30   3.599325e-30   2.941006e-01
 7.006922e-31   2.936767e-30   2.385931e-01
 7.946133e-31   2.686656e-30   2.957629e-01
 1.154534e-30   3.534146e-30   3.266798e-01
 1.446337e-32   3.711770e-30   3.896623e-03
 5.587078e-31   3.601309e-30   1.551402e-01
-3.460477e-33   3.467641e-30  -9.979343e-04
 7.129349e-31   3.225060e-30   2.210610e-01
 1.985315e-31   4.186345e-30   4.742360e-02
 1.144073e-30   3.157268e-30   3.623617e-01
 1.147664e-30   3.452376e-30   3.324272e-01
 3.395442e-31   3.149431e-30   1.078113e-01
 1.049417e-31   4.038833e-30   2.598318e-02
-9.906422e-31   3.697795e-30  -2.679008e-01
 3.644741e-31   3.586145e-30   1.016339e-01
 7.278566e-32   3.510382e-30   2.073440e-02
 9.589983e-31   3.334713e-30   2.875805e-01
 2.068933e-31   3.320820e-30   6.230189e-02
-5.395000e-31   3.926607e-30  -1.373960e-01
-6.747568e-31   3.416715e-30  -1.974870e-01
 5.992159e-31   3.548342e-30   1.688721e-01
 9.583934e-32   3.195487e-30   2.999209e-02
 2.915694e-31   3.685482e-30   7.911297e-02
 2.202923e-31   3.474228e-30   6.340754e-02
 4.748118e-31   3.555675e-30   1.335364e-01
 2.938504e-31   3.524673e-30   8.336953e-02
 7.520000e-31   2.821952e-30   2.664822e-01
 9.222550e-31   3.396704e-30   2.715147e-01
 3.263437e-31   3.177816e-30   1.026943e-01
-8.475193e-32   3.772137e-30  -2.246789e-02
 2.813168e-31   3.644404e-30   7.719145e-02
 3.535999e-31   4.070524e-30   8.686840e-02
 5.878561e-31   3.965408e-30   1.482461e-01
-8.013741e-31   3.959847e-30  -2.023750e-01
 3.982526e-31   3.625497e-30   1.098477e-01
 1.718208e-31   4.841986e-30   3.548559e-02
-1.811616e-30   3.783653e-30  -4.788008e-01
 2.080644e-30   3.601352e-30   5.777399e-01
 2.712089e-31   3.639097e-30   7.452645e-02
 5.868660e-31   3.750812e-30   1.564637e-01
 5.069868e-31   3.574136e-30   1.418488e-01
 3.121456e-31   3.662518e-30   8.522704e-02
 2.646465e-31   3.814558e-30   6.937803e-02
 2.358119e-31   3.367864e-30   7.001825e-02
 1.439984e-31   3.708017e-30   3.883435e-02
 2.556996e-31   3.623621e-30   7.056467e-02
 8.396951e-31   3.407286e-30   2.464410e-01
 3.218746e-31   3.147892e-30   1.022508e-01
 1.209448e-30   3.339836e-30   3.621278e-01
 2.588600e-31   4.664427e-30   5.549664e-02
 3.324087e-31   3.457146e-30   9.615120e-02
 3.788784e-31   3.221931e-30   1.175936e-01
-1.878275e-32   3.831097e-30  -4.902707e-03
 8.353030e-32   3.879540e-30   2.153098e-02
 1.003439e-30   2.895360e-30   3.465679e-01
 8.490692e-31   4.040291e-30   2.101505e-01
-7.368751e-32   3.490541e-30  -2.111063e-02
 9.690621e-31   3.800795e-30   2.549630e-01
-1.196760e-30   3.894830e-30  -3.072690e-01
 1.006893e-30   3.403007e-30   2.958832e-01
 2.922883e-31   3.380698e-30   8.645796e-02
 8.133321e-31   3.138471e-30   2.591491e-01
 3.201293e-31   3.826374e-30   8.366388e-02
-7.692166e-31   3.401812e-30  -2.261196e-01
 3.010074e-31   3.219143e-30   9.350545e-02
 4.676035e-31   3.170235e-30   1.474981e-01
 5.174027e-31   3.368771e-30   1.535880e-01
 3.230426e-31   3.197220e-30   1.010386e-01
 5.005900e-31   3.290229e-30   1.521444e-01
 3.223564e-31   3.638486e-30   8.859630e-02
 1.248783e-30   2.918557e-30   4.278767e-01
-3.813533e-31   4.434746e-30  -8.599214e-02
 7.100666e-31   3.295177e-30   2.154867e-01
 3.203414e-31   3.661493e-30   8.748928e-02
-1.206448e-31   4.013707e-30  -3.005819e-02
 5.785307e-31   3.219238e-30   1.797104e-01
 3.299331e-31   3.499769e-30   9.427282e-02
-2.643832e-31   3.481988e-30  -7.592881e-02
-1.119159e-30   3.841652e-30  -2.913224e-01
 6.452789e-31   3.375902e-30   1.911426e-01
 1.147381e-31   2.922091e-30   3.926575e-02
 1.053105e-30   4.390753e-30   2.398461e-01
 3.325040e-31   2.756612e-30   1.206205e-01
 3.095473e-31   4.684155e-30   6.608391e-02
 7.238200e-31   3.660839e-30   1.977197e-01
 1.801442e-31   3.252913e-30   5.537934e-02
 1.140069e-30   2.832714e-30   4.024653e-01
 1.195803e-30   3.501269e-30   3.415342e-01
 5.007104e-31   3.365333e-30   1.487848e-01
 3.273736e-32   3.539108e-30   9.250174e-03
 1.068850e-31   3.911691e-30   2.732450e-02
-1.518372e-31   3.625790e-30  -4.187699e-02
 6.579564e-31   3.883266e-30   1.694338e-01
 9.462471e-31   3.743685e-30   2.527582e-01
-9.177670e-31   3.741836e-30  -2.452718e-01
 2.600719e-31   4.959179e-30   5.244253e-02
 2.618202e-31   3.687771e-30   7.099686e-02
 5.245616e-31   4.166257e-30   1.259072e-01
 2.131284e-31   5.631298e-30   3.784713e-02
 1.203709e-30   3.074205e-30   3.915513e-01
 1.194065e-31   3.398246e-30   3.513770e-02
 1.057753e-30   3.410879e-30   3.101114e-01
 2.543775e-31   3.068204e-30   8.290761e-02
-1.051479e-31   3.832211e-30  -2.743792e-02
 3.139956e-31   3.459880e-30   9.075333e-02
 5.590077e-31   3.312832e-30   1.687401e-01
 7.728748e-31   3.010800e-30   2.567008e-01
 6.008180e-31   3.280691e-30   1.831376e-01
 6.906458e-32   4.022888e-30   1.716791e-02
 1.296669e-30   3.571316e-30   3.630788e-01
 2.608508e-31   3.400674e-30   7.670560e-02
 3.368167e-31   3.025142e-30   1.113391e-01
-2.004551e-31   3.619793e-30  -5.537750e-02
 7.358373e-31   4.034059e-30   1.824062e-01
 1.324246e-30   2.846012e-30   4.652988e-01
 8.431474e-31   2.630983e-30   3.204686e-01
 1.073193e-30   4.133181e-30   2.596531e-01
-9.466541e-31   3.939125e-30  -2.403209e-01
 3.335114e-31   3.371332e-30   9.892571e-02
 1.349301e-30   3.076197e-30   4.386263e-01
 2.545420e-31   3.908671e-30   6.512239e-02
 2.362924e-31   3.490986e-30   6.768645e-02
 4.493712e-31   3.258542e-30   1.379056e-01
 1.650946e-31   2.629186e-30   6.279306e-02
 3.245955e-31   3.518708e-30   9.224849e-02
 1.089700e-30   3.350841e-30   3.252019e-01
 1.379444e-30   3.698796e-30   3.729440e-01
 2.129156e-31   3.826724e-30   5.563912e-02
 2.409526e-31   3.250102e-30   7.413692e-02
 9.155362e-31   3.736841e-30   2.450027e-01
 8.989394e-31   3.428187e-30   2.622201e-01
 4.563466e-31   3.861599e-30   1.181755e-01
 1.047793e-30   3.145524e-30   3.331059e-01
 1.290163e-30   3.740105e-30   3.449537e-01
 2.833554e-31   3.658268e-30   7.745617e-02
 8.234672e-31   3.356338e-30   2.453469e-01
 2.337725e-31   3.699676e-30   6.318728e-02
 1.723526e-31   4.379190e-30   3.935718e-02
 2.543338e-31   3.913394e-30   6.499058e-02
 9.891335e-31   3.583170e-30   2.760498e-01
 7.119939e-31   3.117135e-30   2.284129e-01
 1.108639e-31   3.823961e-30   2.899191e-02
 1.577169e-31   3.723863e-30   4.235304e-02
 1.131080e-30   3.147807e-30   3.593231e-01
 1.367759e-30   3.461116e-30   3.951785e-01
 1.902481e-31   3.345226e-30   5.687152e-02
 5.169342e-31   3.089819e-30   1.673024e-01
 1.671171e-31   2.860717e-30   5.841790e-02
-4.876264e-31   2.937678e-30  -1.659904e-01
 9.707471e-31   3.060761e-30   3.171588e-01
-1.065354e-31   3.793554e-30  -2.808326e-02
 1.368372e-30   3.052038e-30   4.483470e-01
 8.216754e-31   4.024605e-30   2.041630e-01
 1.406391e-30   3.293481e-30   4.270226e-01
 3.936659e-32   3.701658e-30   1.063485e-02
 1.039685e-30   3.660054e-30   2.840627e-01
-1.174958e-31   4.355604e-30  -2.697577e-02
 2.332801e-31   3.348774e-30   6.966135e-02
 1.666950e-31   4.175800e-30   3.991930e-02
 3.362485e-31   4.151201e-30   8.100030e-02
 3.322874e-31   4.124124e-30   8.057163e-02
 1.353950e-30   3.485467e-30   3.884559e-01
 1.203177e-30   4.132220e-30   2.911696e-01
 4.295877e-31   3.671046e-30   1.170205e-01
 9.586588e-31   3.926164e-30   2.441718e-01
 2.617265e-31   3.812117e-30   6.865647e-02
 1.650359e-30   3.549149e-30   4.650013e-01
 3.592437e-31   3.143436e-30   1.142837e-01
 2.288134e-31   3.917415e-30   5.840928e-02
 1.110865e-31   3.143805e-30   3.533506e-02
 7.054250e-31   3.807455e-30   1.852747e-01
 3.013959e-31   3.369916e-30   8.943720e-02
 1.920707e-31   4.358528e-30   4.406779e-02
 2.616932e-31   3.560268e-30   7.350380e-02
 1.629687e-31   4.301329e-30   3.788799e-02
 1.017949e-30   3.431711e-30   2.966303e-01
-2.730047e-32   3.691327e-30  -7.395842e-03
-8.082308e-33   3.209381e-30  -2.518338e-03
 5.388204e-31   4.032633e-30   1.336150e-01
-1.166353e-31   3.115824e-30  -3.743321e-02
-2.848470e-31   3.209168e-30  -8.876040e-02
 6.032741e-32   3.812872e-30   1.582204e-02
-8.193784e-31   3.630543e-30  -2.256903e-01
 3.965285e-31   3.434001e-30   1.154713e-01
 1.958548e-31   3.272447e-30   5.984966e-02
 2.697753e-31   4.089285e-30   6.597126e-02
-9.615227e-31   3.230857e-30  -2.976061e-01
 1.247786e-30   3.153220e-30   3.957182e-01
 2.413820e-31   3.816664e-30   6.324422e-02
 5.048494e-31   3.525743e-30   1.431895e-01
-4.796741e-32   3.591419e-30  -1.335611e-02
 7.280255e-31   3.546873e-30   2.052584e-01
 1.108079e-30   3.470474e-30   3.192876e-01
 1.075953e-30   3.264164e-30   3.296258e-01
 1.100825e-30   3.987135e-30   2.760942e-01
 2.642414e-31   3.430310e-30   7.703134e-02
 2.021542e-31   3.723146e-30   5.429662e-02
 2.402518e-31   3.620174e-30   6.636469e-02
-5.840631e-32   2.864605e-30  -2.038896e-02
-1.984138e-31   3.227815e-30  -6.147001e-02
 2.971993e-31   3.521159e-30   8.440384e-02
 8.867220e-31   3.733544e-30   2.375014e-01
 1.943721e-31   3.370479e-30   5.766898e-02
 4.057896e-31   3.345830e-30   1.212822e-01
 7.801258e-31   3.063604e-30   2.546431e-01
 7.689399e-31   3.753411e-30   2.048643e-01
 6.196649e-32   3.851506e-30   1.608890e-02
 1.589164e-30   3.263550e-30   4.869434e-01
 1.520893e-31   3.152883e-30   4.823818e-02
 3.804521e-31   5.151982e-30   7.384577e-02
 8.901162e-31   3.435983e-30   2.590572e-01
 3.034909e-31   3.615201e-30   8.394855e-02
 1.262334e-30   3.818286e-30   3.306022e-01
 4.241528e-31   2.998443e-30   1.414577e-01
-3.876031e-31   2.855843e-30  -1.357228e-01
 2.914908e-31   3.565334e-30   8.175694e-02
-8.950673e-32   3.798949e-30  -2.356092e-02
-1.409428e-31   3.477662e-30  -4.052803e-02
 4.352240e-31   3.170316e-30   1.372810e-01
-4.623195e-31   3.198787e-30  -1.445296e-01
 7.224613e-31   4.148643e-30   1.741440e-01
 2.299395e-31   3.736691e-30   6.153560e-02
 8.061092e-31   3.238563e-30   2.489095e-01
 2.389317e-30   3.305952e-30   7.227319e-01
 2.338173e-31   3.828535e-30   6.107226e-02
 1.557592e-30   2.577540e-30   6.042940e-01
 4.346786e-31   3.515276e-30   1.236542e-01
 3.362485e-31   4.151201e-30   8.100030e-02
-5.053664e-31   3.462067e-30  -1.459725e-01
 2.881956e-31   3.463528e-30   8.320870e-02
 8.469167e-31   4.128337e-30   2.051472e-01
 1.415110e-30   2.901078e-30   4.877877e-01
 3.733531e-32   3.655396e-30   1.021375e-02
 5.433115e-31   3.351728e-30   1.620989e-01
 1.070099e-30   2.848157e-30   3.757162e-01
 1.125092e-30   3.343759e-30   3.364753e-01
 8.106591e-31   3.901729e-30   2.077692e-01
 3.329007e-32   3.620633e-30   9.194545e-03
 3.886458e-31   3.295708e-30   1.179248e-01
 4.708650e-31   3.997936e-30   1.177770e-01
 8.190902e-31   3.877357e-30   2.112496e-01
 3.648437e-31   2.670033e-30   1.366439e-01
 4.283836e-31   3.303515e-30   1.296751e-01
-3.885698e-32   3.196024e-30  -1.215791e-02
 2.158488e-30   3.291102e-30   6.558556e-01
 4.285893e-31   3.765571e-30   1.138179e-01
 1.090908e-30   3.634734e-30   3.001342e-01
 1.036845e-30   3.262657e-30   3.177917e-01
 2.537627e-31   3.068699e-30   8.269390e-02
 1.255249e-30   3.149010e-30   3.986169e-01
-4.329385e-31   3.815983e-30  -1.134540e-01
 3.601344e-31   3.867510e-30   9.311789e-02
 5.556988e-31   4.134684e-30   1.343993e-01
-5.615799e-31   3.990932e-30  -1.407140e-01
 2.013287e-31   4.163974e-30   4.835013e-02
-9.336351e-31   3.312152e-30  -2.818817e-01
 1.222636e-30   3.198726e-30   3.822260e-01
 2.772216e-31   4.160681e-30   6.662890e-02
 1.309396e-30   3.514084e-30   3.726138e-01
-1.017206e-31   4.121171e-30  -2.468244e-02
 6.486435e-31   3.507060e-30   1.849536e-01
 1.684177e-31   3.182028e-30   5.292778e-02
 8.306269e-31   3.266118e-30   2.543163e-01
 2.308513e-31   4.022460e-30   5.739057e-02
 3.440023e-31   3.968137e-30   8.669114e-02
 5.091278e-31   3.677645e-30   1.384385e-01
 5.495562e-31   3.903027e-30   1.408026e-01
 1.017974e-30   3.210198e-30   3.171063e-01
 3.180363e-31   3.000131e-30   1.060075e-01
 6.572327e-31   3.392252e-30   1.937453e-01
 1.215932e-31   3.309201e-30   3.674399e-02
 7.734347e-31   4.160958e-30   1.858790e-01
 6.195796e-31   2.853651e-30   2.171182e-01
-1.683853e-32   3.819938e-30  -4.408064e-03
 1.450252e-30   3.270515e-30   4.434323e-01
-2.078522e-31   3.621672e-30  -5.739124e-02
 1.966700e-31   5.115815e-30   3.844352e-02
 1.438353e-30   3.343872e-30   4.301458e-01
 2.964898e-31   3.442132e-30   8.613552e-02
 3.164898e-31   2.912209e-30   1.086769e-01
 1.697742e-31   4.441308e-30   3.822617e-02
 8.319761e-31   4.152290e-30   2.003656e-01
 1.418021e-31   4.895749e-30   2.896433e-02
 6.228001e-31   4.026419e-30   1.546784e-01
 3.577386e-31   3.342933e-30   1.070134e-01
-1.753209e-31   3.988170e-30  -4.396024e-02
 3.816177e-32   3.758410e-30   1.015370e-02
 1.452964e-30   3.299227e-30   4.403952e-01
 1.048431e-30   3.320045e-30   3.157882e-01
 2.213310e-31   3.183128e-30   6.953254e-02
 1.532441e-30   3.097815e-30   4.946845e-01
 6.223083e-31   3.385769e-30   1.838012e-01
 3.455866e-31   3.211272e-30   1.076167e-01
 2.441860e-31   2.999524e-30   8.140825e-02
 1.076995e-30   3.387313e-30   3.179495e-01
 4.191018e-31   2.562237e-30   1.635687e-01
 9.039023e-31   3.389197e-30   2.667010e-01
 5.090632e-33   3.083503e-30   1.650925e-03
 7.805280e-31   2.896266e-30   2.694946e-01
 2.443894e-31   3.971598e-30   6.153428e-02
 6.903348e-31   3.524113e-30   1.958889e-01
 6.652580e-31   3.488361e-30   1.907079e-01
 3.585538e-30   2.954598e-30   1.213545e+00
 1.619253e-31   4.789050e-30   3.381157e-02
 1.581256e-31   4.240945e-30   3.728547e-02
 1.118528e-30   2.903227e-30   3.852705e-01
 2.283107e-30   3.011646e-30   7.580927e-01
-1.635266e-32   4.384095e-30  -3.729998e-03
 2.166891e-31   3.682288e-30   5.884632e-02
 1.754774e-31   3.466287e-30   5.062404e-02
-2.435973e-31   3.676786e-30  -6.625278e-02
 1.375922e-30   3.260998e-30   4.219327e-01
 2.038638e-31   4.205260e-30   4.847830e-02
 1.947910e-30   2.830195e-30   6.882601e-01
 2.658245e-31   3.752127e-30   7.084635e-02
 2.523434e-31   3.954632e-30   6.380956e-02
 3.449846e-31   4.064773e-30   8.487181e-02
-5.791497e-32   3.130206e-30  -1.850197e-02
 8.403894e-31   3.071273e-30   2.736290e-01
 1.944600e-31   3.836549e-30   5.068618e-02
 2.495767e-33   3.389924e-30   7.362309e-04
 2.807744e-31   3.786210e-30   7.415711e-02
 3.108189e-31   3.454231e-30   8.998208e-02
 1.115515e-30   3.335275e-30   3.344598e-01
 3.256434e-31   4.160906e-30   7.826262e-02
-2.823206e-31   3.875011e-30  -7.285673e-02
 1.019585e-31   3.457175e-30   2.949186e-02
 7.699083e-31   4.035569e-30   1.907806e-01
 3.180715e-31   3.640624e-30   8.736730e-02
-2.056055e-32   4.250683e-30  -4.837000e-03
 9.276799e-31   3.339659e-30   2.777768e-01
 1.208359e-30   3.048217e-30   3.964151e-01
 2.826588e-31   3.487572e-30   8.104744e-02
 2.964963e-31   3.374828e-30   8.785525e-02
 3.544395e-31   3.767743e-30   9.407212e-02
 2.718792e-31   3.937639e-30   6.904623e-02
 7.622626e-31   3.091765e-30   2.465461e-01
 2.896832e-31   3.496797e-30   8.284244e-02
 9.288254e-31   3.473738e-30   2.673850e-01
-1.945700e-31   3.879802e-30  -5.014946e-02
 4.705046e-31   3.234801e-30   1.454509e-01
 5.505109e-31   3.722853e-30   1.478734e-01
 1.170169e-31   3.808205e-30   3.072757e-02
 1.149538e-30   3.579332e-30   3.211600e-01
 1.115862e-30   3.788505e-30   2.945389e-01
 2.640748e-31   4.049450e-30   6.521251e-02
 4.342448e-31   3.768445e-30   1.152319e-01
 4.256442e-31   3.686511e-30   1.154599e-01
 1.554782e-30   2.852113e-30   5.451333e-01
 2.056342e-31   3.304730e-30   6.222420e-02
 3.710309e-31   3.722592e-30   9.967004e-02
-3.004672e-33   3.693862e-30  -8.134231e-04
 2.442871e-30   3.313675e-30   7.372088e-01
 3.069576e-31   3.094824e-30   9.918417e-02
 1.112054e-30   3.967940e-30   2.802599e-01
 6.765217e-31   3.759435e-30   1.799530e-01
 5.382439e-31   3.704182e-30   1.453071e-01
 3.696305e-31   3.258381e-30   1.134399e-01
 1.943070e-31   4.102127e-30   4.736737e-02
 2.971779e-31   3.881638e-30   7.655992e-02
 6.787769e-31   3.239397e-30   2.095381e-01
 1.199776e-30   4.295112e-30   2.793353e-01
 1.173853e-30   2.868657e-30   4.091993e-01
 1.836045e-31   4.341805e-30   4.228760e-02
 3.068058e-31   3.263366e-30   9.401516e-02
 3.815845e-31   3.542250e-30   1.077238e-01
 4.583719e-31   3.738123e-30   1.226209e-01
 3.463008e-32   4.264051e-30   8.121403e-03
-5.429044e-32   3.045003e-30  -1.782935e-02
 2.713102e-31   4.139406e-30   6.554328e-02
 6.915778e-31   2.802118e-30   2.468054e-01
 4.799281e-31   3.798276e-30   1.263542e-01
 2.496915e-31   3.000140e-30   8.322661e-02
 4.237429e-31   2.979777e-30   1.422063e-01
 2.441635e-31   4.282605e-30   5.701285e-02
 2.713662e-31   3.030253e-30   8.955233e-02
 3.033912e-31   3.296418e-30   9.203664e-02
 1.203826e-30   3.571829e-30   3.370335e-01
 2.537016e-31   3.850023e-30   6.589613e-02
 1.125082e-30   3.047156e-30   3.692237e-01
 5.055626e-31   3.288555e-30   1.537340e-01
 2.864232e-31   3.642572e-30   7.863212e-02
-4.723501e-31   3.267803e-30  -1.445467e-01
 1.637199e-30   3.918028e-30   4.178631e-01
 9.103671e-32   4.309747e-30   2.112345e-02
 5.687313e-31   3.326618e-30   1.709638e-01
 5.591619e-31   4.193740e-30   1.333325e-01
 1.048205e-30   3.264853e-30   3.210573e-01
-4.450189e-32   4.206173e-30  -1.058014e-02
 8.424509e-31   3.034786e-30   2.775981e-01
 7.880972e-31   3.539708e-30   2.226447e-01
 2.687480e-31   2.946789e-30   9.120029e-02
-5.927277e-33   3.395466e-30  -1.745644e-03
 2.402613e-31   3.185781e-30   7.541678e-02
 9.096529e-32   3.414804e-30   2.663851e-02
 1.129716e-30   4.080156e-30   2.768807e-01
 2.795966e-31   3.659492e-30   7.640312e-02
-1.259381e-32   3.352873e-30  -3.756124e-03
 2.804359e-31   3.729379e-30   7.519641e-02
 3.617747e-31   2.721864e-30   1.329143e-01
 1.441235e-30   3.671666e-30   3.925288e-01
 1.084514e-30   3.748721e-30   2.893025e-01
 1.816656e-31   3.351292e-30   5.420765e-02
 1.050865e-30   3.812389e-30   2.756448e-01
 5.635611e-31   3.848925e-30   1.464204e-01
 2.838361e-31   3.196874e-30   8.878551e-02
 5.606650e-31   3.269513e-30   1.714827e-01
 7.301305e-31   3.514244e-30   2.077632e-01
 1.325802e-30   3.084478e-30   4.298302e-01
 1.461666e-30   3.830138e-30   3.816222e-01
 1.423645e-31   4.011152e-30   3.549216e-02
 1.031533e-31   3.294046e-30   3.131507e-02
 2.535215e-31   4.117979e-30   6.156455e-02
 1.283786e-30   3.446323e-30   3.725090e-01
 9.407246e-31   3.539539e-30   2.657760e-01
 2.512520e-31   3.442345e-30   7.298862e-02
 5.588061e-31   3.922398e-30   1.424654e-01
 1.143066e-30   3.640675e-30   3.139708e-01
 1.453611e-30   3.370467e-30   4.312788e-01
-1.033043e-31   3.330105e-30  -3.102135e-02
 1.191780e-30   2.574008e-30   4.630055e-01
 1.416890e-30   3.220937e-30   4.398999e-01
 2.749762e-31   3.254033e-30   8.450320e-02
 6.382915e-31   3.049216e-30   2.093297e-01
 1.044773e-31   3.658311e-30   2.855889e-02
 5.197201e-31   3.883141e-30   1.338401e-01
 6.139932e-32   3.590274e-30   1.710157e-02
 1.354440e-30   3.434075e-30   3.944118e-01
 9.845050e-32   4.166639e-30   2.362828e-02
 2.781628e-31   3.914310e-30   7.106304e-02
 2.605971e-31   3.560460e-30   7.319197e-02
 2.226152e-30   3.869710e-30   5.752760e-01
 9.685995e-31   4.401902e-30   2.200411e-01
 2.068818e-30   2.983720e-30   6.933686e-01
 6.190128e-31   4.274842e-30   1.448037e-01
 1.437124e-30   3.891414e-30   3.693064e-01
 1.522413e-30   3.751117e-30   4.058560e-01
-5.916811e-32   3.388404e-30  -1.746194e-02
 2.308095e-31   3.862564e-30   5.975552e-02
 1.159266e-30   2.712056e-30   4.274491e-01
 3.163908e-31   3.536580e-30   8.946237e-02
-1.238662e-31   3.917408e-30  -3.161943e-02
 1.292831e-30   3.236880e-30   3.994066e-01
 1.915391e-30   2.835247e-30   6.755640e-01
-1.181036e-30   3.537053e-30  -3.339039e-01
 2.136160e-30   2.961332e-30   7.213509e-01
 6.643071e-31   3.987445e-30   1.665997e-01
 1.217722e-30   3.873356e-30   3.143841e-01
 4.632786e-33   3.260931e-30   1.420694e-03
 2.939370e-32   3.683654e-30   7.979497e-03
-1.772812e-31   3.440679e-30  -5.152505e-02
 1.271529e-31   4.061491e-30   3.130696e-02
 6.632366e-31   3.683985e-30   1.800324e-01
 2.317622e-31   4.634491e-30   5.000813e-02
 7.901096e-31   3.106877e-30   2.543099e-01
 2.517687e-31   3.845374e-30   6.547314e-02
 4.670139e-31   3.318969e-30   1.407105e-01
 6.695784e-31   3.161544e-30   2.117884e-01
 7.503877e-31   2.723577e-30   2.755155e-01
 1.819669e-32   3.558285e-30   5.113893e-03
 1.313565e-30   2.889865e-30   4.545422e-01
 1.648739e-30   4.325818e-30   3.811392e-01
 1.662495e-31   4.099030e-30   4.055826e-02
 7.727685e-31   4.161037e-30   1.857154e-01
-1.757198e-31   3.514511e-30  -4.999837e-02
 2.834685e-31   3.197395e-30   8.865610e-02
 8.618216e-31   4.429418e-30   1.945677e-01
 5.640092e-31   3.576880e-30   1.576819e-01
 2.225184e-31   3.659651e-30   6.080316e-02
 1.076995e-30   3.387313e-30   3.179495e-01
 2.942995e-31   3.490205e-30   8.432154e-02
 6.070779e-31   3.196724e-30   1.899063e-01
 8.991013e-31   4.055465e-30   2.217011e-01
 2.267396e-31   3.683127e-30   6.156170e-02
 7.293214e-31   3.519381e-30   2.072300e-01
 1.436417e-31   4.572652e-30   3.141321e-02
 7.255598e-31   3.291773e-30   2.204161e-01
 1.243028e-30   3.047073e-30   4.079416e-01
 1.592022e-30   3.567019e-30   4.463173e-01
-2.469331e-31   3.437887e-30  -7.182699e-02
 7.601934e-31   3.206423e-30   2.370846e-01
 9.892116e-31   3.583182e-30   2.760707e-01
 3.569381e-31   3.834246e-30   9.309212e-02
 7.334200e-31   2.947396e-30   2.488366e-01
-3.306174e-31   3.168501e-30  -1.043451e-01
 1.100644e-30   3.255178e-30   3.381212e-01
-5.984285e-31   3.621520e-30  -1.652424e-01
 3.219152e-31   2.482254e-30   1.296867e-01
 5.866923e-31   3.546699e-30   1.654192e-01
 5.487656e-31   3.577660e-30   1.533867e-01
 2.752029e-31   4.265988e-30   6.451093e-02
 2.676141e-31   3.904308e-30   6.854329e-02
 3.812232e-30   3.411468e-30   1.117476e+00
 1.329869e-31   4.685226e-30   2.838432e-02
 7.370201e-31   3.005820e-30   2.451977e-01
 6.849346e-31   3.879259e-30   1.765632e-01
 8.736858e-31   4.201882e-30   2.079273e-01
 4.097789e-31   4.158043e-30   9.855091e-02
 6.983332e-31   4.078938e-30   1.712046e-01
 4.812939e-31   3.254365e-30   1.478918e-01
-6.285181e-31   4.006670e-30  -1.568679e-01
 1.198366e-30   3.050163e-30   3.928858e-01
 3.327782e-31   3.179251e-30   1.046719e-01
 3.460104e-31   3.441169e-30   1.005502e-01
 1.020916e-30   3.433413e-30   2.973473e-01
 1.354944e-30   2.949972e-30   4.593073e-01
-3.898899e-32   4.250310e-30  -9.173212e-03
 2.809482e-31   3.054437e-30   9.198036e-02
 2.572882e-31   3.346762e-30   7.687675e-02
-1.473191e-31   3.093446e-30  -4.762299e-02
 2.410599e-31   3.600420e-30   6.695326e-02
 6.293566e-31   4.082887e-30   1.541450e-01
 3.725742e-31   2.796859e-30   1.332117e-01
 2.036952e-31   4.224952e-30   4.821244e-02
 7.147404e-31   3.770384e-30   1.895670e-01
 2.167255e-30   2.844885e-30   7.618077e-01
 2.658461e-31   3.638916e-30   7.305640e-02
 8.928243e-31   2.895324e-30   3.083677e-01
 2.511538e-31   3.879878e-30   6.473240e-02
 1.078598e-31   3.288972e-30   3.279439e-02
 7.335944e-31   3.128620e-30   2.344786e-01
 5.228080e-31   3.691631e-30   1.416198e-01
 5.510407e-31   3.226121e-30   1.708060e-01
-2.261519e-31   3.958224e-30  -5.713468e-02
 9.863817e-32   4.436736e-30   2.223214e-02
 2.694114e-31   3.600507e-30   7.482597e-02
 3.220079e-31   3.603789e-30   8.935261e-02
 1.339288e-30   2.918650e-30   4.588726e-01
 2.075534e-31   3.681703e-30   5.637429e-02
 7.835996e-31   3.003088e-30   2.609313e-01
-7.917603e-32   3.014558e-30  -2.626455e-02
 1.407502e-30   3.597289e-30   3.912675e-01
 4.500606e-31   2.799076e-30   1.607890e-01
 5.762043e-31   3.975844e-30   1.449263e-01
 1.387321e-30   3.615561e-30   3.837084e-01
 8.458098e-31   4.380012e-30   1.931067e-01
 2.687168e-31   3.867636e-30   6.947831e-02
 2.155167e-30   2.655017e-30   8.117338e-01
 1.335790e-31   2.918185e-30   4.577470e-02
 2.686087e-31   3.732459e-30   7.196561e-02
 7.237172e-31   3.472290e-30   2.084265e-01
 2.857585e-31   3.632263e-30   7.867230e-02
-4.429279e-33   3.740261e-30  -1.184217e-03
 1.128002e-30   3.468931e-30   3.251728e-01
 6.125031e-31   3.330637e-30   1.838997e-01
 2.250276e-31   4.080848e-30   5.514235e-02
 1.784707e-31   4.533795e-30   3.936453e-02
 1.559813e-30   3.304480e-30   4.720297e-01
-4.759862e-31   3.854629e-30  -1.234843e-01
 3.282547e-31   3.378853e-30   9.714975e-02
 2.232253e-30   2.710500e-30   8.235575e-01
 2.400700e-31   3.296169e-30   7.283302e-02
 2.754870e-31   3.720111e-30   7.405344e-02
-5.406498e-31   3.808063e-30  -1.419750e-01
 1.902276e-31   4.386171e-30   4.336986e-02
 1.899973e-30   3.395150e-30   5.596139e-01
 1.149538e-30   3.579332e-30   3.211600e-01
 1.110326e-30   3.940211e-30   2.817935e-01
 3.581989e-31   4.692654e-30   7.633184e-02
 5.000871e-31   3.636803e-30   1.375073e-01
 7.814398e-32   3.960915e-30   1.972877e-02
 5.824502e-31   3.732478e-30   1.560492e-01
-2.766029e-31   2.951326e-30  -9.372156e-02
 1.750919e-30   3.131338e-30   5.591600e-01
 9.377191e-31   3.475884e-30   2.697786e-01
 5.087034e-31   3.509316e-30   1.449580e-01
 3.432678e-31   3.318596e-30   1.034376e-01
 2.747002e-31   4.270262e-30   6.432864e-02
 2.921031e-31   3.668777e-30   7.961867e-02
 1.982443e-31   3.214704e-30   6.166798e-02
 5.488299e-31   3.818806e-30   1.437177e-01
 7.140401e-32   4.393057e-30   1.625383e-02
 3.127369e-31   3.533742e-30   8.850021e-02
 1.731842e-30   3.214641e-30   5.387357e-01
 8.457953e-31   3.582513e-30   2.360899e-01
 4.807457e-31   3.494949e-30   1.375544e-01
 1.190746e-30   2.886514e-30   4.125204e-01
 3.665221e-31   2.881293e-30   1.272075e-01
 1.596870e-30   3.878702e-30   4.117021e-01
 6.062158e-31   3.889185e-30   1.558722e-01
 4.415813e-31   3.723581e-30   1.185905e-01
 4.567554e-31   2.946081e-30   1.550383e-01
 5.603681e-31   3.098763e-30   1.808360e-01
 6.699997e-31   3.701907e-30   1.809877e-01
 5.151875e-31   3.725202e-30   1.382979e-01
 2.690091e-31   3.716598e-30   7.238047e-02
-1.167953e-32   4.528903e-30  -2.578888e-03
 8.568222e-31   3.390113e-30   2.527415e-01
 1.455535e-31   3.751173e-30   3.880211e-02
 6.897617e-31   3.948865e-30   1.746734e-01
 3.279264e-31   3.460763e-30   9.475549e-02
 8.691848e-31   3.098312e-30   2.805349e-01
 2.150479e-31   3.317553e-30   6.482123e-02
 4.373384e-31   3.210286e-30   1.362304e-01
 8.783917e-31   3.457325e-30   2.540669e-01
 3.433830e-31   4.296067e-30   7.992960e-02
 1.210277e-30   3.339895e-30   3.623698e-01
-1.067680e-31   3.380312e-30  -3.158526e-02
 3.288890e-31   3.730765e-30   8.815591e-02
 8.629362e-32   4.240339e-30   2.035064e-02
 2.801002e-31   3.712088e-30   7.545624e-02
-1.394560e-31   3.644304e-30  -3.826683e-02
 1.264284e-30   3.547850e-30   3.563521e-01
 4.027284e-31   3.902860e-30   1.031880e-01
 9.063614e-31   3.796772e-30   2.387189e-01
 6.159846e-31   3.960284e-30   1.555405e-01
 5.748930e-31   3.632038e-30   1.582839e-01
-4.579521e-31   3.178201e-30  -1.440916e-01
 1.077271e-31   3.911039e-30   2.754438e-02
 1.742138e-30   3.190419e-30   5.460530e-01
 3.011574e-31   3.844881e-30   7.832684e-02
 7.391310e-31   3.507452e-30   2.107316e-01
 2.511438e-31   3.193371e-30   7.864534e-02
 9.826724e-32   2.997967e-30   3.277796e-02
 4.294128e-31   3.641956e-30   1.179072e-01
 2.289494e-31   4.141385e-30   5.528329e-02
 3.395442e-31   3.149431e-30   1.078113e-01
 4.592048e-31   3.668462e-30   1.251764e-01
 3.746321e-31   3.130261e-30   1.196808e-01
 1.134422e-30   3.289635e-30   3.448474e-01
-4.295267e-31   4.188336e-30  -1.025531e-01
-8.101147e-32   3.490041e-30  -2.321218e-02
 6.151592e-31   3.632444e-30   1.693514e-01
-3.893411e-31   4.311891e-30  -9.029474e-02
 4.274562e-31   3.354953e-30   1.274105e-01
 2.524078e-31   4.040964e-30   6.246227e-02
 2.226206e-30   3.869702e-30   5.752913e-01
 5.470119e-31   2.760960e-30   1.981238e-01
 2.891602e-31   3.911767e-30   7.392061e-02
 3.206549e-31   3.150929e-30   1.017652e-01
 1.530110e-31   3.727183e-30   4.105271e-02
 2.343777e-31   3.184891e-30   7.359050e-02
-9.563206e-33   2.975626e-30  -3.213847e-03
 5.391186e-31   3.091135e-30   1.744079e-01
 2.249459e-30   3.534414e-30   6.364445e-01
-7.843769e-31   3.636491e-30  -2.156961e-01
 1.311626e-30   3.440375e-30   3.812450e-01
 6.504002e-31   3.501573e-30   1.857451e-01
 5.442658e-31   2.687400e-30   2.025250e-01
 6.899669e-31   3.204687e-30   2.152993e-01
 9.660768e-31   3.419206e-30   2.825442e-01
 4.971668e-31   3.102050e-30   1.602704e-01
 2.551152e-31   3.596916e-30   7.092609e-02
 1.354030e-30   3.144434e-30   4.306115e-01
 3.134943e-31   3.507102e-30   8.938842e-02
 3.023330e-31   3.379989e-30   8.944793e-02
 6.412677e-31   3.526783e-30   1.818279e-01
 6.330870e-33   4.182653e-30   1.513602e-03
 2.866736e-31   3.547871e-30   8.080160e-02
 3.103954e-31   3.417376e-30   9.082857e-02
 1.589166e-30   3.263550e-30   4.869440e-01
 1.927684e-31   3.759552e-30   5.127429e-02
 7.086896e-31   3.673208e-30   1.929348e-01
 2.789172e-31   3.414293e-30   8.169106e-02
 3.121456e-31   3.662518e-30   8.522704e-02
 1.563291e-30   3.226248e-30   4.845540e-01
 1.222601e-30   3.368388e-30   3.629632e-01
 5.798329e-31   2.807262e-30   2.065475e-01
 1.148879e-30   3.580643e-30   3.208583e-01
 4.164474e-32   4.141187e-30   1.005623e-02
 2.404281e-31   3.344924e-30   7.187851e-02
 3.363183e-31   2.886408e-30   1.165179e-01
 4.887013e-31   3.740848e-30   1.306392e-01
-8.693229e-31   4.678221e-30  -1.858234e-01
 3.901646e-31   3.363273e-30   1.160074e-01
 1.861471e-31   4.075549e-30   4.567410e-02
-1.438143e-31   3.151124e-30  -4.563905e-02
 3.026371e-31   3.527492e-30   8.579384e-02
 2.381572e-30   3.299616e-30   7.217725e-01
 2.834415e-31   4.136102e-30   6.852867e-02
 3.545936e-31   3.517748e-30   1.008013e-01
 2.861378e-31   3.588963e-30   7.972716e-02
 1.181915e-31   3.275394e-30   3.608467e-02
 1.701056e-31   3.510208e-30   4.846027e-02
 6.205879e-31   2.765756e-30   2.243827e-01
 1.054839e-30   3.278265e-30   3.217675e-01
 4.942783e-31   4.131954e-30   1.196234e-01
 3.440023e-31   3.968137e-30   8.669114e-02
 3.040414e-31   3.640774e-30   8.351010e-02
-2.847501e-31   4.069308e-30  -6.997507e-02
 3.111410e-31   3.217681e-30   9.669729e-02
 4.929786e-31   4.142619e-30   1.190017e-01
 7.057883e-31   4.218843e-30   1.672943e-01
 2.786935e-30   3.352423e-30   8.313196e-01
 1.837308e-31   2.979561e-30   6.166372e-02
 1.758433e-31   4.586660e-30   3.833798e-02
 1.131474e-30   3.187714e-30   3.549486e-01
 2.302469e-31   3.730218e-30   6.172479e-02
 2.350823e-31   4.018754e-30   5.849632e-02
-6.942814e-32   3.294759e-30  -2.107230e-02
 3.078568e-31   3.594292e-30   8.565159e-02
 3.325193e-31   3.179280e-30   1.045895e-01
 1.957168e-31   3.139417e-30   6.234178e-02
 8.895031e-32   3.234848e-30   2.749753e-02
 5.638411e-31   3.267937e-30   1.725373e-01
 1.561531e-31   3.536530e-30   4.415432e-02
 3.449988e-31   2.842187e-30   1.213850e-01
 6.337505e-31   3.515402e-30   1.802783e-01
 8.837264e-31   3.556428e-30   2.484871e-01
 3.475394e-32   3.935851e-30   8.830094e-03
 3.681282e-31   3.230360e-30   1.139589e-01
 1.782342e-31   3.790358e-30   4.702305e-02
 2.376380e-30   3.213878e-30   7.394120e-01
 2.099587e-31   3.623814e-30   5.793860e-02
-1.150251e-31   3.394177e-30  -3.388896e-02
 7.024188e-31   4.137649e-30   1.697628e-01
 3.559459e-31   3.838682e-30   9.272607e-02
 2.615774e-31   3.563280e-30   7.340915e-02
 2.552939e-31   4.087684e-30   6.245441e-02
 3.581716e-31   2.928449e-30   1.223076e-01
 6.641180e-31   3.708023e-30   1.791030e-01
 3.473186e-31   3.463010e-30   1.002938e-01
 1.215455e-31   3.923968e-30   3.097515e-02
 1.155110e-31   3.312007e-30   3.487646e-02
 2.160825e-31   4.153114e-30   5.202905e-02
-5.375591e-31   4.215865e-30  -1.275086e-01
 4.521903e-31   4.700039e-30   9.620991e-02
 8.808862e-31   2.923479e-30   3.013143e-01
 1.529919e-30   3.500388e-30   4.370714e-01
 5.539729e-31   3.181125e-30   1.741437e-01
 2.562900e-31   3.862543e-30   6.635265e-02
 1.811537e-31   3.635517e-30   4.982888e-02
 4.984715e-31   3.375711e-30   1.476642e-01
 2.826075e-31   3.545645e-30   7.970553e-02
 3.795887e-31   3.713610e-30   1.022156e-01
 3.325040e-31   2.756612e-30   1.206205e-01
-1.164539e-30   3.889685e-30  -2.993916e-01
 4.257318e-31   3.362484e-30   1.266123e-01
 2.332801e-31   3.348774e-30   6.966135e-02
 6.399938e-32   3.222517e-30   1.986006e-02
