 3.665497e-29   6.566208e-30   5.582365e+00
 3.350402e-29   7.724162e-30   4.337560e+00
 3.197853e-29   5.781097e-30   5.531567e+00
 3.289097e-29   6.306713e-30   5.215231e+00
 3.188806e-29   7.076729e-30   4.506046e+00
 3.304147e-29   6.460112e-30   5.114690e+00
 3.356001e-29   6.337966e-30   5.295076e+00
 3.695117e-29   5.415245e-30   6.823546e+00
 3.606463e-29   5.571333e-30   6.473249e+00
 3.363937e-29   6.487854e-30   5.184976e+00
 3.360441e-29   6.804542e-30   4.938526e+00
 3.354967e-29   7.438865e-30   4.510052e+00
 3.385983e-29   5.641211e-30   6.002228e+00
 3.345032e-29   6.059480e-30   5.520328e+00
 3.404346e-29   6.666494e-30   5.106652e+00
 3.655261e-29   6.179904e-30   5.914754e+00
 3.344762e-29   7.806194e-30   4.284755e+00
 3.561532e-29   7.322853e-30   4.863585e+00
 3.178649e-29   6.797788e-30   4.676005e+00
 3.302634e-29   6.661852e-30   4.957531e+00
 3.306105e-29   7.141430e-30   4.629472e+00
 3.427717e-29   5.798839e-30   5.911041e+00
 3.219191e-29   6.516582e-30   4.939999e+00
 3.366683e-29   6.851403e-30   4.913859e+00
 3.287899e-29   6.898390e-30   4.766183e+00
 3.100695e-29   5.011076e-30   6.187682e+00
 3.327811e-29   5.456101e-30   6.099248e+00
 3.312449e-29   6.368495e-30   5.201306e+00
 2.983902e-29   6.297138e-30   4.738504e+00
 3.354907e-29   6.590705e-30   5.090362e+00
 3.260674e-29   7.197702e-30   4.530160e+00
 3.143000e-29   6.391368e-30   4.917571e+00
 3.344734e-29   7.814848e-30   4.279974e+00
 3.341823e-29   6.645459e-30   5.028732e+00
 3.411100e-29   6.771069e-30   5.037757e+00
 3.369626e-29   6.400647e-30   5.264509e+00
 3.280008e-29   6.935254e-30   4.729470e+00
 3.349163e-29   7.285752e-30   4.596867e+00
 3.427490e-29   7.757666e-30   4.418197e+00
 3.352360e-29   6.618477e-30   5.065154e+00
 3.628819e-29   6.815629e-30   5.324261e+00
 3.325421e-29   5.907837e-30   5.628831e+00
 3.557659e-29   7.091151e-30   5.017040e+00
 3.539905e-29   5.671940e-30   6.241084e+00
 3.108510e-29   7.066461e-30   4.398963e+00
 3.294555e-29   8.124520e-30   4.055076e+00
 3.330787e-29   7.438229e-30   4.477930e+00
 3.372105e-29   6.249423e-30   5.395867e+00
 2.966185e-29   6.814804e-30   4.352562e+00
 3.349042e-29   7.980319e-30   4.196626e+00
 3.039016e-29   6.765429e-30   4.491978e+00
 3.347453e-29   6.470669e-30   5.173272e+00
 3.350970e-29   5.764181e-30   5.813435e+00
 3.332151e-29   6.058206e-30   5.500228e+00
 3.073498e-29   7.147139e-30   4.300319e+00
 3.253236e-29   7.088661e-30   4.589353e+00
 3.354493e-29   4.811830e-30   6.971347e+00
 3.070796e-29   9.836933e-30   3.121701e+00
 3.429341e-29   7.010131e-30   4.891978e+00
 3.769396e-29   6.795228e-30   5.547122e+00
 3.437324e-29   7.213451e-30   4.765159e+00
 2.993773e-29   6.278946e-30   4.767954e+00
 3.302932e-29   7.271965e-30   4.542007e+00
 3.394908e-29   7.440147e-30   4.562958e+00
 3.301423e-29   6.500971e-30   5.078354e+00
 3.344597e-29   7.762322e-30   4.308758e+00
 3.310235e-29   5.967638e-30   5.546976e+00
 3.250421e-29   7.345994e-30   4.424752e+00
 3.139291e-29   5.032284e-30   6.238302e+00
 3.617609e-29   6.725123e-30   5.379246e+00
 3.109156e-29   7.066049e-30   4.400134e+00
 3.344317e-29   5.406811e-30   6.185379e+00
 3.240795e-29   5.224432e-30   6.203152e+00
 3.706180e-29   6.670822e-30   5.555807e+00
 3.338275e-29   6.430888e-30   5.191002e+00
 2.886893e-29   6.342841e-30   4.551420e+00
 3.006490e-29   5.455343e-30   5.511092e+00
 3.374832e-29   6.647170e-30   5.077096e+00
 3.305073e-29   6.513940e-30   5.073846e+00
 3.327130e-29   7.434121e-30   4.475485e+00
 3.418405e-29   6.968416e-30   4.905569e+00
 3.478383e-29   7.235039e-30   4.807691e+00
 3.596206e-29   6.917432e-30   5.198758e+00
 3.330481e-29   8.662628e-30   3.844655e+00
 3.289594e-29   7.320126e-30   4.493904e+00
 3.136598e-29   6.535503e-30   4.799322e+00
 3.332058e-29   6.423806e-30   5.187047e+00
 3.325581e-29   6.308411e-30   5.271662e+00
 2.974793e-29   5.883148e-30   5.056465e+00
 3.433733e-29   5.741110e-30   5.980956e+00
 3.338166e-29   6.511905e-30   5.126251e+00
 3.515602e-29   6.325474e-30   5.557849e+00
 3.527877e-29   6.501950e-30   5.425875e+00
 3.301630e-29   8.049676e-30   4.101569e+00
 3.292543e-29   7.085876e-30   4.646627e+00
 3.380475e-29   5.770207e-30   5.858498e+00
 3.565484e-29   7.085892e-30   5.031806e+00
 2.877823e-29   6.265282e-30   4.593285e+00
 3.354144e-29   5.766637e-30   5.816464e+00
 3.401256e-29   9.291000e-30   3.660807e+00
 3.728666e-29   6.139799e-30   6.072944e+00
 3.184564e-29   6.771656e-30   4.702784e+00
 3.100818e-29   6.853441e-30   4.524469e+00
 3.560056e-29   6.147587e-30   5.790981e+00
 3.330633e-29   5.906234e-30   5.639182e+00
 3.358362e-29   5.089583e-30   6.598502e+00
 3.361648e-29   6.585995e-30   5.104238e+00
 3.261381e-29   6.350090e-30   5.135961e+00
 3.358158e-29   5.813958e-30   5.776028e+00
 3.261944e-29   6.430427e-30   5.072670e+00
 3.357593e-29   6.557272e-30   5.120410e+00
 3.448395e-29   8.047573e-30   4.285012e+00
 3.322749e-29   5.595998e-30   5.937723e+00
 2.933843e-29   6.635166e-30   4.421657e+00
 3.469772e-29   6.394878e-30   5.425862e+00
 3.339124e-29   6.413820e-30   5.206139e+00
 3.347847e-29   7.419955e-30   4.511950e+00
 3.266858e-29   6.323819e-30   5.165957e+00
 2.962271e-29   6.746340e-30   4.390930e+00
 3.468994e-29   6.230987e-30   5.567327e+00
 3.266018e-29   6.810909e-30   4.795275e+00
 3.359515e-29   6.331694e-30   5.305871e+00
 3.083223e-29   5.602511e-30   5.503287e+00
 3.150836e-29   7.015808e-30   4.491053e+00
 3.387173e-29   6.706231e-30   5.050784e+00
 3.409451e-29   7.121212e-30   4.787740e+00
 3.143000e-29   6.391368e-30   4.917571e+00
 3.449989e-29   5.228316e-30   6.598663e+00
 3.036575e-29   6.251250e-30   4.857548e+00
 3.703153e-29   5.940828e-30   6.233396e+00
 3.307145e-29   7.102516e-30   4.656301e+00
 3.236175e-29   6.683508e-30   4.842030e+00
 3.794814e-29   6.952507e-30   5.458194e+00
 3.039309e-29   6.433679e-30   4.724061e+00
 3.089097e-29   9.114528e-30   3.389202e+00
 3.201345e-29   6.700821e-30   4.777541e+00
 3.526206e-29   6.102470e-30   5.778326e+00
 3.332704e-29   7.238862e-30   4.603906e+00
 3.169306e-29   7.546365e-30   4.199779e+00
 2.807628e-29   6.984237e-30   4.019949e+00
 3.562942e-29   5.925191e-30   6.013211e+00
 2.578132e-29   7.921630e-30   3.254548e+00
 3.295793e-29   8.062618e-30   4.087746e+00
 2.855202e-29   6.349856e-30   4.496483e+00
 3.332755e-29   6.761438e-30   4.929062e+00
 2.987321e-29   6.537793e-30   4.569311e+00
 3.439308e-29   7.319352e-30   4.698924e+00
 3.376813e-29   5.777300e-30   5.844968e+00
 3.238745e-29   7.227021e-30   4.481439e+00
 3.205742e-29   5.783781e-30   5.542640e+00
 3.382356e-29   6.517622e-30   5.189555e+00
 3.319556e-29   7.063277e-30   4.699740e+00
 3.411255e-29   6.258244e-30   5.450819e+00
 3.377322e-29   5.462636e-30   6.182587e+00
 3.218454e-29   6.439792e-30   4.997760e+00
 3.395170e-29   5.543842e-30   6.124218e+00
 3.510595e-29   6.831329e-30   5.138963e+00
 3.220689e-29   7.404207e-30   4.349810e+00
 3.358566e-29   5.963767e-30   5.631619e+00
 3.350666e-29   5.579620e-30   6.005188e+00
 3.112750e-29   6.563565e-30   4.742469e+00
 3.005511e-29   5.892864e-30   5.100256e+00
 3.143459e-29   6.226390e-30   5.048605e+00
 3.351386e-29   6.893920e-30   4.861364e+00
 3.384985e-29   6.078300e-30   5.568967e+00
 3.356360e-29   6.753169e-30   4.970052e+00
 3.124151e-29   7.743967e-30   4.034304e+00
 3.355236e-29   6.559272e-30   5.115256e+00
 3.125291e-29   4.980489e-30   6.275070e+00
 3.472463e-29   5.292514e-30   6.561085e+00
 3.320849e-29   5.959719e-30   5.572157e+00
 3.271222e-29   6.212344e-30   5.265681e+00
 3.347786e-29   6.769863e-30   4.945132e+00
 3.455036e-29   5.638605e-30   6.127467e+00
 3.635088e-29   5.602272e-30   6.488596e+00
 3.390257e-29   6.594374e-30   5.141135e+00
 3.387806e-29   7.402772e-30   4.576401e+00
 3.358526e-29   5.780794e-30   5.809799e+00
 3.349620e-29   6.894880e-30   4.858127e+00
 3.513284e-29   7.888132e-30   4.453886e+00
 3.326256e-29   7.709521e-30   4.314479e+00
 3.381933e-29   7.156903e-30   4.725415e+00
 3.246397e-29   6.581348e-30   4.932724e+00
 3.214325e-29   7.945235e-30   4.045601e+00
 3.194487e-29   4.795217e-30   6.661818e+00
 3.440534e-29   6.248509e-30   5.506168e+00
 3.355496e-29   5.990092e-30   5.601744e+00
 3.794658e-29   5.436079e-30   6.980505e+00
 3.357477e-29   5.761984e-30   5.826946e+00
 3.182910e-29   6.207805e-30   5.127271e+00
 3.036761e-29   6.687431e-30   4.540997e+00
 3.295224e-29   7.147738e-30   4.610163e+00
 3.354250e-29   4.603260e-30   7.286683e+00
 3.304973e-29   7.110989e-30   4.647698e+00
 3.510035e-29   7.753429e-30   4.527075e+00
 3.271402e-29   6.365897e-30   5.138948e+00
 3.170565e-29   5.848489e-30   5.421169e+00
 3.260921e-29   4.940092e-30   6.600933e+00
 3.339013e-29   6.683776e-30   4.995698e+00
 3.477103e-29   7.570499e-30   4.592964e+00
 3.321166e-29   6.234496e-30   5.327081e+00
 3.462274e-29   6.388760e-30   5.419322e+00
 3.556259e-29   6.518020e-30   5.456042e+00
 3.169306e-29   7.546365e-30   4.199779e+00
 3.790826e-29   6.048990e-30   6.266874e+00
 3.274850e-29   7.423622e-30   4.411391e+00
 3.589953e-29   6.799993e-30   5.279348e+00
 3.369065e-29   6.561039e-30   5.134957e+00
 3.354128e-29   6.675002e-30   5.024910e+00
 3.303028e-29   6.601270e-30   5.003625e+00
 3.353198e-29   7.163073e-30   4.681228e+00
 3.238682e-29   6.985575e-30   4.636242e+00
 2.963626e-29   6.828516e-30   4.340073e+00
 2.885054e-29   6.414926e-30   4.497408e+00
 3.312609e-29   5.908127e-30   5.606869e+00
 3.271879e-29   5.849745e-30   5.593199e+00
 3.100730e-29   6.012573e-30   5.157077e+00
 3.285697e-29   8.026042e-30   4.093795e+00
 2.934760e-29   6.416729e-30   4.573608e+00
 3.323868e-29   5.864006e-30   5.668255e+00
 3.359083e-29   6.794109e-30   4.944111e+00
 3.359974e-29   6.129712e-30   5.481455e+00
 3.339519e-29   6.826249e-30   4.892173e+00
 3.352923e-29   6.007602e-30   5.581134e+00
 3.306180e-29   6.782241e-30   4.874761e+00
 3.354162e-29   7.142829e-30   4.695846e+00
 3.358168e-29   6.606217e-30   5.083345e+00
 2.960633e-29   6.443025e-30   4.595098e+00
 3.387179e-29   6.006577e-30   5.639116e+00
 3.400473e-29   6.427100e-30   5.290836e+00
 3.347244e-29   6.478775e-30   5.166476e+00
 3.003354e-29   7.849080e-30   3.826377e+00
 3.273153e-29   5.795118e-30   5.648122e+00
 3.159379e-29   6.691618e-30   4.721397e+00
 3.389742e-29   5.602081e-30   6.050861e+00
 3.379813e-29   6.360495e-30   5.313758e+00
 3.320979e-29   6.771973e-30   4.904006e+00
 3.375652e-29   7.838187e-30   4.306674e+00
 2.967606e-29   6.078645e-30   4.882018e+00
 3.747362e-29   6.689171e-30   5.602132e+00
 3.386630e-29   6.706319e-30   5.049908e+00
 3.546969e-29   6.169163e-30   5.749514e+00
 3.363148e-29   6.508467e-30   5.167342e+00
 3.517846e-29   7.414730e-30   4.744403e+00
 3.332233e-29   6.801114e-30   4.899539e+00
 3.395811e-29   5.556577e-30   6.111337e+00
 3.492163e-29   6.331476e-30   5.515559e+00
 3.708111e-29   7.188020e-30   5.158738e+00
 3.241300e-29   5.972624e-30   5.426929e+00
 3.422883e-29   6.480113e-30   5.282135e+00
 3.291127e-29   7.482926e-30   4.398182e+00
 3.337321e-29   6.724802e-30   4.962705e+00
 3.299738e-29   7.664170e-30   4.305408e+00
 3.334409e-29   4.998529e-30   6.670781e+00
 3.185978e-29   6.101985e-30   5.221216e+00
 3.327990e-29   9.255309e-30   3.595764e+00
 3.629077e-29   6.182979e-30   5.869464e+00
 3.358054e-29   5.571296e-30   6.027420e+00
 3.379380e-29   5.466281e-30   6.182228e+00
 3.138003e-29   6.569947e-30   4.776299e+00
 3.366584e-29   7.273903e-30   4.628305e+00
 3.356428e-29   6.620889e-30   5.069452e+00
 3.166431e-29   6.329781e-30   5.002434e+00
 3.045938e-29   4.847892e-30   6.283016e+00
 3.290940e-29   6.341071e-30   5.189881e+00
 3.103840e-29   7.514091e-30   4.130693e+00
 3.241890e-29   7.040274e-30   4.604778e+00
 3.337074e-29   7.498435e-30   4.450360e+00
 3.203976e-29   5.919575e-30   5.412510e+00
 3.607774e-29   5.790553e-30   6.230447e+00
 3.318123e-29   6.383357e-30   5.198085e+00
 2.845703e-29   6.129294e-30   4.642791e+00
 3.300108e-29   7.272075e-30   4.538056e+00
 3.336741e-29   6.853748e-30   4.868490e+00
 3.280586e-29   6.172354e-30   5.314968e+00
 3.543788e-29   6.382934e-30   5.551973e+00
 3.352281e-29   6.417489e-30   5.223665e+00
 3.292443e-29   6.218398e-30   5.294680e+00
 3.305143e-29   5.923527e-30   5.579688e+00
 3.638431e-29   8.412439e-30   4.325060e+00
 2.800793e-29   7.670143e-30   3.651553e+00
 3.733388e-29   6.060057e-30   6.160649e+00
 3.359593e-29   6.768039e-30   4.963909e+00
 3.361494e-29   6.758079e-30   4.974037e+00
 3.224321e-29   6.092349e-30   5.292411e+00
 3.167752e-29   6.650992e-30   4.762827e+00
 3.311979e-29   6.179996e-30   5.359193e+00
 3.229681e-29   6.535488e-30   4.941761e+00
 3.325017e-29   5.814464e-30   5.718527e+00
 3.337283e-29   7.462010e-30   4.472365e+00
 3.364223e-29   6.750392e-30   4.983745e+00
 3.349826e-29   7.080371e-30   4.731144e+00
 3.520752e-29   7.149709e-30   4.924330e+00
 3.275290e-29   5.722447e-30   5.723582e+00
 3.375511e-29   7.344353e-30   4.596062e+00
 3.316549e-29   5.434416e-30   6.102861e+00
 3.438125e-29   6.679386e-30   5.147366e+00
 2.630311e-29   6.160029e-30   4.269965e+00
 3.261355e-29   6.481380e-30   5.031884e+00
 3.356954e-29   6.306229e-30   5.323236e+00
 3.348530e-29   6.073693e-30   5.513169e+00
 3.549517e-29   5.814338e-30   6.104766e+00
 3.807853e-29   7.512820e-30   5.068474e+00
 3.385173e-29   5.538405e-30   6.112182e+00
 3.437451e-29   6.172328e-30   5.569132e+00
 3.353363e-29   8.307417e-30   4.036589e+00
 2.883966e-29   6.422228e-30   4.490601e+00
 3.029782e-29   6.640710e-30   4.562438e+00
 3.362452e-29   5.363417e-30   6.269234e+00
 3.313425e-29   6.089036e-30   5.441625e+00
 3.273699e-29   6.013920e-30   5.443535e+00
 3.616778e-29   6.326047e-30   5.717280e+00
 3.087361e-29   6.283849e-30   4.913169e+00
 3.370715e-29   5.964768e-30   5.651042e+00
 3.211686e-29   6.981859e-30   4.600044e+00
 3.009784e-29   6.282264e-30   4.790922e+00
 3.337892e-29   8.496440e-30   3.928577e+00
 3.579113e-29   5.417667e-30   6.606374e+00
 3.203887e-29   5.412875e-30   5.919012e+00
 2.985611e-29   5.902008e-30   5.058635e+00
 3.391601e-29   7.136578e-30   4.752419e+00
 3.605011e-29   6.254608e-30   5.763768e+00
 3.424813e-29   6.789343e-30   5.044395e+00
 3.367652e-29   6.947013e-30   4.847625e+00
 3.358471e-29   6.368001e-30   5.273979e+00
 3.506914e-29   6.551950e-30   5.352474e+00
 3.261309e-29   6.693191e-30   4.872578e+00
 3.250125e-29   6.695490e-30   4.854201e+00
 3.472146e-29   5.292404e-30   6.560620e+00
 3.372570e-29   7.046450e-30   4.786197e+00
 3.165920e-29   7.873613e-30   4.020924e+00
 3.199742e-29   6.935596e-30   4.613507e+00
 3.455277e-29   8.599987e-30   4.017770e+00
 3.074453e-29   6.133869e-30   5.012257e+00
 3.242480e-29   5.850894e-30   5.541854e+00
 3.217265e-29   7.943009e-30   4.050435e+00
 3.373859e-29   7.143168e-30   4.723197e+00
 3.640706e-29   5.558638e-30   6.549637e+00
 3.353363e-29   6.602309e-30   5.079076e+00
 3.224155e-29   6.743171e-30   4.781362e+00
 3.648539e-29   7.083074e-30   5.151068e+00
 3.767337e-29   6.035180e-30   6.242294e+00
 3.007278e-29   5.495474e-30   5.472281e+00
 3.345534e-29   5.707230e-30   5.861922e+00
 3.293653e-29   6.261699e-30   5.259998e+00
 3.348778e-29   7.492630e-30   4.469429e+00
 3.271829e-29   8.641082e-30   3.786365e+00
 3.350096e-29   6.014097e-30   5.570405e+00
 3.364509e-29   7.411202e-30   4.539761e+00
 2.971192e-29   5.565933e-30   5.338174e+00
 3.306505e-29   6.350288e-30   5.206859e+00
 3.229960e-29   7.683126e-30   4.203966e+00
 3.337575e-29   6.921490e-30   4.822047e+00
 3.102890e-29   7.136206e-30   4.348095e+00
 3.259524e-29   6.696963e-30   4.867168e+00
 2.801602e-29   5.997072e-30   4.671616e+00
 3.356831e-29   6.489416e-30   5.172779e+00
 3.275152e-29   6.914270e-30   4.736801e+00
 3.382027e-29   5.469892e-30   6.182987e+00
 2.829355e-29   6.081729e-30   4.652221e+00
 3.326219e-29   7.500476e-30   4.434677e+00
 3.344854e-29   8.222564e-30   4.067897e+00
 3.594990e-29   5.673145e-30   6.336856e+00
 3.355680e-29   7.023288e-30   4.777933e+00
 3.255971e-29   5.977919e-30   5.446663e+00
 3.414664e-29   6.886343e-30   4.958603e+00
 3.004659e-29   6.363574e-30   4.721653e+00
 3.392401e-29   5.619164e-30   6.037199e+00
 3.378652e-29   6.034945e-30   5.598481e+00
 2.839939e-29   7.092202e-30   4.004312e+00
 3.115394e-29   8.038351e-30   3.875663e+00
 3.451747e-29   6.807688e-30   5.070366e+00
 3.455899e-29   6.288588e-30   5.495508e+00
 2.825122e-29   6.375732e-30   4.431055e+00
 3.481929e-29   6.858744e-30   5.076628e+00
 3.472982e-29   6.659863e-30   5.214795e+00
 3.402401e-29   7.119421e-30   4.779042e+00
 3.521874e-29   7.139059e-30   4.933247e+00
 3.338995e-29   7.703272e-30   4.334515e+00
 3.623514e-29   6.188152e-30   5.855568e+00
 3.352131e-29   7.236985e-30   4.631944e+00
 3.334274e-29   7.145419e-30   4.666310e+00
 3.332085e-29   6.892331e-30   4.834481e+00
 3.768285e-29   6.371851e-30   5.913958e+00
 3.398245e-29   7.384785e-30   4.601684e+00
 3.369913e-29   6.685549e-30   5.040593e+00
 3.376279e-29   6.690081e-30   5.046693e+00
 3.372799e-29   6.455874e-30   5.224388e+00
 3.443973e-29   7.068419e-30   4.872339e+00
 3.627553e-29   6.733496e-30   5.387325e+00
 3.314194e-29   7.714235e-30   4.296206e+00
 3.290738e-29   7.373441e-30   4.462962e+00
 3.688583e-29   8.698411e-30   4.240525e+00
 3.334733e-29   5.651459e-30   5.900658e+00
 3.244494e-29   6.687873e-30   4.851310e+00
 3.381384e-29   5.601118e-30   6.036981e+00
 3.310275e-29   9.204715e-30   3.596281e+00
 3.353640e-29   6.674898e-30   5.024257e+00
 3.406773e-29   6.999897e-30   4.866889e+00
 3.560629e-29   6.852130e-30   5.196383e+00
 3.194976e-29   5.945903e-30   5.373409e+00
 3.420967e-29   6.350628e-30   5.386818e+00
 3.182019e-29   7.335206e-30   4.338010e+00
 3.108826e-29   6.872113e-30   4.523828e+00
 3.562010e-29   5.653202e-30   6.300871e+00
 3.412431e-29   7.142119e-30   4.777897e+00
 3.629077e-29   6.182979e-30   5.869464e+00
 3.369154e-29   7.136079e-30   4.721296e+00
 3.324447e-29   6.593316e-30   5.042147e+00
 3.127402e-29   7.190721e-30   4.349219e+00
 3.652012e-29   6.372435e-30   5.730952e+00
 3.364346e-29   5.823606e-30   5.777083e+00
 3.154895e-29   6.624733e-30   4.762298e+00
 3.342558e-29   5.471532e-30   6.108998e+00
 3.427389e-29   6.845618e-30   5.006691e+00
 2.941054e-29   5.775436e-30   5.092350e+00
 3.319033e-29   6.208576e-30   5.345885e+00
 3.295826e-29   6.201606e-30   5.314472e+00
 3.259106e-29   5.439756e-30   5.991272e+00
 3.430526e-29   7.859790e-30   4.364653e+00
 3.472368e-29   5.845489e-30   5.940252e+00
 3.382113e-29   6.992306e-30   4.836906e+00
 2.843767e-29   6.714218e-30   4.235440e+00
 3.350656e-29   6.976311e-30   4.802906e+00
 3.466140e-29   5.671854e-30   6.111124e+00
 3.365257e-29   7.718260e-30   4.360124e+00
 3.195154e-29   5.664210e-30   5.640952e+00
 3.336813e-29   7.097950e-30   4.701094e+00
 3.338387e-29   7.691194e-30   4.340532e+00
 3.513734e-29   6.061544e-30   5.796764e+00
 3.319251e-29   8.978042e-30   3.697076e+00
 3.144773e-29   7.128528e-30   4.411532e+00
 3.340390e-29   7.263097e-30   4.599127e+00
 3.398617e-29   6.361067e-30   5.342841e+00
 3.464221e-29   5.429911e-30   6.379886e+00
 3.017050e-29   7.080242e-30   4.261225e+00
 3.401372e-29   5.544102e-30   6.135119e+00
 3.270635e-29   6.267144e-30   5.218701e+00
 3.267927e-29   6.875096e-30   4.753282e+00
 3.440487e-29   6.052960e-30   5.683974e+00
 3.243762e-29   6.138234e-30   5.284520e+00
 3.497561e-29   5.320099e-30   6.574241e+00
 3.326416e-29   8.390906e-30   3.964311e+00
 3.344607e-29   6.612056e-30   5.058347e+00
 3.606046e-29   5.571123e-30   6.472745e+00
 3.415335e-29   7.794043e-30   4.381982e+00
 3.283574e-29   7.170681e-30   4.579166e+00
 3.350349e-29   8.723781e-30   3.840478e+00
 3.191741e-29   7.877540e-30   4.051698e+00
 3.624439e-29   6.482898e-30   5.590770e+00
 3.344989e-29   6.224394e-30   5.373999e+00
 3.185986e-29   6.306126e-30   5.052208e+00
 3.361193e-29   7.154694e-30   4.697885e+00
 3.637629e-29   6.769646e-30   5.373440e+00
 3.115394e-29   8.038351e-30   3.875663e+00
 3.471565e-29   7.948303e-30   4.367681e+00
 3.134092e-29   6.289233e-30   4.983266e+00
 3.441068e-29   6.326082e-30   5.439494e+00
 3.398137e-29   6.807116e-30   4.992035e+00
 3.355123e-29   6.402448e-30   5.240375e+00
 3.191299e-29   5.453338e-30   5.852010e+00
 3.512785e-29   6.424013e-30   5.468209e+00
 3.348485e-29   7.139129e-30   4.690327e+00
 3.316336e-29   7.175064e-30   4.622030e+00
 3.418462e-29   6.724371e-30   5.083691e+00
 3.585931e-29   6.646648e-30   5.395096e+00
 3.348589e-29   5.208304e-30   6.429326e+00
 3.350171e-29   8.207448e-30   4.081867e+00
 3.172830e-29   6.592187e-30   4.813017e+00
 3.325657e-29   7.414484e-30   4.485352e+00
 2.860609e-29   7.503919e-30   3.812154e+00
 3.276030e-29   5.709996e-30   5.737359e+00
 3.525567e-29   5.810980e-30   6.067078e+00
 3.351864e-29   8.036283e-30   4.170913e+00
 3.329539e-29   6.115915e-30   5.444058e+00
 3.346940e-29   7.515717e-30   4.453255e+00
 3.056140e-29   6.123123e-30   4.991146e+00
 3.425501e-29   6.444950e-30   5.315016e+00
 3.260237e-29   6.765559e-30   4.818873e+00
 3.422165e-29   5.802283e-30   5.897963e+00
 2.775248e-29   7.461100e-30   3.719624e+00
 3.346501e-29   6.324144e-30   5.291626e+00
 3.745780e-29   6.257430e-30   5.986131e+00
 3.092074e-29   7.415736e-30   4.169611e+00
 2.522323e-29   6.664466e-30   3.784734e+00
 3.390348e-29   6.639052e-30   5.106675e+00
 2.821669e-29   6.707581e-30   4.206686e+00
 3.347371e-29   7.510195e-30   4.457103e+00
 3.357111e-29   4.846653e-30   6.926659e+00
 3.245774e-29   6.195058e-30   5.239295e+00
 3.362832e-29   5.840720e-30   5.757564e+00
 3.100695e-29   5.011076e-30   6.187682e+00
 3.456275e-29   6.768425e-30   5.106469e+00
 3.358900e-29   5.464522e-30   6.146741e+00
 3.227832e-29   5.738879e-30   5.624499e+00
 3.322230e-29   7.619138e-30   4.360375e+00
 3.445498e-29   6.607576e-30   5.214466e+00
 3.643920e-29   5.822422e-30   6.258426e+00
 3.321091e-29   7.041632e-30   4.716365e+00
 3.635008e-29   6.375349e-30   5.701662e+00
 3.367700e-29   7.354847e-30   4.578886e+00
 3.221325e-29   6.224413e-30   5.175307e+00
 3.421633e-29   6.144678e-30   5.568450e+00
 3.357085e-29   6.328789e-30   5.304466e+00
 3.140707e-29   6.739579e-30   4.660094e+00
 3.333514e-29   7.606132e-30   4.382666e+00
 3.080145e-29   7.629079e-30   4.037375e+00
 3.309274e-29   6.765713e-30   4.891242e+00
 3.364612e-29   5.266835e-30   6.388300e+00
 3.434149e-29   7.530031e-30   4.560604e+00
 3.584401e-29   6.402250e-30   5.598659e+00
 3.206162e-29   7.630246e-30   4.201912e+00
 3.278800e-29   5.905211e-30   5.552385e+00
 3.230000e-29   6.962543e-30   4.639109e+00
 3.651296e-29   6.232261e-30   5.858701e+00
 3.359603e-29   6.028766e-30   5.572621e+00
 3.356020e-29   6.762768e-30   4.962495e+00
 3.370731e-29   6.472601e-30   5.207691e+00
 3.179334e-29   6.985417e-30   4.551388e+00
 3.070126e-29   7.579410e-30   4.050614e+00
 3.324855e-29   6.666783e-30   4.987196e+00
 3.639289e-29   6.888338e-30   5.283261e+00
 3.342536e-29   7.209041e-30   4.636589e+00
 3.448910e-29   8.147195e-30   4.233248e+00
 3.110512e-29   4.951826e-30   6.281546e+00
 3.366050e-29   5.920821e-30   5.685106e+00
 3.340978e-29   8.094842e-30   4.127292e+00
 3.429755e-29   6.962204e-30   4.926249e+00
 3.319496e-29   5.887477e-30   5.638232e+00
 3.540016e-29   5.672010e-30   6.241202e+00
 3.188882e-29   6.163760e-30   5.173598e+00
 3.129797e-29   6.712352e-30   4.662742e+00
 3.227641e-29   6.084620e-30   5.304589e+00
 3.316157e-29   7.357259e-30   4.507327e+00
 3.243634e-29   6.501943e-30   4.988714e+00
 2.861551e-29   7.112285e-30   4.023392e+00
 3.062201e-29   6.156386e-30   4.974024e+00
 3.316605e-29   6.792232e-30   4.882939e+00
 3.559566e-29   6.271561e-30   5.675726e+00
 3.181510e-29   8.741580e-30   3.639513e+00
 3.340206e-29   5.170080e-30   6.460646e+00
 3.349902e-29   7.200828e-30   4.652107e+00
 3.313078e-29   6.459667e-30   5.128869e+00
 3.375888e-29   5.874387e-30   5.746792e+00
 3.339503e-29   6.990109e-30   4.777469e+00
 3.087361e-29   4.733362e-30   6.522554e+00
 3.377642e-29   5.592069e-30   6.040057e+00
 3.427007e-29   6.185480e-30   5.540406e+00
 3.385703e-29   6.409891e-30   5.281999e+00
 3.392733e-29   6.683217e-30   5.076497e+00
 3.311189e-29   6.407626e-30   5.167576e+00
 2.653405e-29   5.519259e-30   4.807538e+00
 3.413531e-29   7.241137e-30   4.714082e+00
 2.880013e-29   7.188477e-30   4.006430e+00
 3.496594e-29   8.210749e-30   4.258556e+00
 3.397502e-29   5.898780e-30   5.759669e+00
 3.550919e-29   5.044085e-30   7.039768e+00
 3.527192e-29   6.624001e-30   5.324866e+00
 3.320382e-29   7.488665e-30   4.433877e+00
 3.464955e-29   6.014376e-30   5.761122e+00
 3.366751e-29   6.336176e-30   5.313537e+00
 3.729113e-29   6.124037e-30   6.089306e+00
 3.721616e-29   6.160157e-30   6.041430e+00
 3.669828e-29   6.641784e-30   5.525366e+00
 3.055605e-29   5.339638e-30   5.722494e+00
 3.547704e-29   6.548129e-30   5.417889e+00
 3.021285e-29   6.565870e-30   4.601500e+00
 3.083445e-29   6.698165e-30   4.603417e+00
 3.049933e-29   6.349628e-30   4.803325e+00
 3.413026e-29   7.757950e-30   4.399392e+00
 3.465910e-29   8.517666e-30   4.069084e+00
 3.329485e-29   6.049447e-30   5.503783e+00
 3.564983e-29   7.436715e-30   4.793761e+00
 3.434142e-29   6.906447e-30   4.972372e+00
 3.285793e-29   6.008491e-30   5.468583e+00
 3.754987e-29   5.552425e-30   6.762787e+00
 3.326104e-29   7.414804e-30   4.485761e+00
 3.258860e-29   7.620161e-30   4.276629e+00
 3.118330e-29   6.625562e-30   4.706514e+00
 3.326435e-29   6.815254e-30   4.880867e+00
 3.391883e-29   9.709819e-30   3.493250e+00
 3.318528e-29   7.891432e-30   4.205229e+00
 3.349488e-29   7.195678e-30   4.654861e+00
 3.276170e-29   7.325346e-30   4.472376e+00
 3.197228e-29   7.809128e-30   4.094219e+00
 3.661980e-29   6.694422e-30   5.470197e+00
 3.228411e-29   5.939840e-30   5.435182e+00
 3.280974e-29   7.787863e-30   4.212933e+00
 2.844656e-29   4.823777e-30   5.897155e+00
 3.361613e-29   7.483362e-30   4.492116e+00
 3.629524e-29   6.054779e-30   5.994478e+00
 3.359710e-29   6.673477e-30   5.034422e+00
 3.338095e-29   6.952719e-30   4.801136e+00
 3.033284e-29   7.376341e-30   4.112179e+00
 3.266723e-29   6.076195e-30   5.376264e+00
 3.206826e-29   5.692446e-30   5.633476e+00
 3.104632e-29   6.649005e-30   4.669318e+00
 3.348526e-29   6.909570e-30   4.846215e+00
 3.235431e-29   6.054485e-30   5.343859e+00
 3.326539e-29   9.206613e-30   3.613206e+00
 2.867272e-29   5.306884e-30   5.402930e+00
 3.351979e-29   6.671061e-30   5.024657e+00
 3.369018e-29   5.717348e-30   5.892624e+00
 3.457114e-29   7.546062e-30   4.581348e+00
 3.279913e-29   6.111425e-30   5.366854e+00
 3.432036e-29   5.849037e-30   5.867695e+00
 3.002157e-29   5.918421e-30   5.072565e+00
 3.042305e-29   5.414319e-30   5.619000e+00
 3.688535e-29   6.843299e-30   5.389995e+00
 3.356699e-29   5.775497e-30   5.811966e+00
 3.335734e-29   6.536929e-30   5.102907e+00
 3.128447e-29   6.920011e-30   4.520870e+00
 3.358601e-29   8.345504e-30   4.024443e+00
 3.192241e-29   5.947010e-30   5.367809e+00
 2.759390e-29   6.328128e-30   4.360515e+00
 3.355612e-29   6.399720e-30   5.243373e+00
 3.281697e-29   6.127761e-30   5.355458e+00
 3.016359e-29   5.757379e-30   5.239118e+00
 2.604565e-29   9.163689e-30   2.842267e+00
 3.402476e-29   6.347930e-30   5.359977e+00
 3.270446e-29   7.675066e-30   4.261130e+00
 3.304650e-29   6.651404e-30   4.968350e+00
 3.232299e-29   7.861853e-30   4.111370e+00
 3.479715e-29   6.551494e-30   5.311331e+00
 3.169283e-29   6.055735e-30   5.233523e+00
 3.310824e-29   6.607458e-30   5.010738e+00
 3.315839e-29   6.821505e-30   4.860862e+00
 3.828363e-29   6.733209e-30   5.685793e+00
 3.564686e-29   5.409252e-30   6.589980e+00
 3.207486e-29   7.423213e-30   4.320887e+00
 3.319600e-29   6.211874e-30   5.343960e+00
 3.206436e-29   5.696497e-30   5.628786e+00
 2.903726e-29   8.803183e-30   3.298496e+00
 3.189418e-29   6.750497e-30   4.724716e+00
 3.389756e-29   6.795965e-30   4.987894e+00
 3.340860e-29   7.362686e-30   4.537555e+00
 3.036355e-29   6.329299e-30   4.797301e+00
 3.072172e-29   6.132154e-30   5.009939e+00
 3.350826e-29   5.353689e-30   6.258910e+00
 3.087988e-29   6.086899e-30   5.073172e+00
 3.250009e-29   5.571019e-30   5.833779e+00
 3.346103e-29   7.802160e-30   4.288688e+00
 3.410215e-29   5.540602e-30   6.154955e+00
 3.663330e-29   6.153380e-30   5.953362e+00
 3.354007e-29   6.449885e-30   5.200104e+00
 3.331202e-29   6.648220e-30   5.010667e+00
 3.359903e-29   7.023640e-30   4.783706e+00
 3.334674e-29   7.461460e-30   4.469198e+00
 3.472220e-29   5.292415e-30   6.560748e+00
 3.378524e-29   5.940738e-30   5.687044e+00
 3.410283e-29   8.560938e-30   3.983538e+00
 3.788857e-29   5.905958e-30   6.415313e+00
 3.200126e-29   7.118602e-30   4.495442e+00
 3.549758e-29   6.116819e-30   5.803275e+00
 3.519885e-29   5.922875e-30   5.942865e+00
 3.391335e-29   6.303058e-30   5.380459e+00
 3.312257e-29   6.123851e-30   5.408780e+00
 3.353739e-29   6.227680e-30   5.385214e+00
 3.087393e-29   6.487995e-30   4.758624e+00
 3.422883e-29   6.480113e-30   5.282135e+00
 3.268824e-29   5.521220e-30   5.920473e+00
 2.973247e-29   5.951541e-30   4.995759e+00
 3.029782e-29   6.640710e-30   4.562438e+00
 3.799360e-29   5.460396e-30   6.958029e+00
 3.902031e-29   6.395240e-30   6.101462e+00
 3.089326e-29   6.896576e-30   4.479507e+00
 3.343063e-29   6.646458e-30   5.029842e+00
 3.354369e-29   5.653047e-30   5.933736e+00
 3.238147e-29   5.661276e-30   5.719819e+00
 3.320619e-29   5.160946e-30   6.434129e+00
 3.340083e-29   6.862564e-30   4.867106e+00
 3.368232e-29   5.073080e-30   6.639422e+00
 3.535263e-29   6.322997e-30   5.591119e+00
 3.392736e-29   7.549405e-30   4.494044e+00
 3.357497e-29   6.015419e-30   5.581484e+00
 3.669495e-29   5.925929e-30   6.192270e+00
 3.360173e-29   5.708963e-30   5.885785e+00
 3.364393e-29   6.230853e-30   5.399571e+00
 3.416946e-29   6.244017e-30   5.472353e+00
 3.367448e-29   6.538893e-30   5.149875e+00
 3.195828e-29   8.047631e-30   3.971141e+00
 3.283580e-29   6.561553e-30   5.004273e+00
 3.335790e-29   4.763919e-30   7.002197e+00
 3.201385e-29   5.943688e-30   5.386192e+00
 2.776038e-29   5.950930e-30   4.664881e+00
 3.246850e-29   5.965449e-30   5.442759e+00
 3.324423e-29   7.778557e-30   4.273830e+00
 3.216310e-29   7.519097e-30   4.277521e+00
 3.231272e-29   6.281795e-30   5.143868e+00
 3.338525e-29   6.786931e-30   4.919049e+00
 3.235265e-29   5.350710e-30   6.046422e+00
 3.596205e-29   6.917429e-30   5.198760e+00
 2.916070e-29   8.228187e-30   3.544000e+00
 2.999476e-29   6.736359e-30   4.452666e+00
 3.303359e-29   7.915962e-30   4.173036e+00
 3.232220e-29   7.365150e-30   4.388533e+00
 3.357291e-29   8.044673e-30   4.173310e+00
 3.345122e-29   7.678253e-30   4.356619e+00
 2.963256e-29   6.079879e-30   4.873873e+00
 3.337504e-29   6.122745e-30   5.450993e+00
 3.268999e-29   6.035338e-30   5.416431e+00
 3.453034e-29   5.051985e-30   6.835004e+00
 3.261306e-29   6.561738e-30   4.970186e+00
 3.338093e-29   6.944033e-30   4.807139e+00
 3.577451e-29   7.984373e-30   4.480565e+00
 3.424622e-29   7.762213e-30   4.411915e+00
 3.380811e-29   6.870464e-30   4.920790e+00
 3.552483e-29   5.536204e-30   6.416820e+00
 3.436385e-29   6.755616e-30   5.086709e+00
 3.506949e-29   7.200902e-30   4.870152e+00
 3.250142e-29   7.171169e-30   4.532235e+00
 3.155207e-29   6.351587e-30   4.967588e+00
 3.350876e-29   7.119120e-30   4.706868e+00
 3.203328e-29   5.697113e-30   5.622722e+00
 3.353363e-29   8.307417e-30   4.036589e+00
 3.290436e-29   6.998693e-30   4.701501e+00
 3.331855e-29   6.012106e-30   5.541910e+00
 3.292193e-29   7.707891e-30   4.271199e+00
 3.511096e-29   5.940233e-30   5.910704e+00
 3.366330e-29   6.248004e-30   5.387848e+00
 3.483537e-29   6.680970e-30   5.214118e+00
 3.343192e-29   6.009085e-30   5.563562e+00
 3.320316e-29   7.087979e-30   4.684433e+00
 3.333106e-29   6.881351e-30   4.843679e+00
 3.354599e-29   7.858086e-30   4.268977e+00
 3.297564e-29   6.844302e-30   4.817969e+00
 3.349156e-29   7.258177e-30   4.614321e+00
 3.314354e-29   8.060070e-30   4.112066e+00
 3.386497e-29   5.736057e-30   5.903876e+00
 3.550871e-29   6.650356e-30   5.339369e+00
 3.362252e-29   6.412494e-30   5.243284e+00
 3.364216e-29   6.273770e-30   5.362351e+00
 3.349853e-29   6.180178e-30   5.420318e+00
 3.349261e-29   6.117896e-30   5.474531e+00
 3.339026e-29   8.458012e-30   3.947767e+00
 3.354596e-29   7.444320e-30   4.506249e+00
 3.618781e-29   5.481960e-30   6.601254e+00
 3.365834e-29   6.500860e-30   5.177520e+00
 3.484390e-29   6.676958e-30   5.218528e+00
 3.359064e-29   6.278178e-30   5.350380e+00
 3.209122e-29   7.330500e-30   4.377766e+00
 3.095370e-29   6.216846e-30   4.979003e+00
 3.389356e-29   5.049862e-30   6.711779e+00
 3.177943e-29   5.862497e-30   5.420801e+00
 3.078100e-29   6.150798e-30   5.004390e+00
 3.322302e-29   7.276276e-30   4.565937e+00
 3.184564e-29   6.771656e-30   4.702784e+00
 3.674151e-29   5.042045e-30   7.287026e+00
 3.208243e-29   6.020566e-30   5.328807e+00
 3.076862e-29   6.292959e-30   4.889373e+00
 3.363270e-29   5.370129e-30   6.262923e+00
 3.360134e-29   6.098025e-30   5.510201e+00
 3.358902e-29   6.105494e-30   5.501442e+00
 3.393297e-29   6.251819e-30   5.427695e+00
 3.817603e-29   7.380917e-30   5.172261e+00
 3.500596e-29   8.080887e-30   4.331945e+00
 2.986462e-29   7.261365e-30   4.112810e+00
 3.509782e-29   7.713981e-30   4.549897e+00
 3.360082e-29   6.590239e-30   5.098573e+00
 3.139114e-29   7.013237e-30   4.475984e+00
 3.413301e-29   7.282920e-30   4.686721e+00
 3.785025e-29   6.002277e-30   6.305982e+00
 3.421131e-29   6.603563e-30   5.180735e+00
 3.626046e-29   6.221358e-30   5.828384e+00
 3.361835e-29   5.303506e-30   6.338891e+00
 3.253042e-29   6.035029e-30   5.390267e+00
 3.344942e-29   7.941148e-30   4.212164e+00
 3.416068e-29   7.106912e-30   4.806684e+00
 3.660689e-29   5.892454e-30   6.212503e+00
 3.137922e-29   6.129576e-30   5.119313e+00
 3.009784e-29   6.282264e-30   4.790922e+00
 3.338508e-29   6.786921e-30   4.919033e+00
 3.273000e-29   7.399417e-30   4.423321e+00
 3.085378e-29   7.358832e-30   4.192754e+00
 3.324791e-29   4.810033e-30   6.912200e+00
 3.086666e-29   6.149034e-30   5.019757e+00
 3.341613e-29   6.815046e-30   4.903287e+00
 3.292818e-29   6.297213e-30   5.229008e+00
 3.193951e-29   5.686382e-30   5.616843e+00
 3.161719e-29   6.395999e-30   4.943277e+00
 3.205552e-29   6.655140e-30   4.816656e+00
 3.246411e-29   8.728516e-30   3.719316e+00
 3.368107e-29   6.995239e-30   4.814856e+00
 3.373724e-29   9.098607e-30   3.707957e+00
 3.278825e-29   5.708394e-30   5.743865e+00
 3.304791e-29   6.329708e-30   5.221079e+00
 3.409170e-29   7.691031e-30   4.432656e+00
 3.510696e-29   5.863527e-30   5.987345e+00
 3.385945e-29   6.942005e-30   4.877474e+00
 3.319017e-29   6.204115e-30   5.349703e+00
 3.345107e-29   6.303554e-30   5.306700e+00
 3.330613e-29   6.333103e-30   5.259053e+00
 3.619740e-29   6.585177e-30   5.496800e+00
 3.485681e-29   6.145925e-30   5.671531e+00
 3.535482e-29   5.816232e-30   6.078647e+00
 3.325735e-29   7.097303e-30   4.685913e+00
 3.360971e-29   7.900444e-30   4.254155e+00
 3.379617e-29   6.458760e-30   5.232609e+00
 3.168961e-29   5.849377e-30   5.417604e+00
 3.419798e-29   6.857534e-30   4.986920e+00
 3.341065e-29   8.519886e-30   3.921490e+00
 3.360971e-29   7.900444e-30   4.254155e+00
 3.278753e-29   8.702238e-30   3.767713e+00
 3.475428e-29   6.640724e-30   5.233508e+00
 3.301045e-29   7.154600e-30   4.613877e+00
 3.311876e-29   7.832143e-30   4.228569e+00
 3.348861e-29   6.089179e-30   5.499693e+00
 3.298096e-29   5.993966e-30   5.502360e+00
 3.607774e-29   5.790553e-30   6.230447e+00
 3.494960e-29   6.925129e-30   5.046780e+00
 3.168961e-29   5.849377e-30   5.417604e+00
 3.102633e-29   5.959113e-30   5.206536e+00
 3.289003e-29   6.623059e-30   4.965988e+00
 3.675304e-29   5.772859e-30   6.366524e+00
 3.444790e-29   6.184569e-30   5.569976e+00
 3.113500e-29   6.804286e-30   4.575792e+00
 3.182133e-29   6.766042e-30   4.703093e+00
 3.398832e-29   6.454997e-30   5.265427e+00
 3.179818e-29   6.781020e-30   4.689292e+00
 3.424392e-29   6.578817e-30   5.205180e+00
 3.188493e-29   7.217505e-30   4.417722e+00
 3.505600e-29   6.036093e-30   5.807730e+00
 3.592644e-29   5.814436e-30   6.178836e+00
 3.357961e-29   6.895279e-30   4.869942e+00
 3.293605e-29   5.399379e-30   6.099969e+00
 3.402596e-29   6.327918e-30   5.377117e+00
 3.330542e-29   5.504614e-30   6.050454e+00
 3.359143e-29   5.972526e-30   5.624326e+00
 3.593611e-29   6.328702e-30   5.678274e+00
 3.356371e-29   6.392251e-30   5.250688e+00
 2.971651e-29   6.966181e-30   4.265825e+00
 3.446763e-29   6.500828e-30   5.302036e+00
 3.413794e-29   6.584929e-30   5.184253e+00
 3.772134e-29   5.759965e-30   6.548884e+00
 3.516678e-29   6.332957e-30   5.552981e+00
 3.233290e-29   6.502645e-30   4.972269e+00
 3.340743e-29   6.610342e-30   5.053813e+00
 3.522052e-29   6.177456e-30   5.701460e+00
 3.734583e-29   5.807540e-30   6.430576e+00
 3.355342e-29   6.575624e-30   5.102698e+00
 3.240928e-29   7.490333e-30   4.326814e+00
 3.205392e-29   5.869522e-30   5.461078e+00
 3.598197e-29   8.022272e-30   4.485260e+00
 3.382478e-29   7.471020e-30   4.527464e+00
 3.355530e-29   6.590482e-30   5.091480e+00
 3.354408e-29   6.905005e-30   4.857937e+00
 3.286864e-29   7.205482e-30   4.561616e+00
 3.038452e-29   5.771105e-30   5.264939e+00
 3.263083e-29   7.849021e-30   4.157313e+00
 3.277790e-29   5.997708e-30   5.465071e+00
 3.354901e-29   6.583366e-30   5.096027e+00
 2.874961e-29   5.573488e-30   5.158281e+00
 3.260724e-29   7.635363e-30   4.270555e+00
 3.109046e-29   8.070126e-30   3.852537e+00
 3.357612e-29   5.680890e-30   5.910362e+00
 3.139033e-29   5.032560e-30   6.237448e+00
 3.475275e-29   7.160332e-30   4.853511e+00
 3.076855e-29   6.161243e-30   4.993888e+00
 3.384472e-29   6.275356e-30   5.393275e+00
 2.985386e-29   5.902981e-30   5.057421e+00
 2.873123e-29   6.921881e-30   4.150784e+00
 3.354547e-29   7.968108e-30   4.209967e+00
 3.240812e-29   6.071225e-30   5.337986e+00
 3.135704e-29   6.705787e-30   4.676116e+00
 3.352809e-29   7.993117e-30   4.194620e+00
 3.263122e-29   7.244040e-30   4.504561e+00
 3.350636e-29   6.976320e-30   4.802870e+00
 3.613779e-29   7.375678e-30   4.899590e+00
 3.112563e-29   6.051064e-30   5.143827e+00
 2.926928e-29   5.957403e-30   4.913095e+00
 3.332607e-29   5.393715e-30   6.178685e+00
 3.323057e-29   7.380028e-30   4.502771e+00
 3.425589e-29   7.041018e-30   4.865191e+00
 3.229444e-29   7.017267e-30   4.602139e+00
 3.367469e-29   5.603986e-30   6.009061e+00
 3.317580e-29   5.581058e-30   5.944356e+00
 3.303875e-29   6.801195e-30   4.857786e+00
 3.263666e-29   5.510942e-30   5.922156e+00
 3.367124e-29   5.647327e-30   5.962332e+00
 3.002815e-29   7.710388e-30   3.894506e+00
 3.352671e-29   7.548936e-30   4.441250e+00
 3.622528e-29   6.609384e-30   5.480886e+00
 3.331971e-29   8.665273e-30   3.845201e+00
 3.456444e-29   7.803240e-30   4.429499e+00
 3.165872e-29   6.600244e-30   4.796598e+00
 3.375851e-29   5.774818e-30   5.845813e+00
 3.449295e-29   7.503190e-30   4.597104e+00
 3.184050e-29   7.968864e-30   3.995613e+00
 2.909372e-29   5.904644e-30   4.927261e+00
 3.305950e-29   5.830417e-30   5.670177e+00
 3.198547e-29   6.885600e-30   4.645269e+00
 2.972471e-29   6.599288e-30   4.504231e+00
 3.601065e-29   5.771264e-30   6.239647e+00
 3.071410e-29   6.269472e-30   4.898993e+00
 3.403255e-29   7.480274e-30   4.549640e+00
 3.202466e-29   8.064492e-30   3.971069e+00
 3.121859e-29   6.733332e-30   4.636425e+00
 3.336492e-29   5.904859e-30   5.650417e+00
 3.531949e-29   6.760182e-30   5.224635e+00
 3.963568e-29   7.563423e-30   5.240442e+00
 3.310493e-29   6.269591e-30   5.280237e+00
 3.631726e-29   5.134791e-30   7.072783e+00
 3.342604e-29   6.188585e-30   5.401241e+00
 3.276732e-29   6.835959e-30   4.793376e+00
 3.327556e-29   5.044238e-30   6.596746e+00
 3.014577e-29   6.477057e-30   4.654238e+00
 3.616240e-29   6.772827e-30   5.339336e+00
 3.291070e-29   5.929297e-30   5.550523e+00
 3.573189e-29   6.567910e-30   5.440374e+00
 3.392982e-29   8.034843e-30   4.222835e+00
 3.299538e-29   7.398106e-30   4.459977e+00
 2.829695e-29   6.567920e-30   4.308358e+00
 3.364124e-29   6.730149e-30   4.998588e+00
 3.358018e-29   6.788939e-30   4.946306e+00
 3.530598e-29   5.779969e-30   6.108334e+00
 3.440294e-29   6.739171e-30   5.104921e+00
 3.555930e-29   6.521544e-30   5.452589e+00
 3.284038e-29   6.546974e-30   5.016116e+00
 3.496683e-29   7.633479e-30   4.580721e+00
 3.515396e-29   6.072806e-30   5.788751e+00
 3.339359e-29   6.905410e-30   4.835860e+00
 3.339300e-29   7.264936e-30   4.596462e+00
 3.336643e-29   6.424233e-30   5.193839e+00
 3.344567e-29   6.472490e-30   5.167358e+00
 3.205104e-29   7.593208e-30   4.221014e+00
 3.505619e-29   5.777132e-30   6.068096e+00
 3.559458e-29   5.418621e-30   6.568937e+00
 3.107322e-29   6.420628e-30   4.839592e+00
 3.235166e-29   6.749944e-30   4.792879e+00
 3.296895e-29   7.969619e-30   4.136829e+00
 3.332385e-29   5.405113e-30   6.165246e+00
 3.297143e-29   7.363612e-30   4.477617e+00
 3.339699e-29   6.609058e-30   5.053216e+00
 3.260036e-29   7.188996e-30   4.534759e+00
 3.308216e-29   6.186674e-30   5.347325e+00
 3.617110e-29   6.545347e-30   5.526231e+00
 3.510310e-29   6.581016e-30   5.333994e+00
 3.364117e-29   5.721499e-30   5.879782e+00
 3.337164e-29   6.584330e-30   5.068342e+00
 3.163965e-29   5.902397e-30   5.360475e+00
 3.151465e-29   6.731337e-30   4.681782e+00
 3.296743e-29   7.264383e-30   4.538229e+00
 3.308457e-29   7.101695e-30   4.658687e+00
 3.227447e-29   5.975573e-30   5.401067e+00
 3.217075e-29   5.931342e-30   5.423856e+00
 2.784697e-29   5.698407e-30   4.886798e+00
 3.438698e-29   6.990341e-30   4.919214e+00
 3.368595e-29   5.862393e-30   5.746110e+00
 3.257997e-29   5.808303e-30   5.609206e+00
 3.240572e-29   4.794553e-30   6.758861e+00
 3.293054e-29   7.304094e-30   4.508505e+00
 3.294391e-29   6.651779e-30   4.952646e+00
 3.319608e-29   7.388193e-30   4.493125e+00
 3.401437e-29   5.684459e-30   5.983747e+00
 3.603457e-29   6.541965e-30   5.508218e+00
 3.395188e-29   7.331954e-30   4.630673e+00
 3.320530e-29   7.878296e-30   4.214781e+00
 3.141842e-29   7.112114e-30   4.417592e+00
 3.267650e-29   7.870585e-30   4.151724e+00
 3.424630e-29   7.594837e-30   4.509155e+00
 3.333291e-29   8.249854e-30   4.040424e+00
 2.915179e-29   6.069533e-30   4.802971e+00
 3.300327e-29   7.092969e-30   4.652955e+00
 3.341281e-29   5.358593e-30   6.235369e+00
 3.353301e-29   5.913179e-30   5.670894e+00
 3.456194e-29   5.049212e-30   6.845017e+00
 2.961631e-29   7.022217e-30   4.217515e+00
 3.421362e-29   6.608693e-30   5.177064e+00
 3.038396e-29   6.108910e-30   4.973711e+00
 3.263213e-29   4.967221e-30   6.569495e+00
 3.301086e-29   7.239390e-30   4.559895e+00
 3.302634e-29   6.661852e-30   4.957531e+00
 3.353183e-29   6.835956e-30   4.905215e+00
 3.050283e-29   7.460757e-30   4.088436e+00
 3.766691e-29   5.908799e-30   6.374715e+00
 3.108775e-29   6.645556e-30   4.677975e+00
 3.394476e-29   7.831756e-30   4.334246e+00
 3.344005e-29   5.733658e-30   5.832237e+00
 2.935881e-29   4.861268e-30   6.039332e+00
 3.401240e-29   6.960942e-30   4.886178e+00
 3.343528e-29   7.223642e-30   4.628590e+00
 2.979411e-29   6.884781e-30   4.327532e+00
 2.885054e-29   6.414926e-30   4.497408e+00
 3.359410e-29   5.854148e-30   5.738512e+00
 3.185920e-29   7.183988e-30   4.434752e+00
 2.884034e-29   4.936929e-30   5.841757e+00
 3.352812e-29   7.058311e-30   4.750163e+00
 3.362542e-29   5.375688e-30   6.255092e+00
 3.394908e-29   7.440147e-30   4.562958e+00
 3.358842e-29   6.317804e-30   5.316470e+00
 3.469143e-29   6.091832e-30   5.694744e+00
 3.158472e-29   6.803502e-30   4.642422e+00
 3.245020e-29   6.955585e-30   4.665344e+00
 3.361198e-29   6.274522e-30   5.356899e+00
 3.427036e-29   6.845744e-30   5.006083e+00
 3.369873e-29   5.831187e-30   5.779051e+00
 3.273362e-29   4.654743e-30   7.032314e+00
 3.345196e-29   5.416359e-30   6.176098e+00
 3.768429e-29   6.446214e-30   5.845957e+00
 3.397937e-29   5.674895e-30   5.987664e+00
