 2.180481e-30   3.467487e-30   6.288361e-01
 7.612931e-31   4.037563e-30   1.885526e-01
 1.829716e-31   3.116501e-30   5.871059e-02
 8.506759e-31   3.411623e-30   2.493464e-01
 1.274812e-30   3.828694e-30   3.329625e-01
 5.430910e-31   3.489619e-30   1.556305e-01
 3.397834e-31   3.414795e-30   9.950332e-02
 1.419324e-30   2.901401e-30   4.891858e-01
 1.528208e-30   2.945931e-30   5.187520e-01
 1.807062e-31   3.488797e-30   5.179615e-02
 2.799397e-31   3.667169e-30   7.633673e-02
-1.272573e-31   4.009720e-30  -3.173719e-02
 1.172905e-30   3.010901e-30   3.895529e-01
 1.091863e-30   3.274443e-30   3.334499e-01
-8.951694e-32   3.593111e-30  -2.491349e-02
 1.030507e-30   3.197037e-30   3.223319e-01
 2.038638e-31   4.205260e-30   4.847830e-02
 8.435161e-31   3.896419e-30   2.164850e-01
 8.429264e-31   3.684821e-30   2.287564e-01
 4.241781e-31   3.592823e-30   1.180626e-01
 2.122408e-33   3.855070e-30   5.505497e-04
 3.401671e-31   3.107724e-30   1.094586e-01
 8.420838e-31   3.515559e-30   2.395306e-01
 1.784480e-31   3.687625e-30   4.839104e-02
 1.618812e-30   3.622363e-30   4.468939e-01
-5.208592e-31   2.718771e-30  -1.915789e-01
 2.111572e-31   2.947902e-30   7.162964e-02
 2.307016e-31   3.432326e-30   6.721436e-02
 8.477089e-31   3.343005e-30   2.535769e-01
 2.985145e-31   3.551461e-30   8.405400e-02
 8.994704e-31   3.885249e-30   2.315091e-01
-5.124030e-31   3.465195e-30  -1.478714e-01
 2.253840e-31   4.208911e-30   5.354925e-02
 5.431700e-31   3.586022e-30   1.514687e-01
-1.152414e-31   3.649171e-30  -3.158016e-02
 1.304504e-31   3.449543e-30   3.781672e-02
 4.434697e-31   3.752941e-30   1.181659e-01
 2.503611e-31   3.925401e-30   6.377973e-02
 9.818304e-31   4.135957e-30   2.373889e-01
 3.371357e-31   3.568186e-30   9.448376e-02
 1.505462e-30   3.610756e-30   4.169382e-01
 9.356307e-31   3.235438e-30   2.891821e-01
 8.744429e-31   3.771592e-30   2.318498e-01
 1.280687e-30   2.993945e-30   4.277591e-01
 6.210285e-32   3.769955e-30   1.647310e-02
-5.388298e-31   4.378227e-30  -1.230703e-01
 8.646767e-32   3.998710e-30   2.162389e-02
-2.144814e-31   3.354792e-30  -6.393283e-02
 9.946966e-32   3.659015e-30   2.718482e-02
 2.269118e-31   4.297468e-30   5.280126e-02
 1.930573e-31   3.673896e-30   5.254840e-02
 3.376839e-31   3.487295e-30   9.683264e-02
 5.652663e-31   3.109490e-30   1.817875e-01
 3.611512e-31   3.266358e-30   1.105669e-01
 2.516915e-31   3.845569e-30   6.544975e-02
-6.406391e-31   3.794777e-30  -1.688213e-01
 3.401012e-31   2.594745e-30   1.310731e-01
-1.018084e-30   5.258012e-30  -1.936253e-01
 2.361519e-31   3.758081e-30   6.283843e-02
 6.439584e-31   3.574216e-30   1.801677e-01
 1.183354e-30   3.821393e-30   3.096656e-01
 1.262501e-30   3.415807e-30   3.696055e-01
 6.719171e-31   3.922608e-30   1.712935e-01
-2.478043e-31   3.991801e-30  -6.207833e-02
 4.576188e-31   3.507435e-30   1.304711e-01
 5.431163e-31   4.190656e-30   1.296017e-01
 7.095843e-31   3.221501e-30   2.202651e-01
 5.663332e-31   3.964761e-30   1.428417e-01
 4.515747e-31   2.715086e-30   1.663206e-01
 5.123885e-31   3.520563e-30   1.455416e-01
 5.891682e-32   3.769671e-30   1.562917e-02
 3.114240e-31   2.916627e-30   1.067754e-01
 1.001668e-30   2.824160e-30   3.546782e-01
 1.831692e-30   3.548904e-30   5.161289e-01
 2.393747e-31   3.479916e-30   6.878751e-02
 7.465506e-31   3.376441e-30   2.211058e-01
 2.081924e-31   2.940473e-30   7.080235e-02
-1.623926e-31   3.550579e-30  -4.573693e-02
 3.852917e-31   3.510870e-30   1.097425e-01
 4.722686e-31   4.033911e-30   1.170746e-01
 4.009439e-31   3.752243e-30   1.068544e-01
-2.350379e-31   3.873137e-30  -6.068412e-02
 1.601113e-30   3.660702e-30   4.373786e-01
 3.322187e-32   4.663404e-30   7.123952e-03
 5.786269e-31   3.949217e-30   1.465169e-01
-6.829013e-31   3.540902e-30  -1.928608e-01
 6.552901e-31   3.400726e-30   1.926912e-01
 2.617341e-31   3.402405e-30   7.692621e-02
 1.206153e-30   3.134426e-30   3.848083e-01
 9.902192e-31   3.059127e-30   3.236934e-01
 2.406106e-31   3.510559e-30   6.853910e-02
 1.241435e-30   3.342785e-30   3.713776e-01
 1.759218e-30   3.430890e-30   5.127584e-01
 2.453033e-32   4.346266e-30   5.644001e-03
 1.018006e-30   3.805761e-30   2.674908e-01
 4.787852e-31   3.126761e-30   1.531250e-01
 8.932368e-31   3.767392e-30   2.370968e-01
-2.944979e-31   3.355212e-30  -8.777327e-02
 9.471785e-31   3.096522e-30   3.058846e-01
 2.340079e-31   5.084738e-30   4.602162e-02
 1.678424e-30   3.227151e-30   5.200948e-01
 7.862709e-31   3.657004e-30   2.150041e-01
-6.643412e-31   3.720343e-30  -1.785699e-01
 5.080183e-31   3.273906e-30   1.551720e-01
-3.453302e-31   3.180049e-30  -1.085927e-01
 3.310719e-31   2.744156e-30   1.206461e-01
 2.628309e-31   3.549359e-30   7.405024e-02
 9.529678e-31   3.424972e-30   2.782411e-01
 3.152621e-31   3.133742e-30   1.006024e-01
 9.181260e-32   3.473976e-30   2.642868e-02
 6.533559e-31   3.517463e-30   1.857463e-01
 4.167516e-31   4.273946e-30   9.750978e-02
 4.177925e-31   3.041713e-30   1.373543e-01
-7.624255e-32   3.621292e-30  -2.105396e-02
 2.155446e-30   3.393284e-30   6.352095e-01
 3.324087e-31   3.457146e-30   9.615120e-02
 2.427635e-31   3.997845e-30   6.072357e-02
 5.496125e-32   3.416570e-30   1.608667e-02
 4.491457e-32   3.636872e-30   1.234978e-02
 4.565970e-31   3.377381e-30   1.351926e-01
 1.173823e-30   3.679473e-30   3.190194e-01
 3.405941e-31   3.416895e-30   9.967942e-02
-7.911673e-31   3.042314e-30  -2.600544e-01
 3.113251e-31   3.792445e-30   8.209087e-02
 1.260471e-31   3.613836e-30   3.487902e-02
 3.474114e-31   3.825340e-30   9.081843e-02
-5.124030e-31   3.465195e-30  -1.478714e-01
 1.263072e-30   2.810071e-30   4.494804e-01
 1.065449e-30   3.379757e-30   3.152444e-01
 1.578173e-30   3.122494e-30   5.054206e-01
 2.581695e-31   3.843582e-30   6.716897e-02
 1.528358e-30   3.614742e-30   4.228126e-01
 1.233140e-30   3.630289e-30   3.396810e-01
 1.614481e-30   3.489075e-30   4.627245e-01
-7.475605e-31   4.945991e-30  -1.511447e-01
 9.777415e-31   3.609903e-30   2.708498e-01
 1.185375e-30   3.197507e-30   3.707184e-01
 3.826083e-31   3.901839e-30   9.805846e-02
-4.295941e-31   4.079620e-30  -1.053025e-01
 1.863939e-31   3.770278e-30   4.943770e-02
 6.865607e-31   3.130919e-30   2.192840e-01
 1.233632e-30   4.313458e-30   2.859961e-01
 7.587385e-31   4.302178e-30   1.763615e-01
 2.151847e-30   3.362047e-30   6.400406e-01
 6.660748e-31   3.673888e-30   1.812997e-01
-1.065748e-30   3.454264e-30  -3.085310e-01
 1.033690e-30   3.904629e-30   2.647345e-01
 3.746321e-31   3.130261e-30   1.196808e-01
-2.844104e-31   3.905068e-30  -7.283108e-02
 1.546646e-30   3.039946e-30   5.087741e-01
 3.473616e-31   3.506414e-30   9.906463e-02
 5.111143e-31   3.803391e-30   1.343838e-01
 5.937362e-31   3.430196e-30   1.730910e-01
 1.248777e-30   2.918554e-30   4.278752e-01
 1.099547e-30   3.464145e-30   3.174079e-01
 1.301376e-30   2.981356e-30   4.365047e-01
 9.385736e-31   3.634485e-30   2.582412e-01
 1.410085e-31   4.020892e-30   3.506897e-02
 3.145363e-31   3.214575e-30   9.784694e-02
 2.227367e-31   3.006013e-30   7.409706e-02
 6.449556e-31   3.493732e-30   1.846036e-01
-1.168415e-31   3.177174e-30  -3.677530e-02
-2.831467e-31   3.381789e-30  -8.372690e-02
 2.116566e-31   3.715333e-30   5.696842e-02
-1.422272e-32   3.243216e-30  -4.385376e-03
 2.658461e-31   3.638916e-30   7.305640e-02
 1.985315e-31   4.186345e-30   4.742360e-02
 2.869441e-31   3.534914e-30   8.117428e-02
 1.019367e-30   2.723052e-30   3.743471e-01
 1.335106e-30   2.817191e-30   4.739139e-01
 1.301649e-31   3.215022e-30   4.048646e-02
 4.214015e-31   3.349918e-30   1.257946e-01
 5.870977e-32   3.637993e-30   1.613796e-02
 1.771139e-30   3.034714e-30   5.836263e-01
 1.200118e-30   2.952326e-30   4.064991e-01
-9.890257e-31   3.512551e-30  -2.815690e-01
 1.202911e-30   3.940604e-30   3.052606e-01
 3.204465e-31   3.116090e-30   1.028361e-01
 1.701022e-31   3.714486e-30   4.579427e-02
 3.856879e-31   4.170262e-30   9.248530e-02
 3.146396e-31   4.168929e-30   7.547251e-02
 3.103435e-31   3.845493e-30   8.070318e-02
 4.780782e-31   3.545438e-30   1.348432e-01
 3.849072e-31   4.272528e-30   9.008886e-02
 3.415681e-31   2.576977e-30   1.325460e-01
 2.154376e-30   3.317248e-30   6.494469e-01
 3.569116e-31   3.228869e-30   1.105376e-01
 2.048899e-30   2.828771e-30   7.243071e-01
 3.905020e-31   3.104817e-30   1.257730e-01
-2.034248e-31   3.386349e-30  -6.007203e-02
 1.141422e-30   3.533411e-30   3.230369e-01
-2.194600e-32   3.854077e-30  -5.694230e-03
 3.219152e-31   2.482254e-30   1.296867e-01
 1.284551e-31   3.838502e-30   3.346490e-02
 1.071657e-30   4.110198e-30   2.607312e-01
-1.060105e-32   3.399953e-30  -3.118000e-03
 6.135068e-31   3.157898e-30   1.942769e-01
-4.603102e-32   2.666550e-30  -1.726239e-02
 1.909468e-31   3.606236e-30   5.294906e-02
 4.683217e-31   4.049422e-30   1.156515e-01
 2.445196e-31   3.363832e-30   7.269078e-02
 1.842178e-30   3.403708e-30   5.412270e-01
 8.896379e-31   3.469377e-30   2.564259e-01
-4.295938e-31   4.079620e-30  -1.053024e-01
 1.293453e-31   3.185606e-30   4.060304e-02
 3.580484e-32   4.004917e-30   8.940220e-03
 6.615588e-31   3.616731e-30   1.829162e-01
 4.367311e-31   3.535388e-30   1.235313e-01
 2.678536e-31   3.596513e-30   7.447592e-02
 3.805695e-31   3.566242e-30   1.067144e-01
 4.374351e-32   3.856980e-30   1.134139e-02
-2.683202e-31   3.773904e-30  -7.109882e-02
 1.526402e-31   3.679722e-30   4.148146e-02
 8.412985e-32   3.460326e-30   2.431270e-02
 6.247947e-31   3.177861e-30   1.966086e-01
-1.962249e-31   3.160192e-30  -6.209271e-02
-4.322059e-31   3.264793e-30  -1.323839e-01
 1.267638e-30   4.279248e-30   2.962291e-01
 1.019585e-31   3.457175e-30   2.949186e-02
-5.821581e-31   3.137969e-30  -1.855207e-01
 2.751943e-31   3.661144e-30   7.516620e-02
 2.977859e-31   3.303605e-30   9.013968e-02
 9.278856e-32   3.672726e-30   2.526422e-02
 8.457826e-31   3.230694e-30   2.617960e-01
 6.681778e-31   3.663866e-30   1.823696e-01
 2.161957e-31   3.850286e-30   5.615056e-02
 2.954611e-31   3.559633e-30   8.300324e-02
 1.185676e-31   3.521269e-30   3.367184e-02
 5.031394e-31   3.267153e-30   1.539993e-01
 4.779543e-31   3.451492e-30   1.384776e-01
 3.072192e-31   3.491874e-30   8.798118e-02
 1.439519e-30   4.219013e-30   3.411980e-01
 2.891013e-31   3.127795e-30   9.242977e-02
 1.476328e-31   3.610850e-30   4.088588e-02
 5.775189e-31   3.022169e-30   1.910942e-01
 8.983463e-31   3.399500e-30   2.642584e-01
 1.828653e-31   3.656424e-30   5.001206e-02
 2.189409e-31   4.218611e-30   5.189881e-02
 1.230276e-30   3.246366e-30   3.789701e-01
 1.851482e-30   3.494836e-30   5.297766e-01
-3.473298e-32   3.612840e-30  -9.613761e-03
 7.079079e-31   3.287106e-30   2.153590e-01
 2.479513e-31   3.507425e-30   7.069324e-02
 1.248258e-30   3.931725e-30   3.174836e-01
 4.174408e-31   3.679294e-30   1.134568e-01
 4.528339e-31   3.001312e-30   1.508786e-01
 7.082797e-31   3.380216e-30   2.095368e-01
 1.993759e-30   3.774572e-30   5.282080e-01
 2.408143e-31   3.240450e-30   7.431509e-02
 4.783573e-31   3.488716e-30   1.371156e-01
-9.208803e-32   4.036998e-30  -2.281102e-02
 5.443487e-31   3.630871e-30   1.499224e-01
 9.794779e-32   4.133787e-30   2.369444e-02
 1.186905e-30   2.706708e-30   4.385050e-01
 3.899537e-31   3.285162e-30   1.187015e-01
 1.268804e-31   4.984046e-30   2.545731e-02
 7.031282e-31   3.281869e-30   2.142463e-01
 3.372089e-31   3.003707e-30   1.122643e-01
 3.494440e-31   2.943347e-30   1.187234e-01
-5.412155e-31   3.563373e-30  -1.518829e-01
 2.530797e-31   3.919537e-30   6.456878e-02
 4.043334e-31   3.589735e-30   1.126360e-01
 1.158787e-30   3.419228e-30   3.389029e-01
 4.647523e-31   2.607061e-30   1.782668e-01
 1.168148e-31   3.417291e-30   3.418344e-02
 1.662742e-31   4.085064e-30   4.070297e-02
 1.835808e-30   3.745902e-30   4.900844e-01
 2.117889e-31   4.040163e-30   5.242088e-02
 6.779456e-31   3.195347e-30   2.121665e-01
 1.119028e-30   3.068480e-30   3.646847e-01
 3.473186e-31   3.463010e-30   1.002938e-01
 1.642556e-31   3.303425e-30   4.972284e-02
-1.910856e-32   3.908350e-30  -4.889163e-03
 2.685337e-31   3.692858e-30   7.271703e-02
 1.572098e-32   3.336891e-30   4.711267e-03
 1.200056e-30   3.446622e-30   3.481832e-01
 6.039182e-31   3.472137e-30   1.739327e-01
 1.293884e-30   3.374719e-30   3.834049e-01
 6.405888e-32   3.203772e-30   1.999483e-02
 9.688978e-32   4.384872e-30   2.209638e-02
-1.798542e-31   4.148336e-30  -4.335573e-02
 1.048953e-30   3.194208e-30   3.283922e-01
 2.569436e-31   3.647130e-30   7.045089e-02
 3.022264e-31   3.640955e-30   8.300744e-02
 3.475484e-30   3.256972e-30   1.067091e+00
 4.476259e-31   3.598028e-30   1.244087e-01
 1.410182e-30   3.319896e-30   4.247670e-01
 9.760819e-31   3.444620e-30   2.833642e-01
 6.444716e-31   3.117184e-30   2.067480e-01
 3.729954e-31   4.021214e-30   9.275690e-02
 2.622162e-31   3.637731e-30   7.208235e-02
 2.835756e-31   3.816097e-30   7.431039e-02
 4.247136e-31   3.806351e-30   1.115803e-01
 2.721071e-31   3.097916e-30   8.783556e-02
 3.708683e-31   3.944443e-30   9.402297e-02
-1.193561e-31   2.904481e-30  -4.109376e-02
 9.743933e-31   3.556973e-30   2.739389e-01
 3.886458e-31   3.295708e-30   1.179248e-01
-7.947448e-32   3.502527e-30  -2.269061e-02
 1.344136e-30   3.369136e-30   3.989557e-01
 2.868149e-31   3.274848e-30   8.758113e-02
 1.332210e-30   3.076046e-30   4.330916e-01
 1.141862e-30   3.932245e-30   2.903843e-01
 3.878287e-31   2.981345e-30   1.300851e-01
 3.841306e-31   3.321916e-30   1.156353e-01
 3.362733e-31   4.506957e-30   7.461205e-02
-8.593777e-31   3.455156e-30  -2.487233e-01
 2.925557e-31   3.582666e-30   8.165866e-02
 2.071869e-30   2.840267e-30   7.294629e-01
 2.481612e-31   3.286062e-30   7.551934e-02
 1.514926e-30   3.286232e-30   4.609917e-01
 1.200393e-30   3.343818e-30   3.589886e-01
-8.331916e-31   3.419111e-30  -2.436866e-01
 3.469506e-31   3.210875e-30   1.080548e-01
-5.806503e-31   3.733818e-30  -1.555111e-01
 2.493700e-30   3.402522e-30   7.328974e-01
 1.308083e-31   4.576634e-30   2.858177e-02
 1.957552e-30   2.860726e-30   6.842852e-01
 7.049658e-31   2.922687e-30   2.412047e-01
 3.327782e-31   3.179251e-30   1.046719e-01
 2.618164e-31   3.812072e-30   6.868085e-02
 1.003995e-30   3.314000e-30   3.029557e-01
 4.612492e-31   3.622000e-30   1.273465e-01
 1.042817e-32   3.742327e-30   2.786547e-03
 1.216764e-30   3.447232e-30   3.529683e-01
 1.670298e-30   3.478561e-30   4.801693e-01
 3.327762e-32   3.620631e-30   9.191110e-03
-9.066385e-32   3.620835e-30  -2.503949e-02
 1.334645e-30   2.817151e-30   4.737571e-01
 4.108517e-31   3.821292e-30   1.075164e-01
 7.957070e-31   4.154420e-30   1.915326e-01
 3.557416e-31   3.734161e-30   9.526681e-02
-8.190645e-33   4.637850e-30  -1.766044e-03
 2.519215e-31   3.311485e-30   7.607508e-02
-2.117742e-31   3.158946e-30  -6.703951e-02
 5.497867e-31   4.284480e-30   1.283205e-01
 1.232864e-30   3.804930e-30   3.240176e-01
 1.223117e-30   2.936540e-30   4.165163e-01
 3.112450e-31   3.559027e-30   8.745227e-02
 4.066713e-31   3.661663e-30   1.110619e-01
 9.061683e-31   3.713480e-30   2.440213e-01
 1.069911e-30   3.180410e-30   3.364066e-01
 1.472914e-32   2.958872e-30   4.977960e-03
 2.369383e-32   3.084379e-30   7.681881e-03
 1.411084e-30   3.295595e-30   4.281728e-01
 2.454667e-31   4.036529e-30   6.081132e-02
 1.164745e-30   4.610263e-30   2.526419e-01
 2.682021e-31   3.242160e-30   8.272327e-02
 1.346994e-31   3.989870e-30   3.376034e-02
 3.186664e-31   2.994391e-30   1.064211e-01
 2.315345e-30   3.392971e-30   6.823947e-01
 4.205737e-31   4.091699e-30   1.027871e-01
 3.136839e-31   3.730533e-30   8.408554e-02
 1.738835e-31   3.842212e-30   4.525609e-02
-8.771870e-32   3.614467e-30  -2.426878e-02
 1.735489e-31   3.242040e-30   5.353078e-02
 4.282526e-31   3.503420e-30   1.222385e-01
 5.408516e-32   3.725978e-30   1.451569e-02
-3.100402e-32   2.950038e-30  -1.050970e-02
 6.599344e-32   3.285335e-30   2.008728e-02
 3.701159e-31   4.045820e-30   9.148106e-02
 2.616168e-32   4.416859e-30   5.923141e-03
 1.259295e-30   2.988806e-30   4.213372e-01
 3.355445e-31   3.769264e-30   8.902124e-02
 2.413189e-31   3.223013e-30   7.487371e-02
 2.241515e-31   3.697419e-30   6.062379e-02
-1.102160e-31   3.471342e-30  -3.175026e-02
 2.188432e-30   2.975356e-30   7.355192e-01
 3.686133e-31   3.251718e-30   1.133595e-01
 1.157670e-30   3.842783e-30   3.012583e-01
 1.629687e-31   4.301329e-30   3.788799e-02
 1.181451e-30   3.627868e-30   3.256598e-01
 2.267500e-30   3.414255e-30   6.641273e-01
 6.336301e-31   3.521330e-30   1.799406e-01
 6.859795e-31   3.664384e-30   1.872018e-01
 4.777956e-31   3.565353e-30   1.340107e-01
 3.567616e-31   3.833608e-30   9.306159e-02
 1.037182e-30   3.792641e-30   2.734723e-01
 7.169206e-31   4.151846e-30   1.726752e-01
 1.485759e-30   3.254666e-30   4.565014e-01
 2.558934e-31   3.899296e-30   6.562554e-02
 4.583830e-31   3.866797e-30   1.185433e-01
 2.365660e-31   3.712572e-30   6.372025e-02
 5.590414e-31   3.350377e-30   1.668592e-01
 1.123340e-30   3.932542e-30   2.856524e-01
 3.098562e-31   3.599715e-30   8.607796e-02
 2.141501e-31   3.604162e-30   5.941746e-02
 2.047491e-31   3.488968e-30   5.868473e-02
 1.033457e-30   3.791413e-30   2.725783e-01
 1.364478e-30   3.567410e-30   3.824841e-01
 3.924593e-31   4.164911e-30   9.422993e-02
 7.388953e-31   3.979913e-30   1.856562e-01
 1.361187e-30   4.554400e-30   2.988730e-01
 2.907304e-31   3.045925e-30   9.544896e-02
 8.071400e-32   3.611852e-30   2.234698e-02
 4.412718e-31   3.028387e-30   1.457119e-01
 2.592319e-31   4.959139e-30   5.227357e-02
 2.650748e-31   3.596449e-30   7.370459e-02
 2.811222e-31   3.755084e-30   7.486441e-02
 9.898489e-31   3.636387e-30   2.722067e-01
 2.317498e-30   3.142396e-30   7.374940e-01
 8.407376e-31   3.418607e-30   2.459299e-01
 2.572319e-31   3.914121e-30   6.571893e-02
-6.227719e-31   3.743302e-30  -1.663697e-01
 9.152670e-31   3.069457e-30   2.981854e-01
 4.131390e-31   3.836212e-30   1.076945e-01
 7.031282e-31   3.281869e-30   2.142463e-01
 8.875175e-31   3.851435e-30   2.304381e-01
 4.748118e-31   3.555675e-30   1.335364e-01
 5.682604e-31   3.880257e-30   1.464492e-01
 1.298158e-30   3.357529e-30   3.866409e-01
 2.953855e-31   3.139452e-30   9.408826e-02
 8.772436e-31   3.580898e-30   2.449787e-01
 2.575754e-31   2.950432e-30   8.730093e-02
 9.381155e-31   3.685625e-30   2.545336e-01
 1.399683e-31   3.115937e-30   4.492012e-02
 6.758806e-31   3.357626e-30   2.012971e-01
 3.874340e-31   3.345366e-30   1.158122e-01
 5.636059e-31   2.945696e-30   1.913320e-01
 1.143435e-30   4.205148e-30   2.719131e-01
 9.692413e-31   3.117324e-30   3.109209e-01
 2.170322e-31   3.745582e-30   5.794351e-02
 1.176812e-31   3.616616e-30   3.253904e-02
 2.385442e-31   3.752521e-30   6.356905e-02
 2.513623e-30   3.006480e-30   8.360686e-01
 3.566046e-31   4.181896e-30   8.527342e-02
 4.416903e-31   3.061692e-30   1.442635e-01
 2.879565e-31   3.825056e-30   7.528163e-02
 4.489668e-31   4.137940e-30   1.085001e-01
 5.405904e-31   3.219428e-30   1.679151e-01
-2.157515e-31   4.797600e-30  -4.497071e-02
 4.510354e-31   3.844115e-30   1.173314e-01
-1.141300e-31   3.893717e-30  -2.931133e-02
 6.845779e-31   3.423702e-30   1.999525e-01
 1.691436e-30   2.882576e-30   5.867796e-01
-1.623405e-31   3.820056e-30  -4.249688e-02
 4.511138e-31   3.005410e-30   1.501006e-01
 1.116863e-30   3.391347e-30   3.293272e-01
 3.268238e-31   3.687848e-30   8.862183e-02
 4.545764e-31   3.238011e-30   1.403875e-01
 2.149652e-30   3.263667e-30   6.586616e-01
 8.652805e-31   2.833091e-30   3.054192e-01
 1.768969e-31   4.518555e-30   3.914899e-02
 2.868687e-31   3.564114e-30   8.048809e-02
 1.525323e-30   2.945844e-30   5.177879e-01
 9.834318e-31   4.160613e-30   2.363671e-01
 5.359069e-31   3.867364e-30   1.385716e-01
 3.581989e-31   4.692654e-30   7.633184e-02
 2.825101e-31   4.246027e-30   6.653517e-02
 6.915320e-31   3.412954e-30   2.026198e-01
 5.278851e-31   3.360598e-30   1.570807e-01
-5.351679e-31   3.384269e-30  -1.581340e-01
 3.039538e-31   3.866979e-30   7.860239e-02
 1.378714e-30   3.580052e-30   3.851100e-01
 1.629687e-31   4.301329e-30   3.788799e-02
 8.866997e-31   4.244133e-30   2.089237e-01
 1.118460e-30   3.399700e-30   3.289879e-01
 2.739542e-31   3.404480e-30   8.046874e-02
 2.821047e-31   3.673740e-30   7.678951e-02
 2.940877e-31   3.451330e-30   8.520995e-02
 1.796912e-30   2.962405e-30   6.065718e-01
 1.961023e-30   3.436119e-30   5.707087e-01
 2.484473e-31   3.847033e-30   6.458153e-02
 6.074772e-32   3.874851e-30   1.567743e-02
 9.693901e-32   3.618974e-30   2.678632e-02
 1.895262e-30   3.486277e-30   5.436348e-01
 1.214551e-31   2.810749e-30   4.321095e-02
 2.234205e-31   4.419339e-30   5.055519e-02
 1.265689e-30   3.575557e-30   3.539838e-01
 4.949195e-31   3.985326e-30   1.241855e-01
-4.983385e-32   4.039224e-30  -1.233748e-02
 4.131274e-31   3.082493e-30   1.340238e-01
 1.259371e-30   3.042853e-30   4.138784e-01
 2.689738e-31   4.326435e-30   6.216984e-02
 2.761387e-31   3.299033e-30   8.370293e-02
 2.877262e-31   4.047019e-30   7.109585e-02
-1.878261e-31   3.316530e-30  -5.663332e-02
 9.832111e-31   3.461289e-30   2.840592e-01
 7.552419e-31   3.628722e-30   2.081289e-01
 5.452869e-31   3.107273e-30   1.754873e-01
-4.635182e-31   4.049352e-30  -1.144672e-01
 6.300050e-31   3.375953e-30   1.866154e-01
 1.573008e-30   3.273672e-30   4.805027e-01
-7.755374e-32   3.997708e-30  -1.939955e-02
 2.419427e-30   3.631262e-30   6.662773e-01
 6.139932e-32   3.590274e-30   1.710157e-02
 7.547133e-31   3.586951e-30   2.104052e-01
 2.280763e-31   4.046992e-30   5.635700e-02
 3.353664e-31   2.613435e-30   1.283240e-01
 6.888001e-31   3.351859e-30   2.054979e-01
 3.038078e-31   3.148720e-30   9.648611e-02
-5.208592e-31   2.718771e-30  -1.915789e-01
 1.337721e-30   3.670877e-30   3.644145e-01
 3.298890e-31   2.945948e-30   1.119806e-01
 1.689905e-30   3.107882e-30   5.437481e-01
 8.468826e-33   4.101403e-30   2.064860e-03
 1.115642e-32   3.562770e-30   3.131388e-03
 1.392289e-30   3.107370e-30   4.480603e-01
 6.846884e-31   3.771032e-30   1.815652e-01
 1.163407e-30   3.371087e-30   3.451134e-01
 2.705963e-31   3.958129e-30   6.836469e-02
 6.855615e-31   3.411575e-30   2.009516e-01
 6.879515e-31   3.289745e-30   2.091200e-01
 3.049477e-31   3.410720e-30   8.940858e-02
 9.976750e-31   3.650479e-30   2.732997e-01
 1.630816e-31   4.106283e-30   3.971513e-02
 2.572856e-32   4.124553e-30   6.237902e-03
-3.160461e-31   3.629356e-30  -8.708048e-02
 3.820122e-31   2.842804e-30   1.343787e-01
 7.578843e-31   4.015918e-30   1.887200e-01
 9.391803e-31   3.387562e-30   2.772437e-01
 3.675892e-31   4.116360e-30   8.929957e-02
 1.000683e-30   3.189213e-30   3.137712e-01
 4.751073e-31   3.756303e-30   1.264827e-01
 1.696871e-30   3.305360e-30   5.133696e-01
 3.121332e-31   3.249821e-30   9.604626e-02
 3.664354e-31   3.710451e-30   9.875764e-02
 3.034280e-31   3.488226e-30   8.698634e-02
 8.080839e-31   3.781217e-30   2.137100e-01
-4.110383e-31   4.158510e-30  -9.884267e-02
 6.388529e-31   3.604713e-30   1.772271e-01
 1.310550e-30   3.684885e-30   3.556556e-01
 2.684261e-31   3.885552e-30   6.908314e-02
-6.189748e-32   4.391849e-30  -1.409372e-02
 1.877405e-30   2.610503e-30   7.191737e-01
 4.030204e-31   3.186369e-30   1.264827e-01
 1.918893e-31   4.357648e-30   4.403506e-02
 1.503899e-31   3.717607e-30   4.045340e-02
 1.233499e-30   3.165455e-30   3.896750e-01
 1.280733e-30   2.993974e-30   4.277702e-01
 2.428906e-30   3.280189e-30   7.404776e-01
-4.913243e-31   3.640689e-30  -1.349537e-01
 1.317980e-30   3.297085e-30   3.997409e-01
 1.097743e-30   3.974647e-30   2.761863e-01
 3.385166e-31   3.517005e-30   9.625137e-02
-2.349437e-32   3.879238e-30  -6.056440e-03
 8.916525e-31   3.303110e-30   2.699434e-01
 6.246721e-31   3.663284e-30   1.705224e-01
 1.179523e-30   3.320101e-30   3.552673e-01
 1.417096e-30   4.720496e-30   3.002006e-01
 3.742875e-31   2.788061e-30   1.342465e-01
 2.542494e-31   3.879938e-30   6.552924e-02
 3.094703e-31   3.484326e-30   8.881784e-02
 1.925541e-31   3.175371e-30   6.063987e-02
 3.997806e-31   3.767240e-30   1.061203e-01
-2.784593e-31   2.530172e-30  -1.100555e-01
 2.686925e-31   3.004519e-30   8.942948e-02
 1.800848e-31   3.337792e-30   5.395327e-02
 5.795696e-31   3.456420e-30   1.676792e-01
 2.980943e-32   3.611453e-30   8.254137e-03
 3.913477e-31   3.454823e-30   1.132758e-01
-7.859069e-31   3.000075e-30  -2.619624e-01
 5.572770e-31   3.895166e-30   1.430689e-01
-1.027789e-30   3.854754e-30  -2.666289e-01
 1.648739e-30   4.325818e-30   3.811392e-01
 8.659521e-31   3.294236e-30   2.628689e-01
 1.409906e-30   2.728344e-30   5.167627e-01
 6.774619e-31   3.458136e-30   1.959038e-01
-9.099697e-31   4.017337e-30  -2.265107e-01
 6.215462e-31   3.221649e-30   1.929280e-01
 2.791346e-31   3.413192e-30   8.178111e-02
 1.642268e-30   3.208318e-30   5.118781e-01
 7.014416e-31   3.240546e-30   2.164578e-01
 2.095258e-30   3.472743e-30   6.033438e-01
 1.190744e-30   2.886517e-30   4.125193e-01
 9.053124e-31   3.477639e-30   2.603239e-01
 5.262062e-31   3.453787e-30   1.523563e-01
-1.560448e-31   3.626704e-30  -4.302661e-02
 5.362310e-31   3.393467e-30   1.580186e-01
-2.529007e-31   4.142306e-30  -6.105313e-02
 8.317726e-31   4.526632e-30   1.837509e-01
 2.854469e-31   3.258252e-30   8.760738e-02
 6.642421e-31   3.962016e-30   1.676525e-01
-1.981541e-31   3.708702e-30  -5.342949e-02
 1.533978e-30   3.282171e-30   4.673668e-01
 7.386126e-31   2.897788e-30   2.548884e-01
 4.918757e-31   3.985407e-30   1.234192e-01
 1.146638e-31   4.195732e-30   2.732867e-02
-3.471570e-31   3.595852e-30  -9.654375e-02
-7.213367e-32   3.688873e-30  -1.955439e-02
 8.390404e-31   5.165002e-30   1.624473e-01
 1.808848e-31   4.254206e-30   4.251906e-02
 2.575225e-31   3.876996e-30   6.642321e-02
 9.446158e-31   3.956499e-30   2.387504e-01
 1.324890e-30   4.220457e-30   3.139210e-01
 9.052360e-31   3.510876e-30   2.578376e-01
-4.295585e-31   3.208845e-30  -1.338670e-01
 4.341177e-32   4.238859e-30   1.024138e-02
 1.014904e-30   2.611297e-30   3.886591e-01
 4.151946e-31   4.022009e-30   1.032306e-01
 1.470030e-30   3.179174e-30   4.623937e-01
 3.352163e-31   3.596573e-30   9.320438e-02
 3.945897e-31   3.741957e-30   1.054501e-01
-8.772435e-31   4.011998e-30  -2.186550e-01
 9.625378e-31   3.289982e-30   2.925663e-01
-5.304206e-31   3.078897e-30  -1.722762e-01
 5.609891e-31   3.539213e-30   1.585067e-01
 2.644743e-31   3.724218e-30   7.101472e-02
 9.889491e-31   3.279194e-30   3.015830e-01
 1.228513e-31   4.958374e-30   2.477652e-02
 1.972721e-31   2.899183e-30   6.804401e-02
 2.264215e-31   3.595508e-30   6.297343e-02
 3.229916e-31   3.081826e-30   1.048053e-01
 1.192117e-30   4.007206e-30   2.974934e-01
 1.129876e-30   3.302852e-30   3.420910e-01
-4.170312e-31   3.126967e-30  -1.333661e-01
 4.427350e-31   3.194663e-30   1.385858e-01
 1.002043e-30   2.863991e-30   3.498763e-01
 1.659107e-30   3.568657e-30   4.649106e-01
 3.320349e-31   3.113237e-30   1.066526e-01
 2.290997e-31   3.526161e-30   6.497143e-02
 2.660704e-31   3.731212e-30   7.130937e-02
-2.095354e-31   4.501775e-30  -4.654507e-02
 2.315712e-30   3.142142e-30   7.369851e-01
 1.152550e-31   3.411708e-30   3.378222e-02
 2.558204e-31   3.441846e-30   7.432651e-02
 2.266552e-31   3.313480e-30   6.840396e-02
 1.672864e-31   3.104834e-30   5.387935e-02
 2.134523e-32   4.978174e-30   4.287764e-03
 9.503371e-31   3.412074e-30   2.785218e-01
 6.673851e-31   4.143358e-30   1.610735e-01
 1.058603e-30   3.599336e-30   2.941105e-01
 5.516877e-31   4.262806e-30   1.294189e-01
 1.029572e-30   3.493273e-30   2.947297e-01
 8.675873e-31   3.292341e-30   2.635168e-01
 6.719069e-31   3.571111e-30   1.881507e-01
-4.426847e-31   3.686153e-30  -1.200940e-01
 4.882951e-31   3.482510e-30   1.402135e-01
 1.298813e-30   2.863658e-30   4.535502e-01
 1.206467e-30   3.896049e-30   3.096643e-01
 3.238606e-31   3.343439e-30   9.686451e-02
 5.333570e-31   3.077569e-30   1.733047e-01
 2.263285e-30   4.864759e-30   4.652409e-01
-3.135773e-31   3.650461e-30  -8.590074e-02
 3.176880e-31   3.658025e-30   8.684686e-02
 2.123004e-31   3.970031e-30   5.347574e-02
 4.341506e-32   3.430809e-30   1.265446e-02
 2.332533e-31   3.309398e-30   7.048209e-02
 3.363256e-31   2.886405e-30   1.165206e-01
 1.464205e-31   3.280840e-30   4.462897e-02
-5.053402e-31   2.985906e-30  -1.692419e-01
 2.328338e-31   4.202692e-30   5.540111e-02
 7.885736e-31   2.928343e-30   2.692901e-01
 1.003187e-30   3.260077e-30   3.077188e-01
 3.023173e-31   3.476373e-30   8.696342e-02
 1.421400e-31   3.578172e-30   3.972420e-02
 2.507508e-31   3.784504e-30   6.625725e-02
 1.320744e-31   4.034415e-30   3.273693e-02
 1.334623e-30   2.817160e-30   4.737476e-01
 5.788674e-31   3.194367e-30   1.812151e-01
 1.075156e-30   4.547548e-30   2.364255e-01
 1.148911e-30   3.065729e-30   3.747595e-01
 3.637179e-31   3.835941e-30   9.481843e-02
-2.520608e-31   3.275030e-30  -7.696443e-02
 5.561978e-31   3.160844e-30   1.759650e-01
 4.933742e-31   3.419195e-30   1.442954e-01
-2.763860e-31   3.296024e-30  -8.385435e-02
-1.483820e-31   3.329997e-30  -4.455920e-02
 8.616203e-31   3.551942e-30   2.425773e-01
 4.783573e-31   3.488716e-30   1.371156e-01
 2.661839e-31   3.005196e-30   8.857456e-02
 4.232561e-31   3.214163e-30   1.316847e-01
 2.925557e-31   3.582666e-30   8.165866e-02
 1.930064e-30   2.853222e-30   6.764507e-01
 2.052586e-30   3.332898e-30   6.158562e-01
 1.575011e-31   3.716817e-30   4.237527e-02
 2.803810e-31   3.584687e-30   7.821632e-02
 3.488416e-31   3.047905e-30   1.144529e-01
 2.566754e-31   3.052029e-30   8.409991e-02
 1.622421e-31   2.789787e-30   5.815575e-02
 1.516614e-30   3.602289e-30   4.210140e-01
 3.499890e-31   2.725482e-30   1.284136e-01
 1.305155e-30   3.359103e-30   3.885428e-01
 2.613276e-31   4.062237e-30   6.433095e-02
 2.898473e-31   3.241655e-30   8.941336e-02
 1.347691e-30   3.121374e-30   4.317621e-01
 2.422275e-31   3.074560e-30   7.878446e-02
 3.503391e-31   3.358879e-30   1.043024e-01
 4.168393e-31   3.354178e-30   1.242746e-01
 1.210168e-30   3.530789e-30   3.427471e-01
 1.305461e-30   4.388780e-30   2.974542e-01
 8.692664e-31   3.543625e-30   2.453043e-01
 5.519999e-31   2.569631e-30   2.148168e-01
-6.582647e-31   3.187612e-30  -2.065071e-01
 7.496020e-31   3.220713e-30   2.327441e-01
 8.566529e-31   3.171701e-30   2.700926e-01
-3.201165e-31   4.168040e-30  -7.680266e-02
 2.061611e-31   4.075157e-30   5.058972e-02
 2.988108e-31   3.387676e-30   8.820525e-02
 3.705212e-31   3.657421e-30   1.013067e-01
 9.925233e-31   2.844675e-30   3.489056e-01
 1.601118e-30   3.660701e-30   4.373802e-01
 1.986238e-31   4.440586e-30   4.472919e-02
 4.096392e-31   3.609762e-30   1.134810e-01
 4.526908e-31   4.261031e-30   1.062398e-01
 5.762043e-31   3.975844e-30   1.449263e-01
 1.664207e-31   4.324366e-30   3.848442e-02
 2.258165e-31   4.136607e-30   5.458979e-02
 3.488177e-31   3.291880e-30   1.059631e-01
 2.853674e-31   3.303390e-30   8.638623e-02
 4.401638e-31   3.254757e-30   1.352370e-01
-3.341988e-31   2.722509e-30  -1.227540e-01
 3.826391e-31   3.548717e-30   1.078246e-01
 1.776318e-33   3.757330e-30   4.727608e-04
 4.531471e-31   4.240582e-30   1.068596e-01
 3.097415e-31   4.168668e-30   7.430227e-02
 4.002563e-31   3.697950e-30   1.082373e-01
 1.024160e-30   2.949839e-30   3.471920e-01
 6.275502e-31   3.605714e-30   1.740432e-01
 9.765061e-31   3.836488e-30   2.545313e-01
 2.625673e-31   3.855285e-30   6.810581e-02
-6.799470e-31   3.437772e-30  -1.977871e-01
 2.575204e-31   3.836003e-30   6.713248e-02
 3.475353e-31   3.095150e-30   1.122839e-01
 3.362733e-31   4.506957e-30   7.461205e-02
 8.109513e-31   3.783187e-30   2.143566e-01
-4.420247e-31   3.233614e-30  -1.366968e-01
 3.608971e-31   4.147572e-30   8.701406e-02
 6.964325e-31   3.161493e-30   2.202859e-01
 4.055431e-31   3.369902e-30   1.203427e-01
 5.069868e-31   3.574136e-30   1.418488e-01
 3.729878e-31   3.239850e-30   1.151250e-01
 7.456281e-31   3.844858e-30   1.939287e-01
-3.714608e-31   3.719747e-30  -9.986185e-02
 5.448876e-31   4.221531e-30   1.290735e-01
 9.417220e-31   3.675700e-30   2.562021e-01
 2.504932e-31   3.910769e-30   6.405216e-02
 2.459004e-31   4.342963e-30   5.662041e-02
 2.508843e-31   3.098029e-30   8.098193e-02
 1.987729e-30   3.588673e-30   5.538898e-01
 2.633597e-31   3.454791e-30   7.623028e-02
 8.043698e-32   3.374800e-30   2.383459e-02
 4.016273e-31   3.332694e-30   1.205113e-01
 3.035627e-31   3.298472e-30   9.203133e-02
 1.877949e-31   4.554662e-30   4.123136e-02
 2.029737e-31   4.010840e-30   5.060628e-02
 1.070955e-30   2.897636e-30   3.695959e-01
 8.447680e-31   3.532628e-30   2.391330e-01
 9.083768e-31   3.552014e-30   2.557357e-01
 3.079922e-31   3.383306e-30   9.103293e-02
-6.663389e-31   3.962082e-30  -1.681790e-01
-6.573506e-31   3.373725e-30  -1.948441e-01
 2.054112e-31   2.720152e-30   7.551459e-02
-1.363917e-31   3.145703e-30  -4.335811e-02
 1.309226e-30   3.287768e-30   3.982112e-01
 2.414857e-31   3.925291e-30   6.152046e-02
 7.862709e-31   3.657004e-30   2.150041e-01
 1.231303e-30   2.667337e-30   4.616225e-01
 3.560162e-31   3.251422e-30   1.094955e-01
 1.125235e-30   3.385247e-30   3.323938e-01
 3.666491e-31   2.897796e-30   1.265269e-01
 6.486554e-31   3.296267e-30   1.967848e-01
 2.806179e-31   3.290688e-30   8.527636e-02
 2.018432e-31   3.368608e-30   5.991887e-02
 9.921624e-31   3.825932e-30   2.593257e-01
 1.402477e-30   4.277951e-30   3.278384e-01
 1.439740e-30   3.927134e-30   3.666134e-01
 2.640748e-31   4.049450e-30   6.521251e-02
 3.900683e-31   3.559402e-30   1.095882e-01
 5.900389e-31   3.791466e-30   1.556229e-01
 3.871152e-31   3.911062e-30   9.897956e-02
 4.057935e-31   3.126247e-30   1.298021e-01
 4.104272e-31   3.545749e-30   1.157519e-01
 1.551593e-30   3.289602e-30   4.716659e-01
 3.101225e-31   2.859331e-30   1.084598e-01
 2.975965e-31   3.257806e-30   9.134876e-02
 1.596593e-31   4.277835e-30   3.732245e-02
 4.455943e-31   3.815357e-30   1.167897e-01
 1.259249e-30   3.108496e-30   4.050993e-01
-1.073547e-30   3.313119e-30  -3.240292e-01
 2.493700e-30   3.402522e-30   7.328974e-01
 3.705093e-31   3.657416e-30   1.013036e-01
 7.766809e-31   3.991161e-30   1.946002e-01
 2.894833e-31   3.969541e-30   7.292614e-02
-4.625639e-31   2.583112e-30  -1.790723e-01
-3.057704e-31   3.307952e-30  -9.243496e-02
 5.292262e-31   3.683673e-30   1.436681e-01
 8.391033e-31   3.396650e-30   2.470385e-01
 1.751859e-30   3.088617e-30   5.671986e-01
 1.355195e-30   3.464325e-30   3.911860e-01
 1.259262e-31   3.595189e-30   3.502632e-02
 2.473590e-31   4.704046e-30   5.258430e-02
 3.057037e-31   3.766219e-30   8.116992e-02
 1.600643e-31   4.800913e-30   3.334040e-02
 4.550786e-31   3.083705e-30   1.475753e-01
 4.912942e-31   3.411961e-30   1.439917e-01
 4.569285e-31   4.131004e-30   1.106096e-01
 7.278817e-31   3.129346e-30   2.325987e-01
 7.444874e-31   3.724913e-30   1.998671e-01
 3.130779e-31   3.344113e-30   9.362060e-02
 3.171013e-31   3.398468e-30   9.330715e-02
 2.118761e-31   3.410181e-30   6.213045e-02
 6.983190e-31   3.469015e-30   2.013018e-01
 1.559029e-30   3.290950e-30   4.737322e-01
 6.779562e-31   3.104094e-30   2.184071e-01
 2.136652e-31   3.826580e-30   5.583711e-02
 2.071559e-31   4.257300e-30   4.865897e-02
 5.827747e-31   3.487459e-30   1.671058e-01
 1.924745e-30   3.144412e-30   6.121160e-01
 2.358570e-30   3.644357e-30   6.471840e-01
 1.563819e-31   4.590948e-30   3.406310e-02
 2.071559e-31   4.257300e-30   4.865897e-02
 3.167389e-31   4.688777e-30   6.755256e-02
 3.220308e-31   3.587794e-30   8.975734e-02
 7.052054e-31   3.860285e-30   1.826822e-01
 2.421700e-31   4.221492e-30   5.736598e-02
 2.331908e-31   3.282477e-30   7.104113e-02
 7.349185e-31   3.234247e-30   2.272301e-01
 1.119028e-30   3.068480e-30   3.646847e-01
 7.032656e-31   3.698536e-30   1.901470e-01
 1.924745e-30   3.144412e-30   6.121160e-01
-8.905803e-31   3.231561e-30  -2.755883e-01
 9.405689e-31   3.585492e-30   2.623263e-01
 9.728219e-31   3.050955e-30   3.188582e-01
 6.135844e-31   3.331343e-30   1.841853e-01
 2.625780e-32   3.667395e-30   7.159797e-03
-2.324942e-31   3.665350e-30  -6.343030e-02
 1.000094e-31   3.475354e-30   2.877676e-02
 6.689646e-31   3.575193e-30   1.871129e-01
-1.681609e-31   3.531489e-30  -4.761755e-02
-3.732706e-31   3.898675e-30  -9.574294e-02
 1.784267e-30   3.209975e-30   5.558508e-01
 1.034017e-30   3.082225e-30   3.354773e-01
 2.770388e-31   3.717735e-30   7.451817e-02
 4.566740e-31   2.912777e-30   1.567830e-01
 1.165534e-30   3.359614e-30   3.469250e-01
 2.936129e-31   2.967874e-30   9.893035e-02
 3.010222e-31   3.219142e-30   9.351005e-02
 8.234672e-31   3.356338e-30   2.453469e-01
 3.110797e-31   3.444379e-30   9.031516e-02
-7.644128e-32   3.784350e-30  -2.019931e-02
-1.716908e-31   3.498048e-30  -4.908188e-02
 4.234601e-31   3.537348e-30   1.197112e-01
 7.595291e-31   3.022281e-30   2.513099e-01
 1.155025e-30   3.357469e-30   3.440166e-01
 4.464273e-31   3.536996e-30   1.262165e-01
 2.774913e-31   3.574370e-30   7.763363e-02
 5.628738e-31   3.298727e-30   1.706337e-01
 1.012011e-30   3.061940e-30   3.305130e-01
 2.868228e-31   3.543817e-30   8.093613e-02
 3.980748e-31   4.032162e-30   9.872492e-02
 4.677518e-31   3.170192e-30   1.475468e-01
 1.299066e-30   4.224065e-30   3.075392e-01
 9.009279e-31   3.983334e-30   2.261743e-01
 2.811209e-31   3.550875e-30   7.916946e-02
 2.545726e-31   3.708726e-30   6.864152e-02
-1.134326e-31   3.887645e-30  -2.917771e-02
 1.191159e-30   3.122170e-30   3.815164e-01
-5.781841e-31   4.199226e-30  -1.376882e-01
 8.064403e-32   3.233858e-30   2.493740e-02
 2.867205e-31   3.547894e-30   8.081427e-02
 6.051349e-31   3.004110e-30   2.014357e-01
 1.595762e-30   4.110419e-30   3.882237e-01
 4.392212e-32   4.345722e-30   1.010698e-02
 3.280619e-31   3.062463e-30   1.071235e-01
 4.519199e-31   2.715372e-30   1.664302e-01
 1.568343e-30   3.767580e-30   4.162734e-01
 1.742848e-30   3.344458e-30   5.211153e-01
 3.529162e-31   3.380519e-30   1.043970e-01
 3.326932e-31   3.179793e-30   1.046273e-01
 7.096836e-31   3.722027e-30   1.906712e-01
 2.314696e-31   4.285258e-30   5.401531e-02
 1.328817e-30   3.287206e-30   4.042392e-01
-4.702952e-31   3.636107e-30  -1.293403e-01
 1.229183e-31   4.302901e-30   2.856637e-02
-2.824580e-31   3.904417e-30  -7.234318e-02
 2.387230e-31   3.752528e-30   6.361659e-02
 1.396394e-30   3.876183e-30   3.602497e-01
 1.002282e-30   3.267689e-30   3.067251e-01
-8.715750e-32   3.214585e-30  -2.711314e-02
 1.567523e-30   2.870200e-30   5.461373e-01
 3.160346e-31   3.986554e-30   7.927514e-02
 5.160801e-31   3.783490e-30   1.364032e-01
-2.640835e-31   3.818417e-30  -6.916048e-02
 2.930392e-31   3.023453e-30   9.692203e-02
 7.428364e-31   2.997220e-30   2.478418e-01
 8.560719e-31   3.648762e-30   2.346198e-01
 6.372811e-31   2.994438e-30   2.128216e-01
 9.364558e-31   3.049175e-30   3.071178e-01
 7.656666e-31   4.119440e-30   1.858667e-01
 2.308238e-31   4.066864e-30   5.675719e-02
 1.395446e-30   3.487616e-30   4.001147e-01
 9.637755e-32   4.666001e-30   2.065528e-02
 4.769877e-31   4.172696e-30   1.143116e-01
 9.938638e-31   3.567251e-30   2.786078e-01
 3.536252e-31   3.117924e-30   1.134169e-01
 9.616077e-31   4.012849e-30   2.396322e-01
-1.593181e-31   4.307831e-30  -3.698336e-02
 4.856591e-32   3.198847e-30   1.518232e-02
 5.275948e-32   3.151442e-30   1.674138e-02
-4.553998e-31   3.695975e-30  -1.232151e-01
 3.695666e-31   3.562896e-30   1.037265e-01
 8.542461e-31   3.053644e-30   2.797464e-01
 1.170875e-31   3.379660e-30   3.464476e-02
 9.292669e-31   3.987239e-30   2.330602e-01
-1.370113e-32   4.365967e-30  -3.138167e-03
-2.457281e-32   3.636002e-30  -6.758193e-03
 6.998025e-31   3.235081e-30   2.163169e-01
 1.052411e-30   3.586828e-30   2.934099e-01
 1.760962e-30   4.034738e-30   4.364502e-01
 7.683720e-32   3.373667e-30   2.277558e-02
 1.605924e-30   2.701572e-30   5.944406e-01
 4.644854e-31   3.330157e-30   1.394785e-01
 2.012908e-32   3.676762e-30   5.474675e-03
 2.146110e-30   2.654371e-30   8.085194e-01
-7.913765e-32   3.474333e-30  -2.277780e-02
 8.984120e-31   3.591455e-30   2.501526e-01
 1.330727e-30   3.178953e-30   4.186055e-01
 1.230487e-30   3.539509e-30   3.476435e-01
-3.433143e-31   4.274607e-30  -8.031483e-02
 2.950509e-31   4.006399e-30   7.364490e-02
 1.719617e-31   3.544819e-30   4.851071e-02
 1.606046e-31   3.627133e-30   4.427867e-02
 6.440147e-31   3.667134e-30   1.756180e-01
 1.457383e-30   3.061258e-30   4.760734e-01
-1.300520e-31   3.616729e-30  -3.595845e-02
 1.329603e-30   3.454843e-30   3.848521e-01
 2.416443e-31   3.543520e-30   6.819330e-02
 8.410731e-31   4.056569e-30   2.073361e-01
 1.803345e-30   3.234767e-30   5.574884e-01
 1.209209e-30   3.648275e-30   3.314467e-01
-2.459579e-31   3.915338e-30  -6.281907e-02
 4.795420e-31   3.460135e-30   1.385905e-01
 3.360765e-31   3.488454e-30   9.633968e-02
 1.076636e-30   4.082320e-30   2.637315e-01
 2.598448e-30   3.042462e-30   8.540608e-01
 1.120212e-30   2.873860e-30   3.897937e-01
-1.815510e-31   3.437314e-30  -5.281769e-02
 2.622537e-31   3.637716e-30   7.209295e-02
 9.197966e-31   4.292550e-30   2.142774e-01
 1.565890e-30   2.876305e-30   5.444102e-01
 7.810945e-31   3.951545e-30   1.976681e-01
 4.465203e-31   3.546345e-30   1.259100e-01
 4.752582e-31   3.890483e-30   1.221592e-01
 7.640841e-31   3.339120e-30   2.288280e-01
 1.649898e-30   3.474240e-30   4.748947e-01
 2.612866e-31   3.519065e-30   7.424887e-02
 4.446382e-31   3.087914e-30   1.439931e-01
 3.308500e-31   3.549715e-30   9.320469e-02
 1.154667e-30   3.219752e-30   3.586198e-01
 8.042210e-31   3.641780e-30   2.208318e-01
 1.393957e-30   3.866363e-30   3.605344e-01
 5.732933e-31   3.883967e-30   1.476051e-01
 7.831899e-31   3.227166e-30   2.426866e-01
 1.684184e-30   3.090730e-30   5.449145e-01
-1.680125e-30   3.053326e-30  -5.502607e-01
 2.301060e-31   3.763833e-30   6.113607e-02
 3.363473e-31   3.169417e-30   1.061228e-01
 1.358985e-31   3.137376e-30   4.331597e-02
 1.133126e-30   2.573209e-30   4.403554e-01
 2.422550e-31   3.957462e-30   6.121473e-02
 1.997559e-30   3.561583e-30   5.608627e-01
 2.196245e-31   3.986263e-30   5.509534e-02
 1.814469e-31   3.053445e-30   5.942366e-02
 1.028025e-30   3.471840e-30   2.961038e-01
-1.250332e-32   3.954767e-30  -3.161583e-03
 4.061473e-31   4.241202e-30   9.576232e-02
 2.265130e-31   3.833743e-30   5.908403e-02
 1.287119e-30   4.222611e-30   3.048159e-01
 1.269522e-30   4.064220e-30   3.123655e-01
-1.312062e-31   4.426345e-30  -2.964211e-02
 2.453123e-31   3.284006e-30   7.469908e-02
 2.303236e-31   3.819495e-30   6.030210e-02
 3.364280e-31   2.889564e-30   1.164286e-01
 3.321487e-31   3.187576e-30   1.042010e-01
 2.687399e-31   2.705898e-30   9.931635e-02
 2.074916e-31   3.789546e-30   5.475367e-02
 8.234672e-31   3.526831e-30   2.334865e-01
 1.581003e-30   3.313600e-30   4.771255e-01
 3.408507e-31   2.690871e-30   1.266693e-01
 5.188971e-31   3.914035e-30   1.325735e-01
 4.241781e-31   3.592823e-30   1.180626e-01
 2.722075e-31   3.683587e-30   7.389739e-02
 6.319664e-31   3.988057e-30   1.584647e-01
 1.906734e-31   3.054244e-30   6.242901e-02
 6.599365e-31   3.538390e-30   1.865076e-01
 6.847752e-31   4.203780e-30   1.628951e-01
 3.131822e-31   3.090806e-30   1.013270e-01
 2.049960e-30   2.638420e-30   7.769650e-01
 3.821558e-31   3.735208e-30   1.023118e-01
 2.357034e-31   3.892696e-30   6.055017e-02
-8.619314e-31   3.745221e-30  -2.301416e-01
 8.412985e-32   3.460326e-30   2.431270e-02
 3.171570e-31   3.155373e-30   1.005133e-01
 3.474193e-31   3.881046e-30   8.951694e-02
 3.235936e-31   2.676900e-30   1.208837e-01
 2.598990e-31   3.805123e-30   6.830240e-02
 3.708449e-31   2.901087e-30   1.278296e-01
-2.478043e-31   3.991801e-30  -6.207833e-02
 3.959484e-31   3.420704e-30   1.157506e-01
 9.375638e-31   3.264944e-30   2.871608e-01
 4.733928e-31   3.670664e-30   1.289666e-01
 7.991312e-31   3.809318e-30   2.097833e-01
 1.227872e-31   3.380390e-30   3.632338e-02
 9.375611e-31   3.685729e-30   2.543760e-01
 1.106237e-30   3.114335e-30   3.552081e-01
 3.553158e-31   2.477210e-30   1.434338e-01
 1.254356e-30   2.891361e-30   4.338291e-01
 1.071981e-30   3.364362e-30   3.186285e-01
 1.846399e-31   3.048803e-30   6.056143e-02
