 2.645897e-31   2.289653e-30   1.155589e-01
 5.634562e-31   2.615746e-30   2.154093e-01
 6.191219e-31   2.050744e-30   3.019011e-01
 4.988385e-31   2.241784e-30   2.225186e-01
 1.077249e-30   2.525559e-30   4.265391e-01
 8.141069e-31   2.314016e-30   3.518156e-01
 5.898324e-31   2.254142e-30   2.616660e-01
 2.095763e-31   1.892546e-30   1.107378e-01
 2.118337e-31   1.923138e-30   1.101500e-01
 4.615261e-31   2.297865e-30   2.008500e-01
 6.357936e-31   2.415284e-30   2.632376e-01
 6.173853e-31   2.631706e-30   2.345951e-01
 4.034980e-31   1.975982e-30   2.042012e-01
 2.238644e-31   2.195340e-30   1.019725e-01
 4.259730e-31   2.355912e-30   1.808102e-01
-5.937140e-32   2.052056e-30  -2.893265e-02
 7.705975e-31   2.770293e-30   2.781647e-01
 6.158003e-31   2.550710e-30   2.414231e-01
 1.490267e-30   2.468045e-30   6.038249e-01
 8.079293e-31   2.366550e-30   3.413954e-01
 6.325285e-31   2.536736e-30   2.493474e-01
 3.797120e-31   2.039778e-30   1.861536e-01
 5.495604e-31   2.321321e-30   2.367447e-01
 5.951449e-31   2.426900e-30   2.452284e-01
 8.925620e-31   2.370250e-30   3.765687e-01
-1.121964e-31   1.783588e-30  -6.290490e-02
 2.921210e-31   1.941048e-30   1.504966e-01
 6.064600e-31   2.263999e-30   2.678711e-01
 1.411982e-30   2.205838e-30   6.401114e-01
 5.935390e-31   2.341422e-30   2.534951e-01
 8.072389e-31   2.566516e-30   3.145271e-01
 2.183578e-31   2.273974e-30   9.602479e-02
 7.714850e-31   2.772332e-30   2.782801e-01
 6.024434e-31   2.377435e-30   2.534006e-01
 4.310942e-31   2.394730e-30   1.800178e-01
 4.735724e-31   2.275480e-30   2.081197e-01
 1.012732e-30   2.474483e-30   4.092703e-01
 7.048769e-31   2.586410e-30   2.725310e-01
 6.406528e-31   2.709093e-30   2.364824e-01
 6.042074e-31   2.351608e-30   2.569337e-01
 3.357310e-31   2.355163e-30   1.425511e-01
 3.466212e-31   2.145348e-30   1.615688e-01
 4.934624e-31   2.469996e-30   1.997827e-01
 4.746219e-31   1.952543e-30   2.430789e-01
 9.839845e-31   2.449394e-30   4.017257e-01
 4.304267e-31   2.881690e-30   1.493660e-01
 6.533323e-31   2.631428e-30   2.482805e-01
 4.336058e-31   2.201741e-30   1.969377e-01
 1.180900e-30   2.412238e-30   4.895456e-01
 8.424835e-31   2.837224e-30   2.969394e-01
 1.245022e-30   2.432999e-30   5.117231e-01
 6.206234e-31   2.297892e-30   2.700838e-01
 4.683161e-31   2.048626e-30   2.286001e-01
 6.059995e-31   2.156264e-30   2.810415e-01
 1.228780e-30   2.541473e-30   4.834912e-01
 3.696876e-31   2.479755e-30   1.490823e-01
 2.385024e-31   1.711310e-30   1.393683e-01
 4.986912e-31   3.455571e-30   1.443151e-01
 5.619539e-31   2.469418e-30   2.275653e-01
 1.165662e-31   2.321721e-30   5.020679e-02
 5.906686e-31   2.494198e-30   2.368170e-01
 1.666585e-30   2.289091e-30   7.280556e-01
 6.661833e-31   2.588240e-30   2.573885e-01
 5.041757e-31   2.616388e-30   1.926992e-01
 7.993890e-31   2.321979e-30   3.442705e-01
 8.882975e-31   2.759390e-30   3.219180e-01
 4.257150e-31   2.124832e-30   2.003523e-01
 1.145859e-30   2.608288e-30   4.393148e-01
 9.418362e-31   1.797731e-30   5.239028e-01
 3.714533e-32   2.272311e-30   1.634694e-02
 9.793056e-31   2.449140e-30   3.998569e-01
 4.154879e-31   1.923967e-30   2.159537e-01
 7.476967e-31   1.895580e-30   3.944421e-01
 5.480548e-31   2.343031e-30   2.339085e-01
 7.042025e-31   2.287980e-30   3.077835e-01
 9.277032e-31   2.212228e-30   4.193524e-01
 9.344366e-31   1.949494e-30   4.793227e-01
 3.193359e-31   2.327733e-30   1.371875e-01
 7.329547e-31   2.317211e-30   3.163090e-01
 6.919105e-31   2.651661e-30   2.609347e-01
 4.797989e-31   2.485605e-30   1.930311e-01
 3.555201e-31   2.534483e-30   1.402733e-01
 5.646422e-31   2.391556e-30   2.360982e-01
 8.150880e-31   3.071566e-30   2.653656e-01
 7.942768e-31   2.604134e-30   3.050062e-01
 1.590844e-31   2.324748e-30   6.843081e-02
 8.643088e-31   2.225932e-30   3.882907e-01
 6.165404e-31   2.245271e-30   2.745951e-01
 1.262478e-30   2.065856e-30   6.111160e-01
 9.526221e-31   2.012216e-30   4.734193e-01
 6.172079e-31   2.309126e-30   2.672907e-01
 4.822829e-31   2.183504e-30   2.208757e-01
 8.421431e-31   2.231129e-30   3.774516e-01
 7.448614e-31   2.860326e-30   2.604113e-01
 1.654210e-30   2.518643e-30   6.567861e-01
 5.755318e-31   2.059424e-30   2.794625e-01
 4.727678e-31   2.466770e-30   1.916546e-01
 1.232521e-30   2.212726e-30   5.570147e-01
 5.063873e-31   2.088206e-30   2.424988e-01
 9.378804e-31   3.340777e-30   2.807372e-01
 2.747106e-31   2.101710e-30   1.307081e-01
 5.410443e-31   2.413901e-30   2.241369e-01
 2.164768e-31   2.440591e-30   8.869852e-02
 3.562236e-31   2.136626e-30   1.667225e-01
 2.358898e-31   2.087051e-30   1.130254e-01
 2.954905e-31   1.809613e-30   1.632894e-01
 5.742964e-31   2.338248e-30   2.456097e-01
 4.944011e-31   2.261437e-30   2.186225e-01
 4.496040e-31   2.065823e-30   2.176392e-01
 7.778355e-31   2.290620e-30   3.395741e-01
 5.197151e-31   2.309369e-30   2.250464e-01
 5.535229e-31   2.794635e-30   1.980663e-01
 7.158574e-31   2.008956e-30   3.563330e-01
 8.057141e-31   2.365447e-30   3.406181e-01
 4.139731e-31   2.221212e-30   1.863726e-01
 6.205978e-31   2.277510e-30   2.724896e-01
 7.251203e-31   2.634206e-30   2.752710e-01
 4.173658e-31   2.249198e-30   1.855620e-01
 1.158302e-30   2.406838e-30   4.812544e-01
 2.642557e-31   2.239187e-30   1.180141e-01
 5.974819e-31   2.431859e-30   2.456894e-01
 5.275660e-31   2.252023e-30   2.342632e-01
-5.874502e-32   1.996191e-30  -2.942856e-02
 1.164674e-30   2.506734e-30   4.646180e-01
 4.824935e-31   2.396276e-30   2.013514e-01
 6.432484e-31   2.515853e-30   2.556780e-01
 2.183578e-31   2.273974e-30   9.602479e-02
 4.834088e-31   1.839936e-30   2.627314e-01
 9.496583e-31   2.242452e-30   4.234910e-01
 2.338090e-31   2.026798e-30   1.153589e-01
 8.201540e-31   2.537755e-30   3.231810e-01
 5.903440e-31   2.393117e-30   2.466841e-01
 9.818034e-32   2.342523e-30   4.191222e-02
 1.749043e-30   2.316040e-30   7.551869e-01
 4.990918e-31   3.241866e-30   1.539520e-01
 1.297616e-30   2.368006e-30   5.479784e-01
 2.889814e-31   2.074573e-30   1.392968e-01
 7.040773e-31   2.572028e-30   2.737440e-01
 4.437781e-31   2.682724e-30   1.654207e-01
 1.709560e-30   2.505379e-30   6.823559e-01
 1.115896e-31   2.044164e-30   5.458934e-02
 1.743089e-30   2.848610e-30   6.119086e-01
 8.531830e-31   2.816124e-30   3.029636e-01
 1.453759e-30   2.203170e-30   6.598485e-01
 8.964105e-31   2.416498e-30   3.709543e-01
 7.703759e-31   2.266917e-30   3.398341e-01
 5.504221e-31   2.551944e-30   2.156874e-01
 3.769300e-31   2.063684e-30   1.826491e-01
 4.380022e-31   2.568096e-30   1.705552e-01
 2.618538e-31   1.997158e-30   1.311132e-01
 5.607886e-31   2.308689e-30   2.429035e-01
 6.956003e-31   2.504065e-30   2.777884e-01
 4.482243e-31   2.262139e-30   1.981418e-01
 3.579700e-31   1.915507e-30   1.868800e-01
 9.731041e-31   2.273199e-30   4.280769e-01
 1.055987e-30   1.965148e-30   5.373575e-01
 4.981299e-31   2.377559e-30   2.095131e-01
 1.057105e-30   2.659566e-30   3.974728e-01
 4.803317e-31   2.119057e-30   2.266724e-01
 3.621013e-31   1.980231e-30   1.828581e-01
 4.466722e-31   2.300960e-30   1.941243e-01
 9.596549e-31   2.106778e-30   4.555083e-01
 2.982470e-31   2.220425e-30   1.343197e-01
 6.164440e-31   2.446547e-30   2.519649e-01
 1.741494e-31   2.130515e-30   8.174049e-02
 6.102965e-31   2.397893e-30   2.545137e-01
 1.105829e-30   2.767536e-30   3.995716e-01
 5.873882e-31   2.329711e-30   2.521292e-01
 6.800883e-31   1.799157e-30   3.780040e-01
 8.543346e-31   1.838607e-30   4.646640e-01
 3.927675e-31   2.118429e-30   1.854050e-01
 8.498159e-31   2.202663e-30   3.858129e-01
 4.842010e-31   2.394455e-30   2.022177e-01
 3.190061e-31   2.000399e-30   1.594712e-01
 1.310137e-31   1.923382e-30   6.811635e-02
 8.301451e-33   2.287074e-30   3.629726e-03
 7.147844e-31   2.577679e-30   2.772976e-01
 4.445859e-31   2.054245e-30   2.164230e-01
 6.051224e-31   2.449051e-30   2.470844e-01
 4.344611e-31   2.714873e-30   1.600300e-01
 8.335573e-31   2.749209e-30   3.031989e-01
 5.974167e-31   2.532537e-30   2.358965e-01
 6.696008e-31   2.336588e-30   2.865720e-01
 6.698241e-31   2.801226e-30   2.391182e-01
 5.948998e-31   1.700499e-30   3.498385e-01
 4.038589e-31   2.168066e-30   1.862761e-01
 4.721493e-31   2.135153e-30   2.211314e-01
 1.295835e-31   1.837211e-30   7.053269e-02
 4.417608e-31   2.047330e-30   2.157741e-01
 4.089152e-31   2.233181e-30   1.831088e-01
 1.415661e-30   2.314435e-30   6.116659e-01
 5.582100e-31   2.537282e-30   2.200032e-01
 1.755871e-31   1.637031e-30   1.072595e-01
 6.127989e-31   2.526611e-30   2.425379e-01
 6.311366e-31   2.685030e-30   2.350575e-01
 5.160112e-31   2.225865e-30   2.318250e-01
 8.566542e-31   2.091387e-30   4.096105e-01
 1.040676e-31   1.754963e-30   5.929902e-02
 5.399952e-31   2.375266e-30   2.273410e-01
 6.783605e-31   2.657240e-30   2.552876e-01
 5.273931e-31   2.215759e-30   2.380191e-01
 4.805923e-31   2.225149e-30   2.159820e-01
 4.733982e-31   2.272004e-30   2.083615e-01
 4.437779e-31   2.682724e-30   1.654207e-01
-5.968174e-31   2.051343e-30  -2.909399e-01
 6.871065e-31   2.636068e-30   2.606558e-01
 5.003499e-31   2.366447e-30   2.114351e-01
 6.628856e-31   2.336533e-30   2.837048e-01
 5.923770e-31   2.370816e-30   2.498621e-01
 9.670616e-31   2.360979e-30   4.096019e-01
 6.502417e-31   2.531868e-30   2.568229e-01
 4.168347e-31   2.482651e-30   1.678990e-01
 1.287776e-30   2.442833e-30   5.271651e-01
 1.234287e-30   2.294608e-30   5.379074e-01
 8.722409e-31   2.104617e-30   4.144416e-01
 2.240625e-31   2.080192e-30   1.077124e-01
 1.331186e-31   2.145049e-30   6.205854e-02
 1.102314e-30   2.802774e-30   3.932939e-01
 1.198108e-30   2.294476e-30   5.221706e-01
 8.769144e-32   2.050431e-30   4.276731e-02
 6.225746e-31   2.412520e-30   2.580599e-01
 5.040374e-31   2.177353e-30   2.314909e-01
 5.175177e-31   2.421632e-30   2.137061e-01
 5.470031e-31   2.116933e-30   2.583941e-01
 5.911900e-31   2.410071e-30   2.452998e-01
 6.679576e-31   2.538035e-30   2.631790e-01
 5.988122e-31   2.345787e-30   2.552714e-01
 1.426432e-30   2.339078e-30   6.098266e-01
 5.723914e-31   2.153688e-30   2.657726e-01
 5.455753e-31   2.270319e-30   2.403078e-01
 5.930513e-31   2.301597e-30   2.576695e-01
 1.445989e-30   2.763496e-30   5.232464e-01
 4.507166e-31   2.064353e-30   2.183331e-01
 3.956057e-31   2.370900e-30   1.668589e-01
 1.517695e-31   2.002357e-30   7.579541e-02
 4.768862e-31   2.225364e-30   2.142958e-01
 5.652204e-31   2.411863e-30   2.343502e-01
 7.615938e-31   2.781731e-30   2.737841e-01
 1.323221e-30   2.139401e-30   6.185008e-01
 4.689354e-31   2.270851e-30   2.065021e-01
 4.425056e-31   2.371862e-30   1.865646e-01
 3.826870e-31   2.151167e-30   1.778974e-01
 5.559149e-31   2.310383e-30   2.406159e-01
 5.472968e-31   2.569126e-30   2.130284e-01
 8.507081e-31   2.431638e-30   3.498498e-01
 3.396757e-31   1.975919e-30   1.719077e-01
 4.358769e-31   2.216632e-30   1.966393e-01
 1.059577e-30   2.500782e-30   4.236981e-01
 8.126024e-31   2.144076e-30   3.789990e-01
 3.922116e-31   2.309815e-30   1.698022e-01
 5.853946e-31   2.657941e-30   2.202436e-01
 6.008307e-31   2.391010e-30   2.512874e-01
 7.082044e-31   2.721317e-30   2.602433e-01
 8.999595e-31   1.775781e-30   5.067964e-01
 9.000174e-31   2.176334e-30   4.135474e-01
 9.389864e-31   3.283393e-30   2.859805e-01
 3.556895e-31   2.145284e-30   1.658006e-01
 4.017731e-31   1.980210e-30   2.028942e-01
 3.748667e-31   1.939368e-30   1.932932e-01
 2.465862e-31   2.338323e-30   1.054543e-01
 7.391667e-31   2.584062e-30   2.860483e-01
 7.980048e-31   2.353849e-30   3.390212e-01
 6.848044e-31   2.260155e-30   3.029900e-01
 8.681415e-31   1.718918e-30   5.050511e-01
 5.665794e-31   2.253634e-30   2.514071e-01
 1.103624e-30   2.696757e-30   4.092412e-01
 1.173246e-30   2.474632e-30   4.741094e-01
 7.254387e-31   2.662272e-30   2.724885e-01
 1.220483e-30   2.116816e-30   5.765656e-01
 2.841922e-31   2.004991e-30   1.417424e-01
 7.332955e-31   2.289349e-30   3.203074e-01
 1.307298e-30   2.190328e-30   5.968505e-01
 5.612399e-31   2.572693e-30   2.181527e-01
 6.515705e-31   2.433751e-30   2.677227e-01
 6.403665e-31   2.199241e-30   2.911762e-01
 5.534003e-31   2.260344e-30   2.448301e-01
 6.802957e-31   2.291380e-30   2.968934e-01
 7.472515e-31   2.216456e-30   3.371380e-01
 3.144227e-31   2.108308e-30   1.491351e-01
 1.049188e-31   2.825186e-30   3.713695e-02
 1.514319e-30   2.749699e-30   5.507217e-01
 2.894216e-31   2.076336e-30   1.393905e-01
 6.055402e-31   2.403112e-30   2.519817e-01
 6.107031e-31   2.399358e-30   2.545277e-01
 6.810435e-31   2.174960e-30   3.131292e-01
 1.049845e-30   2.364659e-30   4.439732e-01
 7.623574e-31   2.186859e-30   3.486084e-01
 7.760939e-31   2.253790e-30   3.443507e-01
 5.560708e-31   2.055919e-30   2.704731e-01
 8.048419e-31   2.652253e-30   3.034559e-01
 6.086153e-31   2.396538e-30   2.539561e-01
 6.696774e-31   2.514299e-30   2.663476e-01
 3.603480e-31   2.480413e-30   1.452774e-01
 6.878142e-31   2.047234e-30   3.359724e-01
 5.797946e-31   2.589609e-30   2.238927e-01
 2.458826e-31   1.904153e-30   1.291296e-01
 5.882311e-31   2.326889e-30   2.527973e-01
 8.466978e-31   2.160069e-30   3.919771e-01
 4.524721e-31   2.304266e-30   1.963628e-01
 9.057540e-31   2.232798e-30   4.056587e-01
 4.896261e-31   2.158182e-30   2.268697e-01
 2.739652e-31   2.007118e-30   1.364968e-01
 3.698123e-31   2.567853e-30   1.440161e-01
 3.982256e-31   1.963926e-30   2.027701e-01
 3.670625e-31   2.203040e-30   1.666164e-01
 8.837030e-31   2.970512e-30   2.974918e-01
 1.554493e-31   2.284122e-30   6.805649e-02
 1.255465e-30   2.374556e-30   5.287157e-01
 1.061636e-30   1.885343e-30   5.630998e-01
 4.816362e-31   2.167384e-30   2.222201e-01
 2.870700e-31   2.156805e-30   1.330996e-01
 4.506193e-31   2.184034e-30   2.063243e-01
 1.543929e-33   2.243204e-30   6.882697e-04
 4.702032e-31   2.115168e-30   2.223007e-01
 4.213771e-31   2.449441e-30   1.720299e-01
 1.005540e-30   2.239726e-30   4.489566e-01
 8.475796e-31   3.013058e-30   2.813021e-01
 8.486422e-31   1.868271e-30   4.542394e-01
 1.122760e-30   1.936710e-30   5.797256e-01
 1.221607e-30   2.114134e-30   5.778284e-01
 6.939173e-31   2.495629e-30   2.780531e-01
 3.640306e-31   2.164255e-30   1.682014e-01
 6.217722e-31   2.375400e-30   2.617547e-01
 5.350345e-31   2.459338e-30   2.175522e-01
 4.943762e-31   2.265794e-30   2.181911e-01
 4.975807e-31   2.256362e-30   2.205234e-01
 5.174658e-31   2.382332e-30   2.172097e-01
 4.343136e-31   2.380395e-30   1.824544e-01
 8.550239e-31   1.838549e-30   4.650535e-01
 7.467697e-31   2.518253e-30   2.965427e-01
 1.190533e-30   2.727165e-30   4.365460e-01
 6.623350e-31   2.487556e-30   2.662593e-01
 9.835322e-31   3.031694e-30   3.244167e-01
 9.273871e-31   2.186418e-30   4.241581e-01
 1.866565e-31   2.085544e-30   8.950016e-02
 1.465231e-30   2.834612e-30   5.169073e-01
 6.965637e-31   2.493817e-30   2.793163e-01
 1.888056e-31   1.915089e-30   9.858841e-02
 5.918210e-31   2.345249e-30   2.523489e-01
 9.924387e-33   2.376505e-30   4.176043e-03
 1.660804e-31   2.408471e-30   6.895678e-02
 7.674015e-32   2.088494e-30   3.674425e-02
 7.978229e-31   1.964661e-30   4.060868e-01
 2.931070e-31   2.035207e-30   1.440183e-01
 8.445111e-31   2.150957e-30   3.926210e-01
 7.407993e-31   2.660663e-30   2.784266e-01
 1.156732e-30   3.020659e-30   3.829403e-01
 4.694867e-31   2.136965e-30   2.196979e-01
 6.680915e-31   2.625854e-30   2.544282e-01
 1.345754e-30   2.018656e-30   6.666586e-01
 5.381885e-31   2.230611e-30   2.412741e-01
 1.023893e-30   2.667450e-30   3.838472e-01
 7.496574e-31   2.459656e-30   3.047814e-01
 9.846968e-31   2.537218e-30   3.881010e-01
 3.825688e-31   2.370062e-30   1.614172e-01
 1.474295e-30   2.155807e-30   6.838717e-01
 4.315172e-31   2.303409e-30   1.873386e-01
 4.985674e-31   2.443676e-30   2.040235e-01
 1.164419e-31   1.949171e-30   5.973921e-02
 1.409491e-30   2.177843e-30   6.471959e-01
 1.097640e-30   2.676446e-30   4.101109e-01
 7.159554e-31   2.905933e-30   2.463771e-01
 1.004149e-31   1.944184e-30   5.164885e-02
 5.755076e-31   2.478616e-30   2.321891e-01
 5.858644e-31   2.126293e-30   2.755332e-01
 5.541304e-31   2.429441e-30   2.280896e-01
 3.672450e-31   2.294805e-30   1.600332e-01
 1.069875e-30   1.944231e-30   5.502816e-01
 5.348432e-31   2.145132e-30   2.493289e-01
 1.736449e-30   2.560413e-30   6.781912e-01
 1.177428e-30   2.828515e-30   4.162707e-01
 3.940404e-31   2.374769e-30   1.659278e-01
 3.951134e-31   2.230248e-30   1.771612e-01
 1.368750e-30   2.325216e-30   5.886549e-01
 5.853206e-31   2.402045e-30   2.436760e-01
 5.553242e-31   2.341059e-30   2.372107e-01
 5.295113e-31   2.533748e-30   2.089834e-01
 6.512663e-31   2.477424e-30   2.628804e-01
 7.080416e-31   2.757081e-30   2.568084e-01
 3.244558e-31   2.113055e-30   1.535482e-01
 6.929005e-31   2.569793e-30   2.696328e-01
 7.783549e-31   2.550796e-30   3.051420e-01
 7.130362e-31   2.444551e-30   2.916839e-01
-2.310089e-31   2.150857e-30  -1.074032e-01
 6.269973e-31   2.573287e-30   2.436562e-01
 6.039101e-31   2.371174e-30   2.546882e-01
 5.636101e-31   2.373644e-30   2.374451e-01
 3.686059e-31   2.297266e-30   1.604542e-01
 7.562114e-31   2.487864e-30   3.039601e-01
 8.625297e-31   2.363078e-30   3.650026e-01
 9.369196e-31   2.744136e-30   3.414261e-01
 7.369280e-31   2.627873e-30   2.804275e-01
 5.982984e-31   2.951568e-30   2.027053e-01
 4.363230e-31   2.008475e-30   2.172410e-01
 6.048830e-31   2.375601e-30   2.546232e-01
 3.950667e-31   1.979909e-30   1.995379e-01
 9.633558e-31   3.267691e-30   2.948124e-01
 5.961026e-31   2.370704e-30   2.514454e-01
 6.019923e-31   2.475903e-30   2.431405e-01
 4.437300e-31   2.378344e-30   1.865710e-01
 1.748280e-30   2.083300e-30   8.391878e-01
 6.802900e-31   2.269075e-30   2.998094e-01
 1.130972e-30   2.546580e-30   4.441142e-01
 2.070054e-31   2.455896e-30   8.428915e-02
 4.178139e-31   2.011809e-30   2.076807e-01
 7.156972e-31   2.522680e-30   2.837052e-01
 3.556895e-31   2.145284e-30   1.658006e-01
 3.269614e-31   2.569355e-30   1.272543e-01
 8.284709e-31   2.341385e-30   3.538380e-01
 1.308820e-30   2.543673e-30   5.145394e-01
 4.053286e-31   2.185813e-30   1.854360e-01
 4.398214e-31   2.069051e-30   2.125715e-01
 1.298792e-30   2.353184e-30   5.519297e-01
 3.553407e-31   1.945069e-30   1.826879e-01
 4.276472e-31   2.461215e-30   1.737545e-01
 1.140290e-30   2.066062e-30   5.519147e-01
 4.633577e-31   2.208009e-30   2.098532e-01
 7.073998e-31   2.210298e-30   3.200473e-01
 6.498272e-31   1.933741e-30   3.360466e-01
 5.161037e-31   2.770783e-30   1.862664e-01
 3.387398e-31   2.043828e-30   1.657379e-01
 6.214455e-31   2.457187e-30   2.529093e-01
 1.445249e-30   2.406065e-30   6.006689e-01
 6.697695e-31   2.469193e-30   2.712503e-01
 2.508807e-31   1.967482e-30   1.275136e-01
 7.135619e-31   2.756123e-30   2.589006e-01
 6.018766e-31   2.017564e-30   2.983184e-01
 7.270269e-31   2.522923e-30   2.881685e-01
 7.471248e-31   2.726884e-30   2.739848e-01
 3.074198e-31   2.105538e-30   1.460054e-01
 7.096717e-31   3.147849e-30   2.254466e-01
 1.365291e-30   2.561507e-30   5.330031e-01
 5.039044e-31   2.559717e-30   1.968594e-01
 7.868939e-31   2.249568e-30   3.497978e-01
 5.209709e-31   1.898859e-30   2.743599e-01
 1.125546e-30   2.522840e-30   4.461426e-01
 3.517701e-31   1.980376e-30   1.776279e-01
 3.445652e-31   2.221713e-30   1.550899e-01
 9.392930e-31   2.425027e-30   3.873330e-01
 4.859329e-31   2.126464e-30   2.285169e-01
 1.287708e-30   2.151556e-30   5.985010e-01
 2.676681e-31   1.854263e-30   1.443528e-01
 8.767121e-31   2.975744e-30   2.946195e-01
 6.072045e-31   2.349456e-30   2.584448e-01
 2.148511e-31   1.922966e-30   1.117290e-01
 7.175037e-31   2.721725e-30   2.636209e-01
 9.542576e-31   2.565973e-30   3.718892e-01
 9.560372e-31   3.101597e-30   3.082404e-01
 1.309559e-30   2.806160e-30   4.666730e-01
 1.275355e-31   2.217297e-30   5.751847e-02
 5.054499e-31   2.217263e-30   2.279612e-01
 5.885246e-31   2.225589e-30   2.644355e-01
 6.204701e-31   2.547612e-30   2.435496e-01
 2.080615e-31   2.338585e-30   8.896895e-02
 1.177428e-30   2.828515e-30   4.162707e-01
 5.251438e-31   2.767947e-30   1.897232e-01
 1.223010e-30   2.245815e-30   5.445729e-01
 4.755424e-31   2.257690e-30   2.106322e-01
 5.994677e-31   2.420149e-30   2.476987e-01
 5.652977e-31   2.274995e-30   2.484830e-01
 3.796495e-31   1.947407e-30   1.949513e-01
 4.684723e-31   2.230580e-30   2.100226e-01
 6.850031e-31   2.534883e-30   2.702306e-01
 5.569380e-31   2.549051e-30   2.184883e-01
 4.529796e-31   2.381079e-30   1.902413e-01
 7.901810e-31   2.259823e-30   3.496651e-01
 1.601185e-31   1.851123e-30   8.649801e-02
 8.462701e-31   2.917698e-30   2.900471e-01
 5.108579e-31   2.337357e-30   2.185622e-01
 7.218565e-31   2.622031e-30   2.753043e-01
 1.493918e-30   2.684929e-30   5.564089e-01
 4.577495e-31   2.032894e-30   2.251713e-01
 2.470185e-31   1.973324e-30   1.251789e-01
 8.320422e-31   2.853871e-30   2.915486e-01
 5.393153e-31   2.174664e-30   2.479994e-01
 7.407113e-31   2.672389e-30   2.771720e-01
 2.579378e-31   2.190959e-30   1.177282e-01
 8.268134e-31   2.304329e-30   3.588088e-01
 1.047948e-30   2.378462e-30   4.405990e-01
 6.555209e-31   2.048159e-30   3.200537e-01
 1.202785e-30   2.676829e-30   4.493318e-01
 4.314409e-31   2.205092e-30   1.956567e-01
 3.278338e-31   2.130350e-30   1.538873e-01
 9.634055e-31   2.634813e-30   3.656447e-01
 3.114026e-30   2.418280e-30   1.287703e+00
 5.212839e-31   2.355890e-30   2.212683e-01
 1.413864e-30   2.382143e-30   5.935261e-01
 7.297973e-31   2.665805e-30   2.737625e-01
 2.420479e-31   1.723518e-30   1.404383e-01
 8.162234e-31   2.214645e-30   3.685572e-01
 4.577061e-31   2.074309e-30   2.206547e-01
-1.121964e-31   1.783588e-30  -6.290490e-02
 5.546274e-31   2.390405e-30   2.320224e-01
 3.805673e-31   1.942373e-30   1.959290e-01
 7.265951e-31   2.058537e-30   3.529667e-01
 6.464808e-31   2.695876e-30   2.398036e-01
 5.429210e-31   2.336134e-30   2.324015e-01
 3.438462e-31   2.011289e-30   1.709581e-01
 4.957878e-31   2.453131e-30   2.021041e-01
 3.497453e-31   2.200567e-30   1.589342e-01
 7.096504e-31   2.606488e-30   2.722631e-01
 8.551403e-31   2.252706e-30   3.796059e-01
 4.658092e-31   2.160222e-30   2.156303e-01
 5.459606e-31   2.247923e-30   2.428733e-01
 1.762787e-30   2.427483e-30   7.261787e-01
 8.599505e-31   2.705186e-30   3.178896e-01
 1.148001e-30   2.719261e-30   4.221739e-01
 2.010245e-31   2.371438e-30   8.476903e-02
 3.345816e-31   1.875565e-30   1.783898e-01
 6.057098e-31   2.628884e-30   2.304057e-01
 4.147251e-31   2.209541e-30   1.876974e-01
 1.063677e-30   2.707037e-30   3.929302e-01
 5.288258e-31   2.108330e-30   2.508268e-01
 1.171858e-30   2.494671e-30   4.697447e-01
 4.963204e-31   2.157129e-30   2.300838e-01
 4.935553e-31   2.142065e-30   2.304110e-01
 5.559733e-31   2.440565e-30   2.278051e-01
 6.106409e-31   2.300935e-30   2.653882e-01
 9.477434e-31   2.520141e-30   3.760677e-01
 9.018547e-31   2.749824e-30   3.279681e-01
 6.233259e-31   2.378749e-30   2.620394e-01
 5.886835e-31   2.390975e-30   2.462106e-01
 7.274004e-31   2.561926e-30   2.839272e-01
 8.095350e-31   2.876143e-30   2.814655e-01
 7.027235e-31   1.693923e-30   4.148497e-01
 5.006883e-31   2.097883e-30   2.386636e-01
 8.247487e-31   2.869006e-30   2.874685e-01
 4.368759e-31   2.431829e-30   1.796491e-01
 2.969786e-31   2.084456e-30   1.424730e-01
 4.745204e-31   1.952577e-30   2.430227e-01
 6.425742e-31   2.149381e-30   2.989577e-01
 3.001369e-31   2.390739e-30   1.255415e-01
 1.967186e-31   2.162960e-30   9.094877e-02
 6.006402e-31   2.637440e-30   2.277361e-01
 9.911179e-31   2.329401e-30   4.254819e-01
 1.168317e-30   2.539004e-30   4.601479e-01
 1.390700e-31   2.160045e-30   6.438292e-02
 6.505140e-31   2.417140e-30   2.691255e-01
 3.449631e-31   2.161792e-30   1.595728e-01
 1.063179e-30   3.122026e-30   3.405413e-01
 3.780638e-31   1.840665e-30   2.053952e-01
 6.922026e-31   2.556598e-30   2.707514e-01
 6.122564e-31   2.297270e-30   2.665148e-01
 2.385079e-31   2.090923e-30   1.140683e-01
 7.110328e-31   2.485648e-30   2.860553e-01
-2.785083e-31   1.644310e-30  -1.693770e-01
 3.002072e-31   1.967034e-30   1.526193e-01
 4.757297e-31   2.189832e-30   2.172448e-01
 2.926943e-31   2.288657e-30   1.278891e-01
 5.262490e-31   2.367676e-30   2.222639e-01
 7.685867e-31   2.280284e-30   3.370574e-01
 5.122694e-31   1.998073e-30   2.563817e-01
 7.681947e-31   2.574514e-30   2.983843e-01
 1.109216e-30   2.532770e-30   4.379457e-01
 1.075757e-30   2.807243e-30   3.832076e-01
 8.881818e-31   2.179537e-30   4.075093e-01
 1.631088e-31   1.785033e-30   9.137576e-02
-1.103297e-31   2.227457e-30  -4.953169e-02
 7.475146e-31   2.624760e-30   2.847935e-01
 4.311320e-31   2.117170e-30   2.036360e-01
 5.344611e-31   2.250868e-30   2.374467e-01
 2.638902e-31   2.083008e-30   1.266871e-01
-1.193253e-31   2.104964e-30  -5.668754e-02
 6.641715e-31   2.297605e-30   2.890712e-01
 1.912155e-30   1.951800e-30   9.796877e-01
 4.567220e-31   2.273820e-30   2.008611e-01
 1.281067e-30   2.244015e-30   5.708818e-01
 8.595326e-31   2.395474e-30   3.588152e-01
 1.424427e-30   2.240560e-30   6.357459e-01
 3.916709e-31   2.718046e-30   1.441002e-01
 6.870414e-31   2.959206e-30   2.321708e-01
 3.393257e-31   2.138386e-30   1.586831e-01
 5.210999e-31   2.594646e-30   2.008366e-01
 3.646647e-31   2.431696e-30   1.499631e-01
 2.939599e-31   2.154513e-30   1.364391e-01
-1.191841e-31   1.882886e-30  -6.329865e-02
 7.212137e-31   2.622075e-30   2.750545e-01
 9.830350e-31   2.772917e-30   3.545129e-01
 2.504015e-31   2.358852e-30   1.061540e-01
 9.152088e-31   2.425641e-30   3.773060e-01
 8.958685e-31   3.377508e-30   2.652454e-01
 7.661467e-31   2.801676e-30   2.734601e-01
 6.963094e-31   2.554531e-30   2.725782e-01
 7.165385e-31   2.613420e-30   2.741765e-01
 7.652446e-31   2.791975e-30   2.740873e-01
 1.344184e-31   2.276432e-30   5.904784e-02
 1.335067e-31   2.109079e-30   6.330095e-02
 5.718368e-31   2.791078e-30   2.048803e-01
 1.269842e-30   1.742538e-30   7.287312e-01
 7.190159e-31   2.645805e-30   2.717570e-01
 2.853117e-31   2.064497e-30   1.381992e-01
 5.632476e-31   2.372061e-30   2.374507e-01
 6.760499e-31   2.463721e-30   2.744020e-01
 3.113950e-31   2.631138e-30   1.183499e-01
 8.875294e-31   2.176392e-30   4.077986e-01
 4.275932e-32   2.023737e-30   2.112889e-02
 3.874989e-31   2.331355e-30   1.662119e-01
 6.535058e-31   2.454491e-30   2.662490e-01
 6.559024e-31   2.186216e-30   3.000172e-01
 9.564295e-31   3.265382e-30   2.928997e-01
 9.805346e-31   1.947037e-30   5.036034e-01
 5.728438e-31   2.369335e-30   2.417740e-01
 4.258541e-31   2.031446e-30   2.096310e-01
 4.786863e-31   2.616595e-30   1.829424e-01
 5.739902e-31   2.178573e-30   2.634707e-01
 1.064293e-31   2.066412e-30   5.150441e-02
 1.405456e-30   2.119536e-30   6.630960e-01
 1.205734e-30   1.883695e-30   6.400900e-01
 1.692489e-31   2.333326e-30   7.253546e-02
 4.590239e-31   2.052288e-30   2.236644e-01
 5.479148e-31   2.322758e-30   2.358897e-01
 1.187255e-30   2.469421e-30   4.807827e-01
 4.442236e-31   2.927447e-30   1.517443e-01
 1.741682e-30   2.082834e-30   8.362077e-01
 3.783615e-31   2.228585e-30   1.697766e-01
 5.347590e-31   2.264801e-30   2.361174e-01
 7.508911e-31   2.188585e-30   3.430943e-01
 8.892940e-31   2.054782e-30   4.327924e-01
 2.388134e-30   3.321561e-30   7.189795e-01
 2.439864e-31   2.254109e-30   1.082407e-01
 9.786118e-31   2.761781e-30   3.543408e-01
 7.470697e-31   2.373080e-30   3.148102e-01
 1.206423e-30   2.818705e-30   4.280062e-01
 1.005719e-30   2.289265e-30   4.393197e-01
 8.746721e-31   2.183668e-30   4.005518e-01
 5.526776e-31   2.348497e-30   2.353324e-01
 1.946916e-31   2.412221e-30   8.071052e-02
-1.915428e-31   2.250937e-30  -8.509468e-02
 1.954394e-31   1.869348e-30   1.045495e-01
 1.433610e-30   2.549141e-30   5.623895e-01
 6.235737e-31   2.201027e-30   2.833103e-01
 8.201269e-31   2.025944e-30   4.048122e-01
 2.099776e-30   3.216348e-30   6.528448e-01
 4.201630e-31   2.399759e-30   1.750855e-01
 5.997287e-31   2.411912e-30   2.486528e-01
 7.011966e-31   2.614511e-30   2.681941e-01
 6.562780e-31   2.257467e-30   2.907144e-01
 9.126178e-31   2.185099e-30   4.176551e-01
 3.775461e-31   1.903477e-30   1.983456e-01
 8.560689e-31   2.168346e-30   3.948028e-01
 4.948237e-32   1.955613e-30   2.530274e-02
 7.887353e-31   2.769815e-30   2.847610e-01
-1.791344e-31   1.902803e-30  -9.414237e-02
 2.925345e-31   2.118244e-30   1.381024e-01
 5.722842e-31   2.291796e-30   2.497100e-01
 4.854216e-31   2.349988e-30   2.065634e-01
 6.629945e-31   2.491894e-30   2.660605e-01
 4.746272e-31   2.651771e-30   1.789850e-01
 8.549409e-31   1.838552e-30   4.650077e-01
 5.662947e-31   2.112237e-30   2.681019e-01
 7.792084e-31   2.971973e-30   2.621856e-01
-2.430646e-31   1.980581e-30  -1.227239e-01
 1.127828e-30   2.548348e-30   4.425721e-01
-5.339413e-33   2.132645e-30  -2.503658e-03
 3.253342e-31   2.070377e-30   1.571377e-01
 7.218763e-31   2.253276e-30   3.203675e-01
 1.003387e-31   2.160311e-30   4.644639e-02
 2.800358e-31   2.187862e-30   1.279952e-01
 1.503321e-30   2.345939e-30   6.408183e-01
 3.922116e-31   2.309815e-30   1.698022e-01
 6.763178e-31   1.987283e-30   3.403228e-01
 1.441208e-30   2.133559e-30   6.754947e-01
 1.255465e-30   2.374556e-30   5.287157e-01
 2.489650e-31   1.845725e-30   1.348874e-01
 2.125103e-31   2.158722e-30   9.844263e-02
 9.973614e-31   2.459603e-30   4.054969e-01
 6.897010e-31   2.362806e-30   2.918991e-01
 4.244082e-31   2.009838e-30   2.111654e-01
 5.530155e-31   2.013660e-30   2.746321e-01
 1.242750e-31   1.833432e-30   6.778270e-02
 8.128974e-31   2.355085e-30   3.451668e-01
 1.256778e-31   1.789505e-30   7.023047e-02
 4.564049e-31   2.214506e-30   2.060979e-01
 7.929917e-31   2.696041e-30   2.941319e-01
 4.767238e-31   2.136511e-30   2.231319e-01
 2.378249e-31   2.031849e-30   1.170485e-01
 3.875801e-31   2.025459e-30   1.913542e-01
 5.815679e-31   2.212990e-30   2.627973e-01
 5.044257e-31   2.207068e-30   2.285502e-01
 2.918582e-31   2.344537e-30   1.244843e-01
 8.990060e-31   2.883348e-30   3.117924e-01
 1.018230e-30   2.368511e-30   4.299029e-01
 2.407197e-31   1.695700e-30   1.419589e-01
 1.280085e-31   2.083974e-30   6.142517e-02
 1.965665e-30   2.134530e-30   9.208888e-01
 6.002749e-31   2.079830e-30   2.886172e-01
 2.868276e-31   2.715863e-30   1.056119e-01
 9.752656e-31   2.686731e-30   3.629934e-01
 6.988053e-31   2.238725e-30   3.121443e-01
 6.429177e-31   2.410710e-30   2.666923e-01
 4.260374e-31   1.865966e-30   2.283200e-01
 5.646438e-31   2.391555e-30   2.360990e-01
 1.371504e-30   2.933688e-30   4.675017e-01
 1.322608e-30   2.395564e-30   5.521073e-01
 9.722663e-31   2.809132e-30   3.461092e-01
 1.400808e-30   2.629663e-30   5.326950e-01
 7.734632e-31   2.845358e-30   2.718333e-01
 7.615763e-31   2.725354e-30   2.794413e-01
 1.345926e-30   2.187908e-30   6.151656e-01
 5.810551e-31   2.178675e-30   2.667011e-01
 8.294617e-31   2.140550e-30   3.874993e-01
-6.707015e-32   1.779152e-30  -3.769782e-02
 5.775199e-31   2.359206e-30   2.447941e-01
 8.870399e-31   2.472813e-30   3.587169e-01
 5.891132e-31   2.763938e-30   2.131427e-01
 7.911091e-31   2.768025e-30   2.858028e-01
 7.189209e-31   2.444533e-30   2.940934e-01
 4.117513e-31   1.948083e-30   2.113622e-01
 5.110474e-31   2.362579e-30   2.163091e-01
 5.240357e-31   2.513625e-30   2.084781e-01
 8.875045e-31   2.540515e-30   3.493405e-01
 4.272958e-31   2.253071e-30   1.896503e-01
 6.786376e-31   2.527724e-30   2.684777e-01
 7.438262e-31   2.049826e-30   3.628728e-01
 8.837030e-31   2.970512e-30   2.974918e-01
 6.251279e-31   2.487687e-30   2.512888e-01
 2.196771e-31   2.118724e-30   1.036837e-01
 9.271132e-31   2.729054e-30   3.397196e-01
 3.456756e-31   2.057647e-30   1.679956e-01
 4.031221e-31   2.224475e-30   1.812212e-01
 5.280156e-31   2.345984e-30   2.250721e-01
 4.985739e-31   2.136039e-30   2.334105e-01
 7.251099e-31   2.524214e-30   2.872617e-01
 4.609013e-31   2.430602e-30   1.896243e-01
 7.193767e-31   2.774506e-30   2.592810e-01
 1.184937e-30   2.411738e-30   4.913209e-01
 7.007107e-31   2.576848e-30   2.719255e-01
 8.924716e-31   2.859436e-30   3.121145e-01
 3.536601e-31   2.046973e-30   1.727723e-01
 3.908988e-31   2.332128e-30   1.676146e-01
 5.562176e-31   2.274291e-30   2.445674e-01
 4.097891e-31   2.224182e-30   1.842426e-01
 7.594620e-31   2.192200e-30   3.464382e-01
 5.222165e-31   2.174857e-30   2.401154e-01
 8.633956e-31   2.999897e-30   2.878084e-01
 7.132543e-31   2.641347e-30   2.700343e-01
 3.154168e-32   1.883281e-30   1.674826e-02
 6.137284e-31   2.325358e-30   2.639286e-01
 4.651954e-31   2.323446e-30   2.002179e-01
 5.373731e-31   2.229874e-30   2.409881e-01
 2.910707e-31   2.595841e-30   1.121296e-01
 7.815331e-32   2.218459e-30   3.522865e-02
 2.023408e-31   1.792577e-30   1.128771e-01
 4.542829e-31   2.072910e-30   2.191522e-01
 1.623959e-30   2.169661e-30   7.484851e-01
 8.164287e-31   2.588715e-30   3.153799e-01
 5.410443e-31   2.413901e-30   2.241369e-01
 1.269462e-31   1.742744e-30   7.284273e-02
 6.583961e-31   2.144679e-30   3.069904e-01
 1.149162e-30   2.240870e-30   5.128197e-01
 3.633526e-31   1.911995e-30   1.900385e-01
 6.419256e-31   2.172542e-30   2.954721e-01
 4.928043e-31   2.169222e-30   2.271802e-01
 4.904667e-31   2.216261e-30   2.213036e-01
 1.251419e-31   2.481186e-30   5.043631e-02
 5.536539e-31   2.789810e-30   1.984558e-01
 1.456596e-30   2.584014e-30   5.636949e-01
 2.745284e-31   2.634646e-30   1.041994e-01
 6.784497e-31   2.346311e-30   2.891559e-01
 1.580841e-30   2.513765e-30   6.288740e-01
 7.211176e-31   2.571416e-30   2.804361e-01
-1.905069e-31   2.022929e-30  -9.417376e-02
 5.786321e-31   2.331938e-30   2.481336e-01
 3.456626e-31   2.148878e-30   1.608573e-01
 3.349057e-31   1.884842e-30   1.776837e-01
 6.182562e-31   2.144106e-30   2.883516e-01
 7.698604e-31   2.816653e-30   2.733245e-01
 6.289238e-31   2.511381e-30   2.504295e-01
 3.054182e-31   2.022177e-30   1.510344e-01
 2.292757e-31   2.164001e-30   1.059499e-01
 1.005540e-30   2.239726e-30   4.489566e-01
 6.429413e-31   2.410704e-30   2.667027e-01
 8.015756e-31   2.634868e-30   3.042185e-01
 1.288779e-30   2.620413e-30   4.918230e-01
-2.922948e-31   1.690545e-30  -1.728997e-01
 1.125235e-31   2.160615e-30   5.207938e-02
 5.936696e-31   2.424504e-30   2.448623e-01
 6.261540e-31   2.242323e-30   2.792434e-01
 4.292221e-31   2.030800e-30   2.113562e-01
 1.174946e-30   2.280756e-30   5.151564e-01
 6.138655e-31   2.371461e-30   2.588554e-01
 1.117034e-30   3.093722e-30   3.610649e-01
 6.482020e-31   2.481164e-30   2.612492e-01
 4.986885e-31   3.118151e-30   1.599308e-01
 3.686096e-31   2.040742e-30   1.806253e-01
 6.680971e-31   2.253335e-30   2.964926e-01
 8.764513e-31   2.714469e-30   3.228813e-01
 3.507971e-31   2.040589e-30   1.719097e-01
 8.127198e-31   2.443913e-30   3.325486e-01
 6.090722e-31   2.205579e-30   2.761507e-01
 5.629262e-31   2.240568e-30   2.512426e-01
 4.982444e-31   2.245391e-30   2.218965e-01
 1.614776e-31   2.254411e-30   7.162741e-02
 4.113199e-31   2.143731e-30   1.918710e-01
 2.639683e-31   2.027775e-30   1.301763e-01
 6.724761e-31   2.521283e-30   2.667198e-01
 8.162190e-31   2.799388e-30   2.915706e-01
 7.230470e-31   2.309240e-30   3.131104e-01
 9.755662e-31   2.086956e-30   4.674589e-01
 5.034462e-31   2.387621e-30   2.108569e-01
 8.841710e-31   3.022792e-30   2.925014e-01
 8.162190e-31   2.799388e-30   2.915706e-01
 1.117966e-30   3.084881e-30   3.624018e-01
 7.089760e-31   2.357530e-30   3.007283e-01
 7.238158e-31   2.548178e-30   2.840523e-01
 8.392498e-31   2.780058e-30   3.018821e-01
 4.900090e-31   2.164296e-30   2.264057e-01
 5.403588e-31   2.135208e-30   2.530708e-01
 2.841922e-31   2.004991e-30   1.417424e-01
 5.452140e-31   2.424438e-30   2.248827e-01
 9.755662e-31   2.086956e-30   4.674589e-01
-4.393378e-32   2.115706e-30  -2.076555e-02
 6.799016e-31   2.365320e-30   2.874459e-01
 1.893619e-31   1.988915e-30   9.520864e-02
 7.146701e-31   2.204181e-30   3.242338e-01
 9.027902e-31   2.418361e-30   3.733066e-01
 3.907377e-31   2.406617e-30   1.623598e-01
 4.115944e-31   2.290213e-30   1.797189e-01
 1.069940e-30   2.334682e-30   4.582807e-01
 2.856882e-31   2.313867e-30   1.234678e-01
 4.429962e-31   2.566005e-30   1.726404e-01
 4.232882e-31   2.103937e-30   2.011886e-01
 3.221360e-31   2.013183e-30   1.600133e-01
 6.313909e-31   2.448672e-30   2.578504e-01
 1.274951e-31   1.907484e-30   6.683940e-02
 4.269149e-31   2.193220e-30   1.946521e-01
 3.210141e-31   1.952257e-30   1.644323e-01
 4.749427e-31   2.122118e-30   2.238059e-01
 2.738577e-31   2.188583e-30   1.251301e-01
 5.542677e-31   2.269752e-30   2.441975e-01
 8.890094e-31   2.478851e-30   3.586377e-01
 2.568818e-31   2.311068e-30   1.111529e-01
 5.944276e-31   2.327804e-30   2.553599e-01
-2.711003e-32   1.955385e-30  -1.386429e-02
 4.519747e-31   2.200249e-30   2.054198e-01
 1.084626e-30   2.343220e-30   4.628782e-01
 6.289248e-31   2.357231e-30   2.668066e-01
 4.138899e-31   2.163304e-30   1.913230e-01
 2.328839e-31   1.995109e-30   1.167274e-01
 5.906049e-31   2.335530e-30   2.528783e-01
 1.225350e-30   2.668796e-30   4.591395e-01
 7.987196e-31   2.100668e-30   3.802217e-01
 5.347204e-31   2.748427e-30   1.945551e-01
 7.012699e-31   2.605722e-30   2.691269e-01
 5.901999e-31   2.339894e-30   2.522336e-01
 6.527131e-31   2.437841e-30   2.677422e-01
 5.163998e-31   2.559108e-30   2.017890e-01
 1.302803e-30   2.077010e-30   6.272491e-01
 4.362728e-31   2.752396e-30   1.585066e-01
 3.571392e-31   2.144290e-30   1.665536e-01
 5.926034e-31   2.338264e-30   2.534373e-01
 1.577130e-30   2.005933e-30   7.862324e-01
 4.571046e-31   2.724458e-30   1.677782e-01
 1.015090e-30   2.869062e-30   3.538054e-01
 4.297312e-31   2.019120e-30   2.128309e-01
 9.432193e-31   1.797944e-30   5.246099e-01
 1.064002e-30   2.466873e-30   4.313162e-01
 1.186174e-30   2.242235e-30   5.290144e-01
 5.756834e-31   2.228769e-30   2.582966e-01
 1.222864e-30   2.114443e-30   5.783388e-01
 2.044762e-30   2.459213e-30   8.314702e-01
 7.742274e-31   2.819116e-30   2.746348e-01
 1.734863e-31   2.152774e-30   8.058732e-02
 2.854913e-31   2.387280e-30   1.195885e-01
 7.600813e-31   2.832181e-30   2.683731e-01
 3.756162e-31   2.553985e-30   1.470707e-01
 6.697908e-31   2.469200e-30   2.712583e-01
 5.522397e-31   2.532994e-30   2.180185e-01
 6.641612e-31   2.164436e-30   3.068519e-01
 8.797945e-31   2.125779e-30   4.138692e-01
 9.092794e-31   1.856441e-30   4.897971e-01
 8.838220e-31   2.629851e-30   3.360730e-01
 6.519440e-31   2.498506e-30   2.609335e-01
 3.875123e-31   2.510708e-30   1.543439e-01
 4.264220e-31   1.991949e-30   2.140728e-01
 3.875649e-31   1.970291e-30   1.967045e-01
 5.102750e-31   2.392201e-30   2.133077e-01
 9.343152e-31   1.990210e-30   4.694556e-01
 2.383954e-31   2.007919e-30   1.187276e-01
 1.730353e-30   2.720375e-30   6.360713e-01
 7.328051e-31   2.680991e-30   2.733337e-01
 3.019860e-31   2.267248e-30   1.331950e-01
 7.866949e-31   3.076793e-30   2.556866e-01
 6.972879e-31   2.737659e-30   2.547022e-01
 1.347763e-30   2.365312e-30   5.698035e-01
 4.590694e-31   2.053060e-30   2.236026e-01
 7.839993e-31   2.635678e-30   2.974564e-01
 7.341734e-31   2.836353e-30   2.588441e-01
 1.320669e-30   2.123155e-30   6.220312e-01
 2.541591e-31   2.078345e-30   1.222892e-01
 7.045819e-31   2.429971e-30   2.899549e-01
 1.507326e-30   2.363843e-30   6.376592e-01
 2.172093e-31   1.991150e-30   1.090874e-01
 8.816746e-31   2.233483e-30   3.947532e-01
 6.462529e-31   2.610709e-30   2.475392e-01
 7.530180e-31   2.867348e-30   2.626182e-01
 7.143363e-31   2.394511e-30   2.983224e-01
 1.633921e-31   2.145246e-30   7.616474e-02
 4.669546e-31   2.343681e-30   1.992398e-01
 3.181334e-31   2.604909e-30   1.221284e-01
 4.249995e-31   2.220096e-30   1.914329e-01
 7.033015e-32   1.758046e-30   4.000474e-02
 6.336472e-31   2.199606e-30   2.880731e-01
 6.663590e-31   2.439586e-30   2.731442e-01
 6.832330e-31   1.737622e-30   3.932000e-01
 7.765456e-31   2.290630e-30   3.390096e-01
 4.590757e-31   2.345733e-30   1.957067e-01
 1.083584e-30   2.096023e-30   5.169715e-01
 6.125218e-31   2.314679e-30   2.646249e-01
 4.459305e-31   2.808797e-30   1.587621e-01
 9.238304e-31   2.649199e-30   3.487206e-01
 1.601066e-30   2.355574e-30   6.796925e-01
 5.579818e-31   2.391913e-30   2.332785e-01
 4.629831e-31   2.435838e-30   1.900714e-01
 3.019802e-31   1.996280e-30   1.512715e-01
 3.303027e-31   2.369959e-30   1.393706e-01
 3.512980e-31   2.250523e-30   1.560962e-01
 7.779091e-31   2.341214e-30   3.322674e-01
 5.791316e-31   2.650026e-30   2.185381e-01
 2.071978e-31   2.150384e-30   9.635388e-02
 1.389387e-30   2.393196e-30   5.805571e-01
 7.918963e-31   2.564774e-30   3.087587e-01
 5.822006e-31   2.279835e-30   2.553696e-01
 6.219495e-31   2.298708e-30   2.705648e-01
 7.883508e-31   2.693148e-30   2.927247e-01
 5.274529e-31   1.989254e-30   2.651511e-01
 2.006721e-31   1.877636e-30   1.068749e-01
 5.185785e-31   2.279034e-30   2.275431e-01
 6.446182e-31   2.402069e-30   2.683596e-01
 9.678191e-31   2.843647e-30   3.403443e-01
 9.121738e-31   1.860443e-30   4.902993e-01
 6.077579e-31   2.591254e-30   2.345420e-01
 5.814328e-31   2.330202e-30   2.495204e-01
 5.686508e-31   2.567741e-30   2.214595e-01
 5.485690e-31   2.205015e-30   2.487824e-01
 9.244127e-31   2.301965e-30   4.015754e-01
 2.144657e-31   2.293874e-30   9.349501e-02
 4.026100e-31   2.041306e-30   1.972316e-01
 6.368181e-31   2.337903e-30   2.723886e-01
 4.150594e-31   2.108068e-30   1.968909e-01
 1.300451e-30   2.394487e-30   5.431023e-01
 9.987500e-31   2.531571e-30   3.945179e-01
 7.548896e-31   2.561762e-30   2.946759e-01
 9.145735e-31   2.158378e-30   4.237319e-01
 7.482819e-31   2.015613e-30   3.712429e-01
 4.911908e-32   2.003268e-30   2.451947e-02
 6.684339e-31   2.503906e-30   2.669565e-01
 4.113813e-31   2.089159e-30   1.969124e-01
 3.484139e-31   2.068019e-30   1.684771e-01
 9.571718e-31   1.717870e-30   5.571854e-01
 8.653185e-31   2.613944e-30   3.310394e-01
 1.157775e-30   2.332915e-30   4.962783e-01
 8.111448e-31   2.628559e-30   3.085892e-01
 2.820714e-31   2.019510e-30   1.396732e-01
 3.627562e-31   2.270875e-30   1.597429e-01
 3.552804e-31   2.601417e-30   1.365719e-01
 8.561185e-31   2.791525e-30   3.066849e-01
 9.874221e-31   2.532092e-30   3.899630e-01
 7.196415e-31   2.796259e-30   2.573587e-01
 7.562341e-31   2.660334e-30   2.842628e-01
 6.487522e-31   2.910650e-30   2.228891e-01
 1.289252e-30   2.182948e-30   5.906012e-01
 7.755048e-31   2.512263e-30   3.086877e-01
 4.074688e-31   1.905892e-30   2.137943e-01
 4.934398e-31   2.101780e-30   2.347723e-01
 1.316654e-31   1.776002e-30   7.413584e-02
 1.474425e-30   2.511109e-30   5.871608e-01
 5.167209e-31   2.311303e-30   2.235626e-01
 1.247889e-30   2.210951e-30   5.644128e-01
 5.690584e-31   1.775750e-30   3.204608e-01
 4.660689e-31   2.558245e-30   1.821831e-01
 8.079293e-31   2.366550e-30   3.413954e-01
 6.339408e-31   2.427411e-30   2.611592e-01
 1.402377e-30   2.622428e-30   5.347627e-01
-5.606938e-31   1.961092e-30  -2.859089e-01
 1.037293e-30   2.342674e-30   4.427816e-01
 7.622472e-31   2.764315e-30   2.757454e-01
 4.535239e-31   2.037878e-30   2.225471e-01
 1.887671e-30   1.756529e-30   1.074660e+00
 6.161755e-31   2.455173e-30   2.509703e-01
 6.915350e-31   2.564698e-30   2.696361e-01
 1.380659e-31   2.452728e-30   5.629076e-02
 1.234287e-30   2.294608e-30   5.379074e-01
 4.588890e-31   2.079962e-30   2.206238e-01
 1.254420e-30   2.561823e-30   4.896590e-01
 8.617467e-31   1.776975e-30   4.849516e-01
 6.768377e-31   2.506765e-30   2.700045e-01
 3.902704e-31   1.913117e-30   2.039971e-01
 5.041757e-31   2.616388e-30   1.926992e-01
 6.215699e-31   2.256095e-30   2.755069e-01
 4.050983e-31   2.137547e-30   1.895155e-01
 1.333677e-30   2.430556e-30   5.487128e-01
 1.503548e-30   2.544608e-30   5.908759e-01
 4.357738e-31   2.224548e-30   1.958932e-01
 4.275662e-31   2.461270e-30   1.737177e-01
 4.081490e-31   2.042446e-30   1.998335e-01
-4.564058e-32   1.615919e-30  -2.824435e-02
 4.983016e-31   1.892486e-30   2.633053e-01
 1.220178e-31   2.177868e-30   5.602628e-02
 3.601008e-31   2.026024e-30   1.777377e-01
